0 0.626126 0.734234 0.0315315 0.027027 0.00129047
0 0.634009 0.622748 0.0337838 0.0247748 0.00240885
1 0.897523 0.204955 0.0698198 0.036036 0.0025283
1 0.626126 0.994369 0.0315315 0.0112613 0.00260005
0 0.636261 0.613739 0.0337838 0.0292793 0.00402731
0 0.636261 0.600225 0.0337838 0.0247748 0.00651431
3 0.878378 0.467342 0.036036 0.0608108 0.00697195
0 0.636261 0.585586 0.0292793 0.027027 0.01115
3 0.893018 0.471847 0.0157658 0.0247748 0.0167185
0 0.647523 0.546171 0.0382883 0.0247748 0.0798659
1 0.621622 0.996622 0.027027 0.00675676 0.0962471
0 0.640766 0.56982 0.0337838 0.0225225 0.100452
0 0.64527 0.556306 0.0337838 0.027027 0.700567
3 0.891892 0.462838 0.0135135 0.0292793 0.787884
2 0.86036 0.452703 0.027027 0.0315315 0.868849
