2 0.515766 0.00225225 0.0405405 0.0045045 0.00101366
2 0.47973 0.00225225 0.0405405 0.0045045 0.00105345
0 0.611486 0.753378 0.0337838 0.0292793 0.00149143
3 0.57545 0.432432 0.0427928 0.018018 0.00171797
3 0.581081 0.440315 0.027027 0.0202703 0.00195431
2 0.322072 0.00225225 0.036036 0.0045045 0.00225011
0 0.612613 0.780405 0.0315315 0.0247748 0.00266142
1 0.615991 0.996622 0.0292793 0.00675676 0.0987045
3 0.586712 0.46509 0.0337838 0.0247748 0.436424
0 0.611486 0.765766 0.0292793 0.0225225 0.725329
3 0.581081 0.429054 0.0315315 0.0112613 0.778022
2 0.586712 0.46509 0.0337838 0.0247748 0.863086
