0 0.612613 0.894144 0.036036 0.0315315 0.00100786
2 0.728604 0.738739 0.0292793 0.027027 0.00100935
1 0.60473 0.995495 0.0337838 0.00900901 0.00111867
2 0.47973 0.00225225 0.045045 0.0045045 0.00114671
0 0.613739 0.868243 0.0337838 0.0292793 0.00132338
0 0.614865 0.851351 0.0315315 0.027027 0.00375246
0 0.618243 0.824324 0.0337838 0.0225225 0.00507552
0 0.615991 0.835586 0.0337838 0.027027 0.00757584
0 0.620495 0.795045 0.0337838 0.027027 0.0115035
1 0.611486 0.996622 0.0292793 0.00675676 0.0511149
0 0.623874 0.804054 0.036036 0.027027 0.096253
3 0.747748 0.771396 0.036036 0.0337838 0.272499
3 0.736486 0.752252 0.036036 0.036036 0.441833
0 0.618243 0.811937 0.0337838 0.0247748 0.696129
3 0.756757 0.777027 0.0225225 0.0225225 0.807614
2 0.734234 0.752252 0.036036 0.036036 0.863855
