1 0.60473 0.995495 0.0337838 0.00900901 0.0010831
2 0.516892 0.00225225 0.0472973 0.0045045 0.00112951
3 0.75 0.774775 0.0225225 0.027027 0.00289707
0 0.619369 0.781532 0.036036 0.027027 0.00338914
0 0.613739 0.881757 0.0337838 0.0292793 0.00416238
0 0.612613 0.868243 0.0315315 0.0247748 0.00707979
0 0.614865 0.851351 0.0315315 0.027027 0.0116378
3 0.724099 0.75 0.0382883 0.036036 0.0251093
0 0.614865 0.837838 0.0315315 0.027027 0.0316502
1 0.61036 0.996622 0.0315315 0.00675676 0.0484243
0 0.615991 0.822072 0.0292793 0.027027 0.0930805
0 0.619369 0.791667 0.0315315 0.0247748 0.200791
3 0.734234 0.76464 0.0315315 0.0337838 0.358036
0 0.618243 0.80518 0.0337838 0.0292793 0.609129
3 0.742117 0.772523 0.0247748 0.0225225 0.805571
2 0.722973 0.748874 0.036036 0.0337838 0.866753
