0 0.627252 0.896396 0.0382883 0.0315315 0.00103016
0 0.622748 0.993243 0.0292793 0.0135135 0.0021861
0 0.641892 0.786036 0.036036 0.027027 0.00262276
0 0.628378 0.882883 0.036036 0.0315315 0.00380345
0 0.632883 0.843468 0.036036 0.0427928 0.00581453
0 0.630631 0.868243 0.036036 0.0292793 0.00777236
0 0.635135 0.820946 0.0315315 0.0292793 0.0213719
1 0.621622 0.995495 0.027027 0.00900901 0.0595614
3 0.789414 0.790541 0.0382883 0.036036 0.12801
3 0.796171 0.80518 0.0382883 0.0337838 0.271213
0 0.638514 0.802928 0.0337838 0.0292793 0.683884
2 0.788288 0.788288 0.036036 0.036036 0.780609
3 0.807432 0.818694 0.0292793 0.0247748 0.832439
