2 0.403153 0.00225225 0.045045 0.0045045 0.00103221
3 0.686937 0.699324 0.027027 0.0247748 0.00112133
2 0.518018 0.00225225 0.045045 0.0045045 0.00125576
0 0.606982 0.845721 0.0337838 0.0292793 0.00192399
0 0.606982 0.810811 0.0337838 0.0315315 0.00266371
0 0.606982 0.746622 0.0337838 0.0292793 0.00564918
3 0.695946 0.712838 0.0225225 0.0292793 0.00597329
0 0.606982 0.834459 0.0337838 0.0292793 0.00671666
0 0.606982 0.793919 0.0337838 0.0292793 0.0119167
0 0.608108 0.768018 0.036036 0.0315315 0.0228802
1 0.609234 0.996622 0.0292793 0.00675676 0.0599992
3 0.67455 0.686937 0.0337838 0.036036 0.441391
0 0.608108 0.778153 0.0315315 0.0292793 0.751648
3 0.689189 0.707207 0.0225225 0.0225225 0.808042
2 0.672297 0.688063 0.0337838 0.0337838 0.835701
