3 0.154279 0.0495495 0.0292793 0.0315315 0.00117357
2 0.494369 0.00225225 0.0427928 0.0045045 0.00122297
2 0.47973 0.00337838 0.045045 0.00675676 0.00129408
0 0.614865 0.880631 0.036036 0.0225225 0.00198734
0 0.618243 0.834459 0.0337838 0.0247748 0.00455639
0 0.619369 0.809685 0.0315315 0.0382883 0.0050623
0 0.614865 0.870495 0.0315315 0.0247748 0.00642236
0 0.617117 0.861486 0.0315315 0.0292793 0.00650986
0 0.618243 0.849099 0.0292793 0.0315315 0.0128709
1 0.611486 0.996622 0.0292793 0.00675676 0.0436435
3 0.77027 0.746622 0.036036 0.0337838 0.098439
2 0.78491 0.763514 0.0472973 0.036036 0.106806
3 0.777027 0.755631 0.0405405 0.0337838 0.306135
0 0.623874 0.772523 0.0315315 0.027027 0.738639
3 0.790541 0.773649 0.027027 0.0247748 0.791964
2 0.769144 0.746622 0.0337838 0.0337838 0.815951
