2 0.322072 0.00225225 0.036036 0.0045045 0.00119545
1 0.603604 0.994369 0.027027 0.0112613 0.00182481
0 0.602477 0.878378 0.0337838 0.027027 0.00196476
2 0.744369 0.542793 0.0247748 0.0315315 0.0037959
0 0.602477 0.836712 0.0292793 0.0292793 0.007395
0 0.602477 0.868243 0.0292793 0.0247748 0.00808505
0 0.603604 0.796171 0.0315315 0.0247748 0.0119965
0 0.602477 0.853604 0.0292793 0.027027 0.0136743
1 0.603604 0.996622 0.027027 0.00675676 0.0870029
0 0.603604 0.81982 0.027027 0.0225225 0.148164
3 0.727477 0.561937 0.0315315 0.0337838 0.344097
0 0.603604 0.810811 0.027027 0.0225225 0.691055
3 0.754505 0.540541 0.0225225 0.0225225 0.833498
2 0.726351 0.561937 0.0337838 0.0337838 0.887484
