3 0.890766 0.488739 0.0112613 0.027027 0.00125288
1 0.614865 0.993243 0.0315315 0.0135135 0.00223141
3 0.89527 0.498874 0.0157658 0.0247748 0.00268004
0 0.626126 0.682432 0.036036 0.0315315 0.00287388
0 0.623874 0.702703 0.0315315 0.027027 0.00694973
0 0.635135 0.621622 0.0315315 0.0315315 0.0074737
0 0.621622 0.737613 0.0315315 0.0202703 0.00775723
0 0.621622 0.728604 0.027027 0.0247748 0.0355327
3 0.891892 0.510135 0.0135135 0.0247748 0.0433324
1 0.614865 0.996622 0.0315315 0.00675676 0.0936735
3 0.858108 0.493243 0.0225225 0.0315315 0.396073
0 0.634009 0.60473 0.0337838 0.0247748 0.755308
3 0.88964 0.501126 0.0135135 0.0292793 0.78773
2 0.856982 0.493243 0.0247748 0.0315315 0.865668
