2 0.515766 0.00225225 0.045045 0.0045045 0.00128891
2 0.47973 0.00225225 0.045045 0.0045045 0.00146197
2 0.337838 0.00225225 0.0405405 0.0045045 0.00155689
0 0.606982 0.81982 0.0382883 0.0315315 0.00178379
0 0.602477 0.801802 0.0337838 0.036036 0.00214647
2 0.322072 0.00225225 0.0405405 0.0045045 0.00223179
0 0.600225 0.752252 0.0337838 0.027027 0.00251834
0 0.601351 0.781532 0.0315315 0.027027 0.00508738
1 0.614865 0.996622 0.027027 0.00675676 0.0990091
3 0.5 0.684685 0.0315315 0.0315315 0.372775
0 0.600225 0.763514 0.0337838 0.027027 0.753809
3 0.486486 0.70045 0.0225225 0.0225225 0.784102
2 0.501126 0.682432 0.0337838 0.0315315 0.885792
