0 0.618243 0.787162 0.0337838 0.0292793 0.00118844
0 0.612613 0.868243 0.036036 0.0292793 0.00129129
0 0.614865 0.822072 0.036036 0.027027 0.00168706
0 0.612613 0.85473 0.036036 0.0337838 0.0017671
1 0.60473 0.995495 0.0337838 0.00900901 0.00329692
0 0.613739 0.811937 0.0292793 0.0247748 0.0246927
3 0.766892 0.557432 0.0337838 0.0337838 0.0321706
1 0.609234 0.996622 0.0292793 0.00675676 0.124881
0 0.617117 0.802928 0.0315315 0.0247748 0.719442
3 0.795045 0.53491 0.0225225 0.0247748 0.856487
2 0.766892 0.557432 0.0337838 0.0337838 0.868295
