0 0.60473 0.851351 0.0337838 0.0315315 0.00107282
0 0.592342 0.728604 0.036036 0.0292793 0.00118748
0 0.602477 0.838964 0.0337838 0.0292793 0.00243563
2 0.557432 0.436937 0.0292793 0.0225225 0.00315857
0 0.593468 0.775901 0.0337838 0.0247748 0.00537866
0 0.600225 0.829955 0.0337838 0.0247748 0.0076834
0 0.597973 0.798423 0.0337838 0.0292793 0.00775703
0 0.599099 0.817568 0.0315315 0.0225225 0.0124913
0 0.595721 0.748874 0.0337838 0.0247748 0.0221725
1 0.611486 0.996622 0.0292793 0.00675676 0.0657249
3 0.561937 0.452703 0.0337838 0.0225225 0.337504
3 0.557432 0.415541 0.0292793 0.0112613 0.728947
0 0.594595 0.757883 0.0315315 0.0247748 0.73419
2 0.561937 0.452703 0.0337838 0.0225225 0.871448
