0 0.653153 0.527027 0.0405405 0.027027 0.00106411
3 0.88964 0.52027 0.0225225 0.0315315 0.00115887
3 0.842342 0.471847 0.027027 0.0247748 0.00147177
0 0.635135 0.636261 0.0315315 0.0247748 0.00285414
0 0.638514 0.620495 0.0337838 0.0247748 0.00757873
0 0.640766 0.596847 0.0292793 0.0315315 0.00960512
0 0.63964 0.608108 0.036036 0.027027 0.0117464
3 0.858108 0.5 0.0315315 0.036036 0.0145067
0 0.649775 0.54955 0.0337838 0.0225225 0.017279
2 0.898649 0.210586 0.0585586 0.0337838 0.0270726
3 0.877252 0.505631 0.0247748 0.0202703 0.0869966
1 0.618243 0.996622 0.0292793 0.00675676 0.133514
3 0.851351 0.488739 0.0315315 0.0315315 0.184693
0 0.650901 0.539414 0.036036 0.0247748 0.726903
3 0.881757 0.512387 0.0247748 0.0247748 0.832894
2 0.851351 0.488739 0.0315315 0.0315315 0.898412
