0 0.640766 0.561937 0.0337838 0.0247748 0.00106605
1 0.899775 0.203829 0.0608108 0.0292793 0.00108319
3 0.899775 0.202703 0.0518018 0.0315315 0.00113323
0 0.635135 0.640766 0.0315315 0.0247748 0.0013348
3 0.894144 0.448198 0.018018 0.0225225 0.00197291
3 0.843468 0.418919 0.0247748 0.027027 0.00197899
1 0.622748 0.994369 0.0292793 0.0112613 0.00355109
0 0.638514 0.614865 0.0337838 0.027027 0.00477393
0 0.643018 0.57545 0.0337838 0.0427928 0.00546399
0 0.649775 0.527027 0.0382883 0.027027 0.00633737
0 0.638514 0.593468 0.0292793 0.0337838 0.00803256
0 0.63964 0.602477 0.036036 0.0247748 0.0145928
0 0.646396 0.54955 0.0315315 0.0225225 0.0370347
1 0.621622 0.996622 0.027027 0.00675676 0.110089
3 0.853604 0.434685 0.027027 0.0315315 0.171544
0 0.647523 0.541667 0.0337838 0.0247748 0.725912
3 0.888514 0.44482 0.0157658 0.0292793 0.772621
2 0.853604 0.434685 0.027027 0.0315315 0.880133
