0 0.623874 0.793919 0.036036 0.0292793 0.00126005
0 0.628378 0.781532 0.036036 0.027027 0.00575058
0 0.631757 0.733108 0.0382883 0.0292793 0.0091784
0 0.617117 0.849099 0.0315315 0.0225225 0.0153258
0 0.619369 0.836712 0.0315315 0.0247748 0.02361
0 0.626126 0.823198 0.0315315 0.0292793 0.0238031
0 0.628378 0.761261 0.0315315 0.027027 0.0293024
1 0.609234 0.996622 0.0292793 0.00675676 0.176608
3 0.768018 0.704955 0.036036 0.036036 0.394337
0 0.630631 0.746622 0.036036 0.0247748 0.716154
3 0.788288 0.730856 0.027027 0.0247748 0.745856
2 0.765766 0.704955 0.036036 0.036036 0.856781
