2 0.518018 0.00225225 0.045045 0.0045045 0.001274
3 0.364865 0.609234 0.018018 0.0292793 0.00180044
0 0.599099 0.846847 0.0315315 0.0225225 0.00202924
0 0.596847 0.820946 0.0315315 0.0563063 0.00274787
1 0.60473 0.994369 0.0292793 0.0112613 0.00289303
3 0.403153 0.608108 0.027027 0.0315315 0.00659434
0 0.597973 0.834459 0.0337838 0.0247748 0.00709148
0 0.592342 0.771396 0.0315315 0.0202703 0.0375868
1 0.609234 0.996622 0.0292793 0.00675676 0.0550089
3 0.381757 0.609234 0.0337838 0.0292793 0.324661
0 0.588964 0.763514 0.0337838 0.0225225 0.780421
3 0.371622 0.609234 0.018018 0.0292793 0.824241
2 0.403153 0.609234 0.027027 0.0292793 0.8863
