2 0.320946 0.00225225 0.0382883 0.0045045 0.00104106
2 0.442568 0.00225225 0.0472973 0.0045045 0.00104524
2 0.515766 0.00337838 0.0495495 0.00675676 0.00107764
2 0.76464 0.779279 0.0292793 0.027027 0.0012505
0 0.619369 0.929054 0.0315315 0.0247748 0.00126099
0 0.615991 0.992117 0.0292793 0.0157658 0.00136312
2 0.47973 0.00225225 0.045045 0.0045045 0.00141683
0 0.620495 0.907658 0.0337838 0.027027 0.00159361
0 0.622748 0.888514 0.0337838 0.0247748 0.00179825
0 0.623874 0.844595 0.036036 0.045045 0.00181341
0 0.631757 0.793919 0.0382883 0.0292793 0.00183234
0 0.623874 0.871622 0.036036 0.0315315 0.00189308
0 0.628378 0.861486 0.0315315 0.0382883 0.00225898
1 0.615991 0.993243 0.0292793 0.0135135 0.00415739
0 0.629505 0.81982 0.0337838 0.027027 0.0135082
1 0.614865 0.996622 0.027027 0.00675676 0.0440682
3 0.772523 0.789414 0.036036 0.0337838 0.188046
0 0.631757 0.804054 0.0337838 0.027027 0.703117
3 0.790541 0.817568 0.027027 0.0225225 0.826984
2 0.772523 0.789414 0.036036 0.0337838 0.852419
