2 0.477477 0.00225225 0.045045 0.0045045 0.00124761
0 0.613739 0.835586 0.0337838 0.027027 0.00127771
0 0.614865 0.847973 0.036036 0.0292793 0.00193649
0 0.609234 0.778153 0.0337838 0.0247748 0.00331528
0 0.614865 0.82545 0.027027 0.0337838 0.0040912
3 0.443694 0.577703 0.0315315 0.0337838 0.00599274
0 0.61036 0.798423 0.0315315 0.0202703 0.0238054
1 0.619369 0.996622 0.027027 0.00675676 0.106291
0 0.61036 0.789414 0.0315315 0.0247748 0.758409
3 0.413288 0.563063 0.0202703 0.027027 0.807062
2 0.443694 0.576577 0.0315315 0.0315315 0.877422
