0 0.588964 0.790541 0.0337838 0.027027 0.0010807
2 0.516892 0.00337838 0.0472973 0.00675676 0.00116813
0 0.596847 0.867117 0.0315315 0.0225225 0.00132952
0 0.594595 0.834459 0.0315315 0.0382883 0.00355541
0 0.56982 0.761261 0.0405405 0.0225225 0.00500805
3 0.378378 0.734234 0.036036 0.0495495 0.00651452
0 0.581081 0.759009 0.0405405 0.027027 0.0071871
0 0.595721 0.859234 0.0337838 0.0247748 0.00758873
0 0.588964 0.808559 0.0337838 0.045045 0.00893741
1 0.609234 0.996622 0.0292793 0.00675676 0.0630385
0 0.585586 0.780405 0.0315315 0.0247748 0.0756912
3 0.404279 0.709459 0.0337838 0.0315315 0.383207
0 0.583333 0.771396 0.036036 0.0247748 0.749415
3 0.381757 0.726351 0.0247748 0.0247748 0.803644
2 0.406532 0.709459 0.0337838 0.0315315 0.846615
