2 0.516892 0.00225225 0.0472973 0.0045045 0.00107399
0 0.601351 0.863739 0.0315315 0.0247748 0.0011486
0 0.596847 0.820946 0.036036 0.0292793 0.00166531
0 0.592342 0.779279 0.0315315 0.0225225 0.00657089
0 0.588964 0.759009 0.0337838 0.027027 0.0071648
0 0.600225 0.849099 0.0337838 0.027027 0.00862938
0 0.599099 0.837838 0.036036 0.027027 0.0118476
1 0.611486 0.996622 0.0292793 0.00675676 0.0477943
3 0.443694 0.698198 0.036036 0.0315315 0.294042
3 0.42455 0.71509 0.0247748 0.0247748 0.741501
0 0.591216 0.769144 0.0337838 0.0247748 0.7749
2 0.44482 0.697072 0.0337838 0.0337838 0.877728
