3 0.766892 0.990991 0.0382883 0.018018 0.0010907
0 0.638514 0.625 0.0337838 0.0292793 0.0014252
3 0.766892 0.996622 0.0202703 0.00675676 0.00152376
1 0.898649 0.202703 0.0585586 0.027027 0.00236506
0 0.635135 0.641892 0.0315315 0.0225225 0.00246361
0 0.638514 0.611486 0.0337838 0.0292793 0.00752354
0 0.649775 0.538288 0.0382883 0.027027 0.0114304
0 0.638514 0.591216 0.0292793 0.0292793 0.0137856
0 0.643018 0.57545 0.0337838 0.0292793 0.0151939
3 0.861486 0.442568 0.0292793 0.0337838 0.0171677
0 0.640766 0.602477 0.0337838 0.0247748 0.0192758
1 0.628378 0.995495 0.0315315 0.00900901 0.0242983
0 0.644144 0.560811 0.0315315 0.0225225 0.0476075
3 0.871622 0.445946 0.0315315 0.0315315 0.0880692
1 0.623874 0.996622 0.027027 0.00675676 0.0979897
2 0.871622 0.44482 0.0315315 0.0337838 0.134874
0 0.647523 0.548423 0.0337838 0.0247748 0.69676
3 0.894144 0.453829 0.018018 0.0292793 0.818329
2 0.86036 0.441441 0.027027 0.0315315 0.854631
