2 0.483108 0.00225225 0.0472973 0.0045045 0.00110421
0 0.63964 0.823198 0.0315315 0.0382883 0.00120834
2 0.515766 0.00225225 0.045045 0.0045045 0.00123544
3 0.827703 0.808559 0.0292793 0.027027 0.00132428
0 0.637387 0.802928 0.036036 0.0292793 0.00141516
0 0.623874 0.993243 0.027027 0.0135135 0.00210448
0 0.632883 0.84009 0.036036 0.027027 0.00225651
0 0.644144 0.768018 0.036036 0.027027 0.00257084
0 0.629505 0.877252 0.0337838 0.0247748 0.00923597
0 0.640766 0.792793 0.0337838 0.027027 0.0133122
0 0.631757 0.864865 0.0337838 0.0315315 0.0167095
3 0.811937 0.790541 0.0337838 0.0315315 0.0228364
0 0.630631 0.850225 0.027027 0.0292793 0.0321174
1 0.620495 0.996622 0.0292793 0.00675676 0.0528631
3 0.801802 0.775901 0.036036 0.0337838 0.154844
0 0.643018 0.778153 0.0337838 0.0247748 0.740318
3 0.81982 0.806306 0.027027 0.0225225 0.834544
2 0.801802 0.774775 0.036036 0.0315315 0.890051
