2 0.515766 0.00225225 0.045045 0.0045045 0.00110628
3 0.600225 0.71509 0.0292793 0.0292793 0.00111346
0 0.605856 0.836712 0.0315315 0.0382883 0.00113199
2 0.402027 0.00225225 0.0427928 0.0045045 0.00114559
2 0.493243 0.00225225 0.0405405 0.0045045 0.00116027
2 0.478604 0.00225225 0.0427928 0.0045045 0.0014484
0 0.60473 0.797297 0.0337838 0.027027 0.00151271
2 0.320946 0.00225225 0.0382883 0.0045045 0.00177596
1 0.60473 0.993243 0.0292793 0.00900901 0.00392042
3 0.608108 0.681306 0.0315315 0.0247748 0.0054103
1 0.606982 0.996622 0.0292793 0.00675676 0.065353
2 0.617117 0.698198 0.036036 0.0405405 0.21008
3 0.613739 0.690315 0.0337838 0.0337838 0.408095
3 0.617117 0.70045 0.036036 0.036036 0.409566
3 0.620495 0.711712 0.0292793 0.027027 0.693539
0 0.605856 0.809685 0.0315315 0.0247748 0.728879
