2 0.518018 0.00225225 0.045045 0.0045045 0.00106423
2 0.478604 0.00225225 0.0427928 0.0045045 0.00138434
1 0.621622 0.994369 0.027027 0.0112613 0.00141245
0 0.614865 0.818694 0.0315315 0.0202703 0.00175558
0 0.612613 0.796171 0.0315315 0.0247748 0.00643208
1 0.621622 0.996622 0.027027 0.00675676 0.0617673
3 0.463964 0.567568 0.027027 0.027027 0.0759804
3 0.48536 0.579955 0.0337838 0.0337838 0.423622
0 0.614865 0.806306 0.0315315 0.0225225 0.729766
3 0.459459 0.560811 0.0225225 0.0225225 0.795636
2 0.48536 0.579955 0.0337838 0.0337838 0.870401
