0 0.621622 0.864865 0.0315315 0.027027 0.00112033
0 0.618243 0.823198 0.0337838 0.0472973 0.00112831
0 0.621622 0.75 0.0315315 0.027027 0.00114282
0 0.621622 0.780405 0.0315315 0.0247748 0.00154066
0 0.620495 0.836712 0.0337838 0.0292793 0.00230873
0 0.621622 0.851351 0.0315315 0.027027 0.00270727
1 0.620495 0.995495 0.0292793 0.00900901 0.0271841
3 0.608108 0.467342 0.0315315 0.0247748 0.437318
0 0.621622 0.76464 0.0315315 0.0247748 0.744513
3 0.60473 0.432432 0.0292793 0.0135135 0.778471
2 0.608108 0.467342 0.0315315 0.0247748 0.86246
