0 0.61036 0.884009 0.036036 0.0337838 0.00224696
0 0.611486 0.787162 0.0337838 0.0292793 0.00541697
0 0.608108 0.842342 0.0315315 0.036036 0.00613338
0 0.609234 0.863739 0.0337838 0.0292793 0.00854938
0 0.61036 0.815315 0.027027 0.0315315 0.0168
1 0.608108 0.996622 0.0315315 0.00675676 0.0538199
3 0.734234 0.731982 0.0315315 0.0315315 0.320954
3 0.720721 0.718468 0.036036 0.036036 0.438197
0 0.61036 0.79955 0.0315315 0.027027 0.714539
3 0.743243 0.738739 0.0225225 0.027027 0.824908
2 0.720721 0.717342 0.036036 0.0382883 0.879172
