2 0.31982 0.00225225 0.0405405 0.0045045 0.00101066
2 0.47973 0.00225225 0.045045 0.0045045 0.00101674
0 0.612613 0.829955 0.036036 0.0292793 0.00110456
0 0.61036 0.80518 0.0315315 0.0518018 0.00113535
0 0.609234 0.748874 0.0292793 0.0337838 0.00155552
0 0.609234 0.781532 0.0337838 0.027027 0.00192849
3 0.573198 0.636261 0.0337838 0.0337838 0.0026509
1 0.617117 0.996622 0.0315315 0.00675676 0.048998
3 0.561937 0.64527 0.0247748 0.0247748 0.604265
0 0.609234 0.76464 0.0292793 0.0247748 0.738463
2 0.567568 0.63964 0.0315315 0.0315315 0.843502
