2 0.477477 0.00225225 0.045045 0.0045045 0.00107789
3 0.557432 0.557432 0.0337838 0.0157658 0.0011427
2 0.90991 0.206081 0.027027 0.0608108 0.00127564
0 0.606982 0.873874 0.0337838 0.027027 0.00179546
1 0.614865 0.995495 0.0315315 0.00900901 0.00455036
3 0.552928 0.565315 0.0337838 0.0225225 0.010742
0 0.609234 0.89527 0.0292793 0.0202703 0.011168
2 0.552928 0.565315 0.0337838 0.0225225 0.0135897
3 0.559685 0.588964 0.0337838 0.0247748 0.441299
0 0.608108 0.886261 0.0315315 0.0247748 0.76834
3 0.551802 0.552928 0.0315315 0.0112613 0.790798
2 0.559685 0.588964 0.0337838 0.0247748 0.876501
