2 0.47973 0.00225225 0.045045 0.0045045 0.00106712
2 0.554054 0.00337838 0.045045 0.00675676 0.00107142
2 0.519144 0.00337838 0.0472973 0.00675676 0.00112784
0 0.60473 0.851351 0.0337838 0.027027 0.00112964
0 0.603604 0.835586 0.036036 0.027027 0.00169197
0 0.597973 0.808559 0.0337838 0.045045 0.00170631
0 0.593468 0.759009 0.0337838 0.027027 0.00359773
0 0.596847 0.780405 0.0315315 0.0247748 0.00614099
1 0.613739 0.996622 0.0292793 0.00675676 0.0420823
2 0.457207 0.701577 0.036036 0.0292793 0.138004
3 0.449324 0.701577 0.0292793 0.0292793 0.209177
3 0.462838 0.695946 0.0382883 0.0315315 0.310892
0 0.595721 0.769144 0.0337838 0.0247748 0.760769
3 0.445946 0.710586 0.0225225 0.0247748 0.793659
2 0.46509 0.692568 0.0337838 0.0337838 0.902952
