2 0.47973 0.00225225 0.045045 0.0045045 0.00104141
0 0.60473 0.796171 0.0427928 0.0563063 0.00113529
0 0.605856 0.782658 0.0315315 0.0382883 0.00159216
0 0.60473 0.739865 0.0337838 0.0292793 0.0017935
0 0.606982 0.85473 0.0337838 0.0292793 0.00373778
0 0.606982 0.817568 0.0337838 0.0315315 0.00430827
0 0.606982 0.829955 0.0337838 0.0292793 0.00462033
3 0.538288 0.643018 0.027027 0.0292793 0.00511372
1 0.60473 0.993243 0.0292793 0.00900901 0.0058927
1 0.608108 0.996622 0.027027 0.00675676 0.0829792
3 0.551802 0.641892 0.0315315 0.0315315 0.358525
2 0.554054 0.640766 0.0315315 0.0337838 0.667187
0 0.605856 0.754505 0.0315315 0.027027 0.71142
3 0.546171 0.649775 0.0247748 0.0247748 0.865711
