0 0.556306 0.759009 0.0540541 0.0405405 0.00102506
2 0.47973 0.00225225 0.045045 0.0045045 0.00105535
0 0.592342 0.84009 0.0315315 0.0405405 0.0027116
0 0.596847 0.869369 0.0315315 0.0225225 0.00272901
0 0.595721 0.86036 0.0337838 0.0225225 0.00392542
1 0.60473 0.995495 0.0292793 0.00900901 0.00697604
0 0.586712 0.795045 0.0337838 0.0315315 0.0125362
1 0.609234 0.996622 0.0292793 0.00675676 0.0851912
2 0.376126 0.718468 0.036036 0.0315315 0.0935152
3 0.377252 0.718468 0.0337838 0.0315315 0.1293
3 0.387387 0.711712 0.036036 0.0315315 0.42113
0 0.583333 0.775901 0.036036 0.0247748 0.758573
3 0.361486 0.730856 0.0247748 0.0247748 0.831407
2 0.388514 0.710586 0.0337838 0.0337838 0.88769
