0 0.599099 0.862613 0.036036 0.036036 0.00128888
0 0.602477 0.788288 0.0337838 0.027027 0.00235961
2 0.60473 0.69482 0.0337838 0.0337838 0.0028266
0 0.602477 0.831081 0.0337838 0.0315315 0.00386788
3 0.606982 0.673423 0.0337838 0.018018 0.00642167
0 0.60473 0.853604 0.0337838 0.027027 0.00695676
0 0.602477 0.814189 0.0292793 0.0292793 0.0190664
1 0.606982 0.996622 0.0292793 0.00675676 0.114807
3 0.617117 0.710586 0.036036 0.0337838 0.355114
3 0.609234 0.697072 0.0382883 0.0382883 0.372393
0 0.603604 0.800676 0.0315315 0.0292793 0.612654
3 0.618243 0.718468 0.0292793 0.027027 0.635291
2 0.61036 0.704955 0.036036 0.036036 0.71939
3 0.606982 0.682432 0.0337838 0.027027 0.795367
