2 0.515766 0.00225225 0.045045 0.0045045 0.00100086
3 0.362613 0.740991 0.0225225 0.0225225 0.00106645
2 0.442568 0.00225225 0.0472973 0.0045045 0.00111274
0 0.592342 0.841216 0.036036 0.0427928 0.00129514
0 0.596847 0.869369 0.0315315 0.0225225 0.00139062
2 0.478604 0.00225225 0.0427928 0.0045045 0.00146236
0 0.583333 0.787162 0.036036 0.0202703 0.00150311
2 0.323198 0.00225225 0.0382883 0.0045045 0.00169899
0 0.594595 0.858108 0.0315315 0.0225225 0.00186097
0 0.567568 0.763514 0.045045 0.027027 0.00300281
1 0.60473 0.995495 0.0292793 0.00900901 0.00351886
0 0.585586 0.798423 0.036036 0.0337838 0.0058774
1 0.609234 0.996622 0.0292793 0.00675676 0.0824586
3 0.393018 0.713964 0.0337838 0.0315315 0.458043
0 0.581081 0.773649 0.036036 0.0247748 0.775461
3 0.367117 0.734234 0.0225225 0.027027 0.807404
2 0.391892 0.713964 0.0315315 0.0315315 0.910978
