0 0.605856 0.780405 0.0315315 0.0337838 0.00180157
2 0.550676 0.427928 0.0337838 0.0225225 0.00202979
0 0.602477 0.771396 0.0292793 0.0202703 0.00245246
0 0.603604 0.727477 0.0315315 0.0225225 0.00750358
0 0.603604 0.761261 0.0315315 0.0225225 0.0417273
0 0.603604 0.737613 0.0315315 0.0247748 0.0555159
1 0.618243 0.996622 0.0292793 0.00675676 0.0558591
3 0.552928 0.43018 0.0337838 0.0225225 0.0590084
3 0.55518 0.451577 0.0337838 0.0247748 0.32529
0 0.603604 0.752252 0.0315315 0.027027 0.696108
3 0.546171 0.416667 0.0292793 0.0135135 0.762649
2 0.55518 0.451577 0.0337838 0.0247748 0.888916
