3 0.431306 0.426802 0.0382883 0.0653153 0.00101421
0 0.583333 0.652027 0.0315315 0.0292793 0.00128243
2 0.451577 0.404279 0.0292793 0.0337838 0.00156537
0 0.573198 0.585586 0.0337838 0.0225225 0.00162143
0 0.578829 0.637387 0.0315315 0.0225225 0.00346542
0 0.57545 0.612613 0.0337838 0.0225225 0.0037533
0 0.557432 0.532658 0.0337838 0.0247748 0.00474358
0 0.578829 0.621622 0.0315315 0.027027 0.00787672
0 0.576577 0.601351 0.0315315 0.036036 0.00863046
1 0.603604 0.993243 0.027027 0.00900901 0.00982383
0 0.570946 0.567568 0.0337838 0.0315315 0.020256
0 0.561937 0.525901 0.0337838 0.0247748 0.0957748
0 0.567568 0.551802 0.0315315 0.027027 0.097677
1 0.608108 0.996622 0.027027 0.00675676 0.115894
3 0.457207 0.408784 0.0315315 0.0337838 0.333048
0 0.565315 0.539414 0.0315315 0.0247748 0.622166
3 0.436937 0.417793 0.0225225 0.0292793 0.813117
2 0.459459 0.408784 0.0315315 0.0337838 0.870827
