0 0.596847 0.641892 0.0315315 0.0225225 0.00148073
0 0.593468 0.601351 0.0337838 0.0495495 0.00187064
1 0.614865 0.994369 0.0315315 0.0112613 0.00204566
0 0.594595 0.586712 0.0315315 0.0247748 0.00259526
0 0.594595 0.621622 0.0315315 0.0225225 0.00290841
0 0.592342 0.557432 0.0315315 0.0247748 0.00303159
0 0.588964 0.527027 0.0337838 0.027027 0.00398841
0 0.594595 0.60473 0.0315315 0.0247748 0.00485399
0 0.592342 0.573198 0.0315315 0.0382883 0.0091792
1 0.614865 0.996622 0.027027 0.00675676 0.0979771
3 0.466216 0.296171 0.036036 0.0337838 0.408712
0 0.59009 0.541667 0.0315315 0.0247748 0.707808
3 0.441441 0.27027 0.027027 0.0225225 0.79533
2 0.466216 0.295045 0.036036 0.0315315 0.861319
