0 0.61036 0.826577 0.036036 0.036036 0.00121633
0 0.611486 0.849099 0.0337838 0.027027 0.00143019
3 0.218468 0.441441 0.018018 0.045045 0.00165446
0 0.612613 0.838964 0.036036 0.0292793 0.00172153
0 0.61036 0.808559 0.0315315 0.0495495 0.00204443
0 0.606982 0.747748 0.0337838 0.027027 0.00209303
2 0.56982 0.452703 0.036036 0.027027 0.0035555
0 0.608108 0.781532 0.0315315 0.027027 0.00485904
1 0.615991 0.996622 0.0292793 0.00675676 0.0679014
3 0.570946 0.467342 0.0337838 0.0247748 0.43028
0 0.608108 0.76464 0.0315315 0.0247748 0.722068
3 0.564189 0.43018 0.0292793 0.0135135 0.799926
2 0.572072 0.467342 0.036036 0.0247748 0.868164
