2 0.55518 0.00225225 0.0427928 0.0045045 0.00100272
2 0.494369 0.00225225 0.0382883 0.0045045 0.00101211
0 0.601351 0.558559 0.0315315 0.0225225 0.00102324
2 0.518018 0.00225225 0.0405405 0.0045045 0.00127595
0 0.601351 0.577703 0.0315315 0.0382883 0.00236638
0 0.602477 0.606982 0.0337838 0.0247748 0.00243056
0 0.618243 0.994369 0.0292793 0.0112613 0.00344923
0 0.602477 0.595721 0.0337838 0.0247748 0.0039785
0 0.602477 0.54955 0.0292793 0.0225225 0.010189
1 0.618243 0.995495 0.0292793 0.00900901 0.0633491
3 0.661036 0.246622 0.0337838 0.0292793 0.447229
0 0.602477 0.536036 0.0292793 0.0225225 0.719852
3 0.67455 0.216216 0.0292793 0.018018 0.778852
2 0.662162 0.245495 0.0315315 0.027027 0.880137
