0 0.611486 0.747748 0.0337838 0.027027 0.00111339
2 0.440315 0.00225225 0.0472973 0.0045045 0.00113381
0 0.613739 0.813063 0.0337838 0.027027 0.00121219
2 0.515766 0.00225225 0.045045 0.0045045 0.0012217
2 0.493243 0.00225225 0.0405405 0.0045045 0.00137867
2 0.478604 0.00225225 0.0427928 0.0045045 0.00138779
0 0.61036 0.798423 0.0315315 0.0292793 0.00238993
0 0.612613 0.780405 0.0315315 0.0247748 0.00741841
0 0.611486 0.757883 0.0337838 0.0247748 0.0397257
1 0.613739 0.996622 0.0292793 0.00675676 0.128588
3 0.55518 0.554054 0.0337838 0.0315315 0.304712
0 0.611486 0.768018 0.0292793 0.0225225 0.698627
3 0.541667 0.538288 0.0247748 0.0225225 0.76086
2 0.55518 0.556306 0.0337838 0.0315315 0.791222
