2 0.322072 0.00225225 0.0405405 0.0045045 0.00100815
2 0.477477 0.00225225 0.045045 0.0045045 0.00108007
2 0.554054 0.00225225 0.045045 0.0045045 0.001205
0 0.644144 0.790541 0.0315315 0.0225225 0.00136327
0 0.630631 0.877252 0.036036 0.0292793 0.00185297
0 0.630631 0.862613 0.0315315 0.027027 0.00508216
0 0.63964 0.824324 0.0315315 0.036036 0.00581607
0 0.64527 0.768018 0.0337838 0.027027 0.0106643
0 0.638514 0.801802 0.0337838 0.036036 0.0295959
0 0.634009 0.850225 0.0337838 0.0247748 0.0315362
1 0.625 0.996622 0.0292793 0.00675676 0.0439981
0 0.634009 0.832207 0.0292793 0.0292793 0.0538432
3 0.798423 0.791667 0.0427928 0.0427928 0.0925812
3 0.790541 0.777027 0.036036 0.036036 0.124392
0 0.643018 0.778153 0.0337838 0.0247748 0.693669
3 0.808559 0.806306 0.027027 0.0225225 0.784285
2 0.790541 0.774775 0.036036 0.036036 0.881936
