2 0.516892 0.00225225 0.0472973 0.0045045 0.00103935
1 0.495495 0.00225225 0.0405405 0.0045045 0.00106145
2 0.320946 0.00225225 0.0382883 0.0045045 0.0011284
2 0.495495 0.00225225 0.0405405 0.0045045 0.00116907
2 0.47973 0.00225225 0.045045 0.0045045 0.00143138
0 0.600225 0.876126 0.0337838 0.027027 0.00165365
0 0.57545 0.78491 0.0427928 0.0427928 0.00192716
0 0.567568 0.763514 0.045045 0.027027 0.00267113
1 0.60473 0.995495 0.0292793 0.00900901 0.00294064
0 0.594595 0.846847 0.0315315 0.0405405 0.00298477
0 0.587838 0.810811 0.036036 0.045045 0.00452265
0 0.596847 0.862613 0.0315315 0.0225225 0.0073466
1 0.609234 0.996622 0.0292793 0.00675676 0.0918124
3 0.385135 0.722973 0.0315315 0.036036 0.12764
3 0.397523 0.711712 0.0337838 0.0315315 0.425159
0 0.582207 0.772523 0.0337838 0.027027 0.772316
3 0.373874 0.730856 0.0225225 0.0247748 0.809966
2 0.397523 0.710586 0.0337838 0.0337838 0.887459
