2 0.518018 0.00225225 0.045045 0.0045045 0.00118166
0 0.608108 0.877252 0.036036 0.0247748 0.00139012
2 0.882883 0.138514 0.036036 0.0382883 0.0014128
0 0.599099 0.792793 0.036036 0.027027 0.00187945
0 0.60473 0.845721 0.0337838 0.0337838 0.00321656
0 0.601351 0.818694 0.0315315 0.0247748 0.00350676
0 0.605856 0.865991 0.036036 0.0292793 0.00718923
1 0.613739 0.996622 0.0292793 0.00675676 0.204714
3 0.439189 0.595721 0.0315315 0.0337838 0.259892
0 0.600225 0.80518 0.0337838 0.0247748 0.72458
3 0.40991 0.581081 0.0225225 0.027027 0.814909
2 0.436937 0.595721 0.0315315 0.0337838 0.862489
