3 0.35473 0.73536 0.0202703 0.0202703 0.00108583
0 0.596847 0.867117 0.0315315 0.0225225 0.00110637
2 0.481982 0.00225225 0.045045 0.0045045 0.00117404
2 0.516892 0.00225225 0.0472973 0.0045045 0.00117853
0 0.561937 0.762387 0.0518018 0.0382883 0.00125161
3 0.359234 0.739865 0.0202703 0.0247748 0.00159889
2 0.320946 0.00225225 0.0382883 0.0045045 0.0018256
0 0.591216 0.837838 0.0337838 0.0405405 0.00263744
0 0.594595 0.855856 0.0315315 0.0225225 0.00477981
0 0.586712 0.804054 0.0337838 0.036036 0.0103924
1 0.60473 0.993243 0.0292793 0.00900901 0.0339839
1 0.608108 0.996622 0.027027 0.00675676 0.247928
3 0.388514 0.712838 0.0337838 0.0337838 0.437056
0 0.581081 0.775901 0.036036 0.0247748 0.774753
3 0.362613 0.733108 0.0225225 0.0247748 0.796139
2 0.388514 0.713964 0.0337838 0.0315315 0.8744
