2 0.515766 0.00225225 0.045045 0.0045045 0.00113464
2 0.838964 0.706081 0.0292793 0.0247748 0.00126633
0 0.641892 0.779279 0.0315315 0.036036 0.00149413
2 0.320946 0.00225225 0.0382883 0.0045045 0.00167117
0 0.629505 0.838964 0.0337838 0.0247748 0.0033292
0 0.641892 0.761261 0.036036 0.0225225 0.00435185
0 0.631757 0.82545 0.0292793 0.0337838 0.00966045
0 0.638514 0.80518 0.0337838 0.0337838 0.0123007
2 0.855856 0.728604 0.036036 0.0292793 0.0240712
1 0.615991 0.994369 0.0292793 0.00675676 0.277438
3 0.844595 0.720721 0.0315315 0.0315315 0.368332
0 0.64527 0.746622 0.0337838 0.0247748 0.754705
3 0.870495 0.745495 0.0247748 0.0225225 0.824113
2 0.843468 0.719595 0.0337838 0.0337838 0.886105
