0 0.628378 0.638514 0.027027 0.0202703 0.00122595
0 0.617117 0.753378 0.0315315 0.0247748 0.00136629
0 0.625 0.647523 0.0337838 0.0292793 0.00171387
0 0.893018 0.718468 0.0518018 0.0900901 0.00299306
0 0.627252 0.609234 0.0292793 0.0292793 0.0121595
0 0.630631 0.586712 0.0315315 0.0427928 0.0132204
0 0.638514 0.524775 0.0337838 0.027027 0.0255001
0 0.627252 0.622748 0.0292793 0.0247748 0.0256359
0 0.635135 0.552928 0.0315315 0.0247748 0.0447735
1 0.606982 0.996622 0.0292793 0.00675676 0.208235
3 0.777027 0.436937 0.0315315 0.036036 0.233783
0 0.635135 0.542793 0.0315315 0.027027 0.706384
3 0.801802 0.449324 0.0225225 0.0292793 0.851229
2 0.777027 0.438063 0.0315315 0.0337838 0.892317
