2 0.90991 0.204955 0.027027 0.0675676 0.00100255
0 0.582207 0.618243 0.0337838 0.0247748 0.00188096
0 0.581081 0.606982 0.036036 0.0247748 0.00195442
0 0.574324 0.570946 0.036036 0.0247748 0.00206432
0 0.577703 0.592342 0.0337838 0.0315315 0.00379071
0 0.568694 0.540541 0.0382883 0.027027 0.00574227
3 0.316441 0.394144 0.0112613 0.027027 0.0118665
0 0.574324 0.559685 0.036036 0.0202703 0.0497803
1 0.617117 0.996622 0.027027 0.00675676 0.140438
3 0.355856 0.396396 0.0225225 0.0315315 0.417245
0 0.570946 0.550676 0.0337838 0.0247748 0.752688
3 0.322072 0.39527 0.0135135 0.0292793 0.776786
2 0.356982 0.396396 0.0247748 0.0315315 0.879099
