0 0.627252 0.843468 0.0382883 0.0292793 0.00112272
2 0.480856 0.00225225 0.0427928 0.0045045 0.00124507
0 0.646396 0.727477 0.036036 0.0405405 0.00144714
3 0.855856 0.73536 0.045045 0.0518018 0.00172574
0 0.628378 0.829955 0.036036 0.0292793 0.00194117
0 0.632883 0.800676 0.036036 0.0292793 0.00205958
0 0.630631 0.815315 0.036036 0.036036 0.00333323
3 0.856982 0.731982 0.0337838 0.027027 0.00346237
0 0.636261 0.791667 0.0337838 0.0337838 0.0121883
0 0.636261 0.761261 0.0337838 0.027027 0.0133518
1 0.617117 0.996622 0.027027 0.00675676 0.139744
3 0.822072 0.702703 0.036036 0.0315315 0.372513
0 0.640766 0.745495 0.0337838 0.027027 0.726034
3 0.847973 0.728604 0.0247748 0.0247748 0.79775
2 0.820946 0.702703 0.0337838 0.0315315 0.889308
