0 0.615991 0.611486 0.0382883 0.0563063 0.00105074
0 0.617117 0.495495 0.036036 0.0315315 0.00156673
0 0.613739 0.585586 0.0337838 0.0315315 0.00242979
0 0.612613 0.600225 0.036036 0.0292793 0.00305646
1 0.602477 0.994369 0.0292793 0.0112613 0.00316879
0 0.613739 0.518018 0.0292793 0.027027 0.0122538
1 0.605856 0.996622 0.027027 0.00675676 0.123823
3 0.684685 0.408784 0.0315315 0.0337838 0.461347
0 0.613739 0.528153 0.0292793 0.0247748 0.738652
3 0.70045 0.418919 0.0225225 0.027027 0.812952
2 0.683559 0.406532 0.0292793 0.0337838 0.879806
