2 0.47973 0.00225225 0.045045 0.0045045 0.00105013
2 0.516892 0.00225225 0.0472973 0.0045045 0.00109164
3 0.858108 0.656532 0.0315315 0.0788288 0.00118768
3 0.865991 0.647523 0.0202703 0.0292793 0.00120008
0 0.622748 0.853604 0.0292793 0.0225225 0.00157975
2 0.974099 0.940315 0.0518018 0.0923423 0.00160459
0 0.63964 0.727477 0.036036 0.0405405 0.00164231
0 0.628378 0.781532 0.036036 0.027027 0.00227525
0 0.623874 0.823198 0.0315315 0.0292793 0.00321035
0 0.632883 0.73536 0.0405405 0.0292793 0.00456987
0 0.629505 0.761261 0.0337838 0.027027 0.00633485
0 0.623874 0.833333 0.0315315 0.027027 0.00711056
0 0.630631 0.811937 0.0315315 0.0337838 0.012124
0 0.622748 0.842342 0.0292793 0.027027 0.014323
1 0.618243 0.996622 0.0292793 0.00675676 0.0927333
3 0.82545 0.638514 0.0292793 0.0337838 0.426808
0 0.630631 0.746622 0.0315315 0.0247748 0.733407
2 0.82545 0.638514 0.0292793 0.0337838 0.835929
3 0.856982 0.646396 0.0202703 0.0315315 0.840644
