2 0.516892 0.00225225 0.0472973 0.0045045 0.00111684
2 0.47973 0.00225225 0.045045 0.0045045 0.00120077
0 0.621622 0.831081 0.0315315 0.027027 0.00128082
0 0.613739 0.992117 0.0292793 0.0157658 0.00213275
0 0.618243 0.888514 0.0337838 0.0247748 0.00329365
0 0.619369 0.871622 0.036036 0.027027 0.0038636
0 0.620495 0.850225 0.0337838 0.0382883 0.00388144
0 0.623874 0.818694 0.0315315 0.0247748 0.00743909
1 0.613739 0.996622 0.0292793 0.00675676 0.0357133
3 0.762387 0.804054 0.0337838 0.036036 0.2109
3 0.75 0.781532 0.036036 0.036036 0.30029
0 0.626126 0.806306 0.0315315 0.027027 0.717469
3 0.77027 0.810811 0.027027 0.0225225 0.787477
2 0.748874 0.780405 0.0382883 0.0337838 0.840651
