2 0.518018 0.00225225 0.045045 0.0045045 0.00108533
2 0.478604 0.00225225 0.0427928 0.0045045 0.00116302
0 0.623874 0.796171 0.0405405 0.0472973 0.00118845
0 0.620495 0.827703 0.0337838 0.0247748 0.00214115
0 0.613739 0.890766 0.0337838 0.0292793 0.00244004
0 0.617117 0.858108 0.0315315 0.0405405 0.003441
0 0.615991 0.872748 0.0337838 0.0247748 0.00564771
0 0.622748 0.796171 0.0337838 0.0292793 0.007003
0 0.618243 0.84009 0.0337838 0.0315315 0.00801389
1 0.611486 0.996622 0.0292793 0.00675676 0.075855
3 0.748874 0.772523 0.0337838 0.0315315 0.0987202
3 0.739865 0.755631 0.0382883 0.0337838 0.472611
0 0.621622 0.810811 0.0315315 0.027027 0.710597
3 0.760135 0.781532 0.0247748 0.0225225 0.844515
2 0.737613 0.755631 0.0382883 0.0337838 0.886143
