2 0.322072 0.00225225 0.0405405 0.0045045 0.00107903
2 0.441441 0.00225225 0.045045 0.0045045 0.00114954
0 0.61036 0.847973 0.036036 0.0292793 0.00115329
2 0.516892 0.00225225 0.0472973 0.0045045 0.00119532
0 0.608108 0.807432 0.0315315 0.0518018 0.00127537
2 0.47973 0.00225225 0.045045 0.0045045 0.00128644
0 0.597973 0.746622 0.0382883 0.0472973 0.0014753
0 0.61036 0.832207 0.036036 0.0292793 0.00162339
0 0.608108 0.780405 0.0315315 0.0247748 0.00165225
1 0.615991 0.996622 0.0292793 0.00675676 0.13836
0 0.547297 0.664414 0.0315315 0.036036 0.318129
3 0.546171 0.663288 0.0337838 0.0337838 0.434305
0 0.606982 0.76464 0.0292793 0.0247748 0.740006
3 0.536036 0.676802 0.0225225 0.0202703 0.813462
2 0.548423 0.662162 0.0337838 0.0315315 0.833834
