3 0.515766 0.576577 0.036036 0.0135135 0.00139324
1 0.605856 0.993243 0.036036 0.0135135 0.00270219
0 0.596847 0.903153 0.0315315 0.027027 0.00307831
1 0.602477 0.996622 0.0337838 0.00675676 0.00405225
0 0.597973 0.925676 0.0337838 0.0225225 0.00899815
3 0.521396 0.593468 0.0337838 0.0202703 0.026876
2 0.521396 0.593468 0.0337838 0.0202703 0.0335778
3 0.527027 0.615991 0.036036 0.0247748 0.439943
3 0.515766 0.582207 0.0315315 0.0112613 0.762938
0 0.595721 0.914414 0.0337838 0.0225225 0.774631
2 0.525901 0.615991 0.0337838 0.0202703 0.867096
