2 0.51464 0.00225225 0.0472973 0.0045045 0.00103665
2 0.496622 0.00225225 0.0427928 0.0045045 0.00110838
1 0.603604 0.995495 0.0315315 0.00900901 0.00117943
2 0.47973 0.00225225 0.045045 0.0045045 0.00128522
0 0.591216 0.788288 0.0337838 0.027027 0.00140063
0 0.599099 0.864865 0.0315315 0.0225225 0.00220751
0 0.599099 0.853604 0.0315315 0.027027 0.00379289
3 0.415541 0.710586 0.0337838 0.0292793 0.00957143
2 0.414414 0.710586 0.0315315 0.0292793 0.0101076
0 0.585586 0.759009 0.036036 0.027027 0.0219949
0 0.595721 0.829955 0.0292793 0.0292793 0.0253479
0 0.588964 0.780405 0.0337838 0.0247748 0.0376633
0 0.596847 0.84009 0.0315315 0.0225225 0.040065
1 0.61036 0.996622 0.027027 0.00675676 0.0490511
3 0.425676 0.702703 0.036036 0.0315315 0.352488
0 0.587838 0.769144 0.036036 0.0247748 0.742784
3 0.405405 0.720721 0.0225225 0.0225225 0.822093
2 0.425676 0.701577 0.036036 0.0337838 0.896769
