0 0.615991 0.791667 0.0337838 0.0292793 0.00160202
0 0.612613 0.846847 0.0315315 0.0225225 0.00631461
0 0.617117 0.778153 0.036036 0.0292793 0.00683034
0 0.614865 0.824324 0.0315315 0.027027 0.0113025
0 0.623874 0.738739 0.0315315 0.027027 0.0239405
0 0.614865 0.835586 0.0315315 0.027027 0.0648554
0 0.619369 0.762387 0.0315315 0.0247748 0.097222
1 0.606982 0.996622 0.0292793 0.00675676 0.114507
3 0.720721 0.689189 0.036036 0.036036 0.430911
0 0.621622 0.751126 0.0315315 0.0292793 0.706378
3 0.737613 0.711712 0.0247748 0.0225225 0.812529
2 0.719595 0.688063 0.0382883 0.0337838 0.878625
