2 0.494369 0.00225225 0.0427928 0.0045045 0.00107912
2 0.47973 0.00225225 0.045045 0.0045045 0.00122418
0 0.611486 0.869369 0.0337838 0.027027 0.00123508
0 0.615991 0.782658 0.0337838 0.0247748 0.00211777
3 0.718468 0.761261 0.036036 0.036036 0.00477585
0 0.611486 0.851351 0.0337838 0.036036 0.008037
0 0.619369 0.756757 0.0315315 0.027027 0.0106258
0 0.613739 0.820946 0.0337838 0.0337838 0.0124356
0 0.613739 0.84009 0.0337838 0.027027 0.0125337
1 0.608108 0.996622 0.0315315 0.00675676 0.103566
0 0.617117 0.771396 0.0315315 0.0247748 0.660809
3 0.734234 0.790541 0.027027 0.0225225 0.777754
2 0.718468 0.761261 0.036036 0.036036 0.849279
