0 0.59009 0.790541 0.0315315 0.027027 0.0010293
2 0.225225 0.336712 0.0225225 0.0563063 0.00111425
0 0.584459 0.748874 0.0337838 0.0247748 0.00179276
0 0.59009 0.804054 0.036036 0.0405405 0.00195478
1 0.605856 0.993243 0.0315315 0.00900901 0.00518008
0 0.587838 0.773649 0.0315315 0.0247748 0.08697
1 0.61036 0.996622 0.027027 0.00675676 0.12264
3 0.525901 0.467342 0.0337838 0.0247748 0.452294
0 0.587838 0.76464 0.0315315 0.0247748 0.707017
3 0.515766 0.433559 0.0315315 0.0112613 0.778613
2 0.525901 0.467342 0.0337838 0.0247748 0.875266
