0 0.599099 0.836712 0.0315315 0.0337838 0.00102853
2 0.322072 0.00225225 0.0405405 0.0045045 0.00116698
0 0.593468 0.796171 0.0337838 0.0247748 0.00224293
1 0.61036 0.996622 0.0315315 0.00675676 0.0135878
0 0.596847 0.818694 0.0315315 0.0247748 0.0200437
3 0.440315 0.654279 0.0292793 0.0337838 0.0947352
3 0.451577 0.653153 0.0292793 0.0315315 0.297937
0 0.596847 0.809685 0.0315315 0.0247748 0.751682
3 0.427928 0.652027 0.018018 0.0292793 0.763842
2 0.454955 0.653153 0.0315315 0.0315315 0.876725
