0 0.611486 0.524775 0.0337838 0.027027 0.00125166
3 0.681306 0.255631 0.0292793 0.0247748 0.00622155
0 0.608108 0.597973 0.0315315 0.0247748 0.00882699
0 0.608108 0.581081 0.0315315 0.027027 0.00933816
0 0.609234 0.564189 0.0292793 0.0247748 0.0141846
0 0.609234 0.537162 0.0292793 0.0247748 0.0221522
1 0.621622 0.996622 0.027027 0.00675676 0.0801193
3 0.676802 0.278153 0.0337838 0.0292793 0.454584
0 0.609234 0.545045 0.0292793 0.0225225 0.740935
3 0.690315 0.252252 0.0247748 0.018018 0.797707
2 0.676802 0.278153 0.0337838 0.0292793 0.891054
