0 0.619369 0.789414 0.036036 0.0382883 0.00107732
2 0.47973 0.00225225 0.045045 0.0045045 0.0013429
0 0.618243 0.800676 0.0337838 0.0247748 0.00200562
3 0.879505 0.637387 0.0202703 0.036036 0.00225898
2 0.844595 0.611486 0.027027 0.0247748 0.0032652
0 0.617117 0.814189 0.0315315 0.0247748 0.00374952
3 0.844595 0.61036 0.027027 0.027027 0.00409809
0 0.621622 0.768018 0.0315315 0.036036 0.00416219
1 0.605856 0.993243 0.0315315 0.00900901 0.00657097
3 0.881757 0.621622 0.0157658 0.0315315 0.0131253
0 0.630631 0.71509 0.0405405 0.0247748 0.0220883
3 0.851351 0.620495 0.0225225 0.0292793 0.0867706
0 0.628378 0.727477 0.036036 0.027027 0.10659
1 0.611486 0.996622 0.0292793 0.00675676 0.233561
0 0.625 0.73536 0.0337838 0.0247748 0.75356
3 0.887387 0.629505 0.0135135 0.0292793 0.758424
2 0.851351 0.619369 0.027027 0.0315315 0.875224
