0 0.596847 0.576577 0.0315315 0.0495495 0.00146504
0 0.599099 0.602477 0.036036 0.0247748 0.00183702
0 0.618243 0.994369 0.0292793 0.0112613 0.00216198
0 0.594595 0.54955 0.0315315 0.0225225 0.00528843
2 0.417793 0.279279 0.0247748 0.0315315 0.00910532
0 0.592342 0.528153 0.0315315 0.0247748 0.00932654
3 0.440315 0.295045 0.0337838 0.0315315 0.0151978
1 0.618243 0.995495 0.0292793 0.00900901 0.0646622
0 0.593468 0.538288 0.0337838 0.0225225 0.765433
3 0.411036 0.274775 0.0247748 0.0225225 0.804264
2 0.440315 0.295045 0.0337838 0.0315315 0.874313
