1 0.602477 0.994369 0.0292793 0.0112613 0.00111237
2 0.518018 0.468468 0.036036 0.027027 0.00112042
0 0.586712 0.782658 0.0337838 0.0292793 0.00163338
0 0.583333 0.748874 0.0315315 0.0247748 0.00404436
2 0.521396 0.442568 0.0337838 0.0247748 0.0104209
0 0.585586 0.772523 0.0315315 0.018018 0.0162338
1 0.602477 0.996622 0.0292793 0.00675676 0.0555112
3 0.524775 0.461712 0.036036 0.0225225 0.450116
0 0.583333 0.761261 0.0315315 0.0225225 0.727565
3 0.513514 0.426802 0.0315315 0.0112613 0.785146
2 0.523649 0.461712 0.0337838 0.0225225 0.85654
