2 0.516892 0.00225225 0.0472973 0.0045045 0.00107159
2 0.47973 0.00225225 0.045045 0.0045045 0.00135843
0 0.612613 0.888514 0.036036 0.0292793 0.00164439
3 0.740991 0.746622 0.0315315 0.0292793 0.00195178
0 0.615991 0.859234 0.0337838 0.0382883 0.00278077
0 0.615991 0.872748 0.0337838 0.0247748 0.00448426
0 0.617117 0.846847 0.0315315 0.0315315 0.00536094
0 0.619369 0.822072 0.0315315 0.0315315 0.00830113
0 0.621622 0.796171 0.0315315 0.0292793 0.0155668
1 0.61036 0.996622 0.027027 0.00675676 0.079016
3 0.725225 0.743243 0.036036 0.036036 0.435536
0 0.619369 0.809685 0.0315315 0.0247748 0.717709
3 0.745495 0.766892 0.0225225 0.0247748 0.791954
2 0.725225 0.743243 0.036036 0.036036 0.884591
