0 0.57545 0.790541 0.0472973 0.0495495 0.00103061
2 0.480856 0.00337838 0.0472973 0.00675676 0.00104363
2 0.532658 0.00225225 0.0427928 0.0045045 0.00109867
3 0.384009 0.75 0.0427928 0.045045 0.00115569
2 0.516892 0.00337838 0.0472973 0.00675676 0.0013292
0 0.601351 0.877252 0.0315315 0.0247748 0.00249418
0 0.565315 0.761261 0.0405405 0.027027 0.00317665
0 0.595721 0.846847 0.0337838 0.0405405 0.00447331
3 0.382883 0.719595 0.0225225 0.0292793 0.0056691
0 0.588964 0.807432 0.0337838 0.0427928 0.00575014
0 0.596847 0.863739 0.0315315 0.0247748 0.0111533
1 0.609234 0.996622 0.0292793 0.00675676 0.031547
3 0.384009 0.728604 0.0292793 0.0292793 0.144747
3 0.400901 0.709459 0.036036 0.0315315 0.411302
0 0.583333 0.772523 0.036036 0.027027 0.760877
3 0.376126 0.728604 0.0225225 0.0247748 0.821211
2 0.402027 0.709459 0.0337838 0.0315315 0.83361
