2 0.532658 0.00225225 0.0427928 0.0045045 0.00105521
2 0.518018 0.00225225 0.045045 0.0045045 0.00113924
1 0.60473 0.995495 0.0292793 0.00900901 0.00184741
0 0.595721 0.816441 0.0337838 0.0563063 0.00254938
0 0.599099 0.853604 0.0315315 0.027027 0.00292813
0 0.596847 0.832207 0.036036 0.0247748 0.00510873
0 0.588964 0.771396 0.0337838 0.0202703 0.0305956
1 0.61036 0.996622 0.027027 0.00675676 0.11247
3 0.418919 0.647523 0.0315315 0.0337838 0.258101
3 0.391892 0.655405 0.018018 0.0315315 0.766395
0 0.587838 0.762387 0.036036 0.0247748 0.774045
2 0.421171 0.647523 0.0315315 0.0337838 0.898648
