2 0.516892 0.00225225 0.0472973 0.0045045 0.00102229
0 0.600225 0.772523 0.0382883 0.027027 0.00118901
0 0.606982 0.835586 0.0337838 0.027027 0.00119755
0 0.605856 0.81982 0.0315315 0.027027 0.0031182
0 0.602477 0.78491 0.0337838 0.0247748 0.0219621
0 0.605856 0.810811 0.0315315 0.0225225 0.0642227
1 0.614865 0.996622 0.027027 0.00675676 0.0994738
3 0.404279 0.573198 0.0382883 0.0337838 0.192354
3 0.421171 0.579955 0.0315315 0.0337838 0.261845
0 0.605856 0.800676 0.0315315 0.0247748 0.680721
3 0.387387 0.565315 0.018018 0.027027 0.842166
2 0.422297 0.578829 0.0292793 0.0315315 0.847326
