2 0.554054 0.00225225 0.045045 0.0045045 0.00101577
2 0.441441 0.00225225 0.045045 0.0045045 0.00110904
2 0.907658 0.243243 0.0405405 0.0315315 0.00118784
2 0.515766 0.00225225 0.045045 0.0045045 0.00121382
2 0.47973 0.00225225 0.045045 0.0045045 0.00138107
0 0.593468 0.922297 0.0472973 0.0337838 0.0013866
2 0.908784 0.242117 0.0247748 0.0563063 0.00162253
0 0.597973 0.95045 0.0382883 0.0225225 0.00204188
0 0.595721 0.932432 0.0382883 0.027027 0.00230296
0 0.601351 0.972973 0.0405405 0.0315315 0.0110422
3 0.540541 0.707207 0.036036 0.0225225 0.0632967
0 0.603604 0.992117 0.0315315 0.0157658 0.251671
3 0.529279 0.670045 0.0315315 0.0112613 0.784342
2 0.540541 0.707207 0.036036 0.0225225 0.884109
