2 0.322072 0.00225225 0.036036 0.0045045 0.00101189
0 0.602477 0.867117 0.0337838 0.027027 0.00103987
2 0.478604 0.00225225 0.0427928 0.0045045 0.00108582
0 0.601351 0.851351 0.0315315 0.0225225 0.0022002
0 0.603604 0.795045 0.0315315 0.027027 0.00354052
3 0.722973 0.559685 0.027027 0.0292793 0.00460896
0 0.601351 0.842342 0.0315315 0.027027 0.00482184
0 0.603604 0.829955 0.0315315 0.0202703 0.0135454
0 0.602477 0.806306 0.0292793 0.0225225 0.0685418
1 0.606982 0.996622 0.0292793 0.00675676 0.0830084
3 0.708333 0.574324 0.0337838 0.0315315 0.261037
0 0.602477 0.815315 0.0292793 0.0225225 0.68816
3 0.730856 0.554054 0.0247748 0.0225225 0.768484
2 0.707207 0.574324 0.0315315 0.0315315 0.881563
