1 0.623874 0.993243 0.0315315 0.0135135 0.00117724
0 0.611486 0.557432 0.0292793 0.0247748 0.00259619
0 0.611486 0.525901 0.0337838 0.0247748 0.00320129
0 0.609234 0.583333 0.0337838 0.027027 0.00448433
0 0.609234 0.601351 0.0337838 0.027027 0.00471918
0 0.61036 0.566441 0.0315315 0.0292793 0.00812544
1 0.621622 0.996622 0.027027 0.00675676 0.0495984
3 0.681306 0.277027 0.0337838 0.0315315 0.443309
0 0.61036 0.545045 0.0315315 0.0225225 0.740843
3 0.69482 0.251126 0.0247748 0.0202703 0.822724
2 0.681306 0.277027 0.0337838 0.0315315 0.837421
