2 0.885135 0.226351 0.0765766 0.123874 0.00152625
0 0.635135 0.82545 0.0315315 0.0247748 0.00210295
0 0.638514 0.793919 0.0337838 0.0247748 0.00234934
0 0.636261 0.810811 0.0337838 0.036036 0.00473138
3 0.730856 0.442568 0.0337838 0.0202703 0.00591755
0 0.632883 0.833333 0.0315315 0.0225225 0.00989242
0 0.640766 0.782658 0.0337838 0.0247748 0.00993407
0 0.646396 0.748874 0.0315315 0.0247748 0.0154589
0 0.643018 0.774775 0.0337838 0.027027 0.0478493
1 0.615991 0.996622 0.0292793 0.00675676 0.136503
3 0.724099 0.470721 0.0337838 0.027027 0.426793
0 0.64527 0.760135 0.0337838 0.0247748 0.690812
3 0.736486 0.436937 0.027027 0.018018 0.808438
2 0.724099 0.470721 0.0337838 0.027027 0.862063
