2 0.877252 0.219595 0.0833333 0.123874 0.00100458
0 0.636261 0.652027 0.0337838 0.0247748 0.00220414
0 0.649775 0.574324 0.0337838 0.0405405 0.00361517
0 0.643018 0.605856 0.0382883 0.027027 0.0040149
0 0.638514 0.623874 0.0337838 0.0225225 0.0055306
3 0.865991 0.532658 0.0292793 0.0292793 0.00896371
0 0.636261 0.641892 0.0337838 0.0225225 0.00945825
3 0.89527 0.566441 0.0247748 0.0202703 0.0222014
3 0.879505 0.558559 0.0337838 0.036036 0.066585
1 0.615991 0.996622 0.0292793 0.00675676 0.111401
3 0.872748 0.543919 0.0292793 0.0292793 0.244051
0 0.656532 0.542793 0.0382883 0.027027 0.748203
3 0.888514 0.561937 0.0247748 0.0202703 0.818003
2 0.864865 0.532658 0.0315315 0.0292793 0.858095
