1 0.495495 0.00225225 0.0405405 0.0045045 0.00100771
2 0.516892 0.00225225 0.0472973 0.0045045 0.00110648
2 0.47973 0.00225225 0.045045 0.0045045 0.0011892
0 0.609234 0.820946 0.0337838 0.0292793 0.00120325
0 0.609234 0.881757 0.0382883 0.0337838 0.00190628
0 0.605856 0.844595 0.036036 0.0405405 0.00464449
3 0.702703 0.779279 0.0225225 0.0225225 0.0060453
0 0.609234 0.865991 0.0337838 0.0292793 0.00747559
0 0.611486 0.789414 0.0337838 0.0292793 0.00807005
0 0.609234 0.809685 0.0337838 0.0247748 0.0380437
1 0.606982 0.996622 0.0292793 0.00675676 0.0652048
0 0.691441 0.753378 0.036036 0.0337838 0.205475
3 0.689189 0.748874 0.036036 0.0382883 0.402233
3 0.699324 0.765766 0.0292793 0.027027 0.604008
0 0.609234 0.79955 0.0292793 0.027027 0.675401
3 0.706081 0.772523 0.0247748 0.0225225 0.744812
2 0.688063 0.747748 0.0337838 0.036036 0.829579
