0 0.637387 0.800676 0.036036 0.0247748 0.00131408
0 0.629505 0.844595 0.0337838 0.027027 0.00211137
0 0.635135 0.817568 0.0315315 0.045045 0.0028955
0 0.630631 0.829955 0.0315315 0.0382883 0.00389328
0 0.640766 0.773649 0.0337838 0.0247748 0.00424719
0 0.63964 0.790541 0.036036 0.036036 0.0108873
3 0.865991 0.734234 0.0247748 0.0225225 0.0184042
0 0.643018 0.761261 0.0337838 0.0225225 0.0707294
1 0.618243 0.994369 0.0292793 0.00675676 0.18251
3 0.836712 0.706081 0.0337838 0.0337838 0.455627
0 0.64527 0.748874 0.0337838 0.0247748 0.746274
3 0.859234 0.72973 0.0247748 0.0225225 0.812607
2 0.834459 0.704955 0.0337838 0.0315315 0.878769
