1 0.609234 0.989865 0.0337838 0.0157658 0.00111998
0 0.618243 0.856982 0.0337838 0.0247748 0.0012339
0 0.618243 0.869369 0.0337838 0.0225225 0.00130712
2 0.88964 0.226351 0.0765766 0.123874 0.00187943
0 0.628378 0.779279 0.0315315 0.0225225 0.00200263
0 0.629505 0.759009 0.0337838 0.0225225 0.0143958
1 0.608108 0.995495 0.027027 0.0045045 0.259118
3 0.698198 0.477477 0.0315315 0.027027 0.433629
0 0.630631 0.768018 0.0315315 0.0225225 0.755631
3 0.709459 0.44482 0.027027 0.0157658 0.777137
2 0.698198 0.478604 0.0315315 0.0247748 0.875433
