1 0.495495 0.00225225 0.0405405 0.0045045 0.00101519
2 0.337838 0.00225225 0.036036 0.0045045 0.00109074
2 0.515766 0.00225225 0.045045 0.0045045 0.00109096
2 0.495495 0.00225225 0.0405405 0.0045045 0.00114568
2 0.47973 0.00225225 0.045045 0.0045045 0.00120922
3 0.546171 0.771396 0.0382883 0.0202703 0.00142879
0 0.601351 0.988739 0.036036 0.0225225 0.00279474
0 0.602477 0.994369 0.0337838 0.0112613 0.0539733
3 0.552928 0.791667 0.0382883 0.0427928 0.0555793
2 0.552928 0.790541 0.0382883 0.0405405 0.0726147
3 0.556306 0.806306 0.036036 0.0225225 0.388648
3 0.546171 0.773649 0.0292793 0.0112613 0.798759
2 0.556306 0.806306 0.036036 0.0225225 0.847673
