1 0.620495 0.994369 0.0292793 0.0112613 0.00102886
2 0.554054 0.00225225 0.045045 0.0045045 0.00105923
2 0.480856 0.00225225 0.0427928 0.0045045 0.00114299
1 0.515766 0.00225225 0.0405405 0.0045045 0.00120549
2 0.518018 0.00225225 0.045045 0.0045045 0.00145172
0 0.609234 0.797297 0.0337838 0.027027 0.00209221
2 0.466216 0.572072 0.0405405 0.0630631 0.0021415
0 0.611486 0.817568 0.0292793 0.0225225 0.00365625
1 0.620495 0.996622 0.0292793 0.00675676 0.0366299
2 0.44482 0.573198 0.0292793 0.0337838 0.0558358
3 0.460586 0.581081 0.0337838 0.0315315 0.432535
0 0.61036 0.808559 0.0315315 0.0225225 0.773956
3 0.433559 0.561937 0.0202703 0.0247748 0.798593
2 0.461712 0.581081 0.0315315 0.0315315 0.880348
