0 0.649775 0.55518 0.0337838 0.0247748 0.00100975
0 0.634009 0.638514 0.0337838 0.0247748 0.00134177
3 0.842342 0.472973 0.027027 0.0225225 0.00150695
2 0.891892 0.211712 0.0810811 0.045045 0.0043838
0 0.637387 0.615991 0.0315315 0.0247748 0.00676547
0 0.643018 0.57545 0.0337838 0.0472973 0.00750563
0 0.640766 0.593468 0.0292793 0.0337838 0.0123498
2 0.863739 0.494369 0.0337838 0.0292793 0.0126642
3 0.858108 0.498874 0.0315315 0.0337838 0.0142264
0 0.640766 0.60473 0.0337838 0.0247748 0.0192551
1 0.618243 0.996622 0.0292793 0.00675676 0.127594
3 0.850225 0.488739 0.0337838 0.0315315 0.224093
0 0.650901 0.541667 0.036036 0.0247748 0.717609
3 0.881757 0.510135 0.0247748 0.0247748 0.832156
2 0.850225 0.487613 0.0337838 0.0337838 0.894137
