0 0.567568 0.765766 0.0495495 0.0405405 0.00103256
3 0.344595 0.739865 0.0315315 0.0518018 0.00137838
0 0.594595 0.86036 0.0315315 0.0225225 0.00154762
0 0.591216 0.846847 0.0337838 0.0405405 0.00212066
3 0.370495 0.72973 0.0247748 0.0315315 0.00249384
0 0.583333 0.768018 0.0405405 0.027027 0.00289765
0 0.595721 0.873874 0.0337838 0.0225225 0.00399173
0 0.583333 0.793919 0.036036 0.0292793 0.00517784
1 0.609234 0.996622 0.0292793 0.00675676 0.124924
3 0.373874 0.720721 0.036036 0.036036 0.300632
0 0.581081 0.778153 0.036036 0.0247748 0.783454
3 0.353604 0.733108 0.0225225 0.0247748 0.801369
2 0.378378 0.716216 0.0315315 0.0315315 0.878656
