0 0.644144 0.766892 0.036036 0.0292793 0.00110576
2 0.481982 0.00225225 0.045045 0.0045045 0.00114345
2 0.518018 0.00225225 0.045045 0.0045045 0.00122711
0 0.625 0.993243 0.0292793 0.0135135 0.00172826
0 0.632883 0.880631 0.036036 0.0315315 0.00207173
0 0.640766 0.824324 0.0337838 0.036036 0.00257331
0 0.632883 0.869369 0.0315315 0.0225225 0.0033507
0 0.632883 0.855856 0.0315315 0.0225225 0.0152625
0 0.634009 0.837838 0.0292793 0.027027 0.0269205
0 0.640766 0.792793 0.0337838 0.027027 0.0274522
1 0.625 0.996622 0.0292793 0.00675676 0.0479405
3 0.801802 0.779279 0.036036 0.036036 0.140865
0 0.643018 0.780405 0.0337838 0.0247748 0.739892
3 0.81982 0.809685 0.027027 0.0247748 0.819414
2 0.79955 0.778153 0.036036 0.0337838 0.884657
