2 0.516892 0.00225225 0.0472973 0.0045045 0.00107723
2 0.478604 0.00225225 0.0472973 0.0045045 0.00125302
2 0.324324 0.00225225 0.0405405 0.0045045 0.00127533
0 0.600225 0.863739 0.0337838 0.0247748 0.00144334
0 0.587838 0.759009 0.036036 0.027027 0.00447934
0 0.599099 0.84009 0.036036 0.027027 0.00448989
0 0.595721 0.820946 0.0337838 0.0518018 0.00535068
0 0.600225 0.850225 0.0337838 0.0247748 0.00604097
3 0.417793 0.710586 0.0292793 0.0292793 0.0156038
0 0.591216 0.779279 0.0337838 0.0225225 0.0207077
1 0.611486 0.996622 0.0292793 0.00675676 0.0639364
3 0.434685 0.699324 0.036036 0.0337838 0.292667
0 0.59009 0.769144 0.036036 0.0247748 0.749383
3 0.412162 0.717342 0.0225225 0.0247748 0.848783
2 0.436937 0.699324 0.0315315 0.0337838 0.889629
