0 0.619369 0.85473 0.0315315 0.0247748 0.00122105
1 0.623874 0.994369 0.0315315 0.0112613 0.00123798
0 0.618243 0.789414 0.0337838 0.0292793 0.00159181
0 0.619369 0.742117 0.0315315 0.0247748 0.00164862
0 0.619369 0.768018 0.0315315 0.027027 0.00464011
3 0.710586 0.488739 0.0292793 0.0225225 0.0382906
1 0.621622 0.996622 0.027027 0.00675676 0.0729556
3 0.701577 0.504505 0.0337838 0.0315315 0.468976
0 0.620495 0.755631 0.0292793 0.0247748 0.73076
3 0.717342 0.480856 0.0247748 0.0202703 0.810313
2 0.701577 0.505631 0.0337838 0.0337838 0.869649
