2 0.516892 0.00225225 0.0472973 0.0045045 0.00100009
0 0.614865 0.809685 0.0315315 0.0247748 0.00125373
2 0.477477 0.00225225 0.045045 0.0045045 0.00127396
1 0.611486 0.993243 0.0337838 0.0135135 0.0017408
0 0.620495 0.753378 0.0337838 0.0382883 0.00215592
0 0.622748 0.713964 0.0337838 0.0225225 0.00326637
3 0.843468 0.573198 0.0247748 0.0247748 0.00355597
0 0.619369 0.765766 0.0315315 0.027027 0.00591422
0 0.617117 0.800676 0.0315315 0.0247748 0.00623397
3 0.881757 0.599099 0.0202703 0.0315315 0.00804659
0 0.621622 0.72973 0.0315315 0.036036 0.00863135
0 0.627252 0.690315 0.0337838 0.0247748 0.0126665
0 0.619369 0.783784 0.027027 0.0315315 0.024809
3 0.851351 0.585586 0.027027 0.0315315 0.0761664
1 0.611486 0.996622 0.0292793 0.00675676 0.0862621
0 0.626126 0.699324 0.0315315 0.0247748 0.738144
3 0.886261 0.594595 0.0157658 0.0315315 0.781089
2 0.851351 0.584459 0.027027 0.0337838 0.867249
