3 0.844595 0.702703 0.027027 0.0225225 0.00119541
2 0.861486 0.731982 0.0292793 0.027027 0.00178584
0 0.64527 0.772523 0.0337838 0.0315315 0.0019615
0 0.650901 0.734234 0.0405405 0.027027 0.00250562
0 0.634009 0.81982 0.0337838 0.0225225 0.00279898
0 0.629505 0.843468 0.0337838 0.0247748 0.00305588
0 0.630631 0.829955 0.0315315 0.0337838 0.0051127
0 0.640766 0.800676 0.0382883 0.0382883 0.00549483
0 0.644144 0.761261 0.036036 0.0225225 0.00890579
3 0.86036 0.736486 0.0315315 0.0315315 0.0217937
3 0.885135 0.751126 0.0225225 0.0202703 0.0445008
1 0.617117 0.996622 0.0315315 0.00675676 0.181039
3 0.850225 0.720721 0.0337838 0.0315315 0.192972
0 0.648649 0.746622 0.036036 0.0247748 0.760206
3 0.877252 0.747748 0.0247748 0.0225225 0.869088
2 0.850225 0.720721 0.0337838 0.0315315 0.881748
