2 0.480856 0.00225225 0.0472973 0.0045045 0.00103006
2 0.516892 0.00337838 0.0472973 0.00675676 0.00111767
0 0.576577 0.781532 0.045045 0.045045 0.0011272
3 0.32545 0.995495 0.0247748 0.00900901 0.00126749
0 0.564189 0.762387 0.0518018 0.0382883 0.0013743
2 0.320946 0.00225225 0.0427928 0.0045045 0.00141116
0 0.595721 0.859234 0.0337838 0.0247748 0.00179415
0 0.591216 0.836712 0.0337838 0.0427928 0.00213555
0 0.596847 0.871622 0.0315315 0.0225225 0.00285934
1 0.60473 0.994369 0.0292793 0.0112613 0.00660356
0 0.585586 0.796171 0.036036 0.0337838 0.00776797
1 0.609234 0.996622 0.0292793 0.00675676 0.106609
3 0.386261 0.712838 0.0337838 0.0337838 0.423326
0 0.581081 0.773649 0.036036 0.0247748 0.758009
3 0.361486 0.733108 0.0247748 0.0247748 0.805611
2 0.387387 0.713964 0.0315315 0.0315315 0.865412
