0 0.652027 0.727477 0.0382883 0.036036 0.00100151
2 0.481982 0.00225225 0.045045 0.0045045 0.00102841
2 0.516892 0.00225225 0.0472973 0.0045045 0.00114866
3 0.842342 0.704955 0.027027 0.0225225 0.00139397
0 0.632883 0.831081 0.0315315 0.0225225 0.00220198
0 0.640766 0.774775 0.0337838 0.0225225 0.00280194
0 0.634009 0.818694 0.0337838 0.0247748 0.00363654
0 0.641892 0.791667 0.036036 0.0337838 0.00986519
3 0.885135 0.75 0.0225225 0.0225225 0.010157
3 0.871622 0.738739 0.0225225 0.0225225 0.0194882
0 0.650901 0.739865 0.036036 0.0247748 0.0323295
3 0.853604 0.72973 0.0315315 0.0315315 0.0339058
0 0.64527 0.761261 0.0337838 0.0225225 0.0419884
2 0.864865 0.734234 0.0315315 0.027027 0.0444347
3 0.864865 0.734234 0.0315315 0.027027 0.0447973
3 0.846847 0.720721 0.0315315 0.0315315 0.199878
1 0.618243 0.994369 0.0292793 0.00675676 0.204126
2 0.85473 0.727477 0.0382883 0.036036 0.236479
0 0.648649 0.747748 0.036036 0.0225225 0.748906
3 0.875 0.747748 0.0247748 0.0225225 0.8584
2 0.847973 0.719595 0.0337838 0.0292793 0.884063
