0 0.619369 0.813063 0.0315315 0.027027 0.00107813
0 0.620495 0.791667 0.0337838 0.0292793 0.00141485
1 0.622748 0.994369 0.0292793 0.0112613 0.00156199
0 0.619369 0.835586 0.0315315 0.027027 0.00189683
0 0.619369 0.850225 0.0315315 0.0247748 0.00198792
0 0.621622 0.737613 0.0315315 0.0292793 0.00209966
0 0.621622 0.780405 0.045045 0.0382883 0.00246383
0 0.620495 0.77027 0.0337838 0.027027 0.00332012
1 0.621622 0.996622 0.027027 0.00675676 0.0910815
3 0.701577 0.493243 0.0337838 0.0315315 0.25024
0 0.620495 0.755631 0.0292793 0.0247748 0.737981
3 0.717342 0.469595 0.0247748 0.0202703 0.806378
2 0.701577 0.494369 0.0337838 0.0292793 0.877807
