2 0.440315 0.00225225 0.0472973 0.0045045 0.00106067
2 0.557432 0.00337838 0.0472973 0.00675676 0.00108714
2 0.322072 0.00225225 0.0405405 0.0045045 0.00109326
2 0.519144 0.00225225 0.0472973 0.0045045 0.00115791
2 0.478604 0.00225225 0.0472973 0.0045045 0.00120678
3 0.344595 0.738739 0.0315315 0.0495495 0.00137466
0 0.591216 0.841216 0.0337838 0.0427928 0.00165376
0 0.595721 0.868243 0.0337838 0.0247748 0.00220964
0 0.594595 0.858108 0.0315315 0.0225225 0.00266834
0 0.585586 0.798423 0.036036 0.0337838 0.00630102
1 0.60473 0.993243 0.0292793 0.00900901 0.00959607
1 0.608108 0.996622 0.027027 0.00675676 0.115576
3 0.371622 0.720721 0.045045 0.0405405 0.219631
0 0.581081 0.775901 0.036036 0.0247748 0.780811
3 0.353604 0.733108 0.0225225 0.0247748 0.793041
2 0.380631 0.713964 0.0315315 0.0315315 0.885827
