2 0.480856 0.00225225 0.0472973 0.0045045 0.00101076
2 0.887387 0.245495 0.027027 0.0855856 0.00105013
2 0.396396 0.579955 0.0225225 0.0382883 0.00105419
0 0.601351 0.851351 0.0315315 0.027027 0.00192496
1 0.60473 0.993243 0.0292793 0.00900901 0.00192983
0 0.596847 0.831081 0.0315315 0.036036 0.00269463
1 0.61036 0.996622 0.027027 0.00675676 0.110292
3 0.429054 0.595721 0.0292793 0.0337838 0.428392
0 0.594595 0.782658 0.0315315 0.0247748 0.767182
3 0.400901 0.584459 0.018018 0.0292793 0.809598
2 0.429054 0.594595 0.0292793 0.0315315 0.899778
