2 0.480856 0.00337838 0.0472973 0.00675676 0.00100722
2 0.516892 0.00337838 0.0472973 0.00675676 0.00113313
2 0.322072 0.00225225 0.0405405 0.0045045 0.00115327
0 0.602477 0.850225 0.0337838 0.0247748 0.00272313
0 0.601351 0.837838 0.036036 0.027027 0.00324224
0 0.596847 0.810811 0.0315315 0.045045 0.00371786
0 0.592342 0.757883 0.036036 0.0247748 0.00874578
0 0.595721 0.779279 0.0337838 0.0225225 0.0116134
1 0.611486 0.996622 0.0292793 0.00675676 0.0865814
3 0.457207 0.69482 0.036036 0.0337838 0.318542
0 0.594595 0.77027 0.0315315 0.027027 0.754045
3 0.435811 0.712838 0.0247748 0.0247748 0.803009
2 0.458333 0.693694 0.0337838 0.0315315 0.873777
