2 0.47973 0.00337838 0.045045 0.00675676 0.00111815
0 0.599099 0.864865 0.0315315 0.0225225 0.00196252
3 0.376126 0.672297 0.0225225 0.0382883 0.00236727
0 0.587838 0.759009 0.036036 0.027027 0.00293055
0 0.596847 0.837838 0.036036 0.027027 0.00464542
0 0.593468 0.814189 0.0337838 0.0472973 0.00509343
0 0.597973 0.85473 0.0337838 0.0247748 0.00688206
0 0.591216 0.779279 0.0337838 0.0225225 0.0337067
1 0.609234 0.996622 0.0292793 0.00675676 0.0835109
3 0.40991 0.666667 0.0315315 0.0315315 0.350631
0 0.59009 0.771396 0.0315315 0.0247748 0.76324
3 0.385135 0.679054 0.0225225 0.0292793 0.782367
2 0.412162 0.666667 0.0315315 0.0315315 0.873422
