2 0.480856 0.00225225 0.0472973 0.0045045 0.0010184
2 0.515766 0.00225225 0.045045 0.0045045 0.00115323
3 0.381757 0.747748 0.0427928 0.045045 0.00127301
0 0.57545 0.789414 0.0472973 0.0472973 0.0012997
0 0.581081 0.757883 0.0405405 0.0292793 0.00183752
0 0.600225 0.876126 0.0337838 0.027027 0.00191429
1 0.60473 0.994369 0.0292793 0.0112613 0.00242455
0 0.568694 0.762387 0.0427928 0.0247748 0.00315507
0 0.594595 0.846847 0.0315315 0.0405405 0.00340935
0 0.587838 0.80518 0.036036 0.0427928 0.0061422
0 0.595721 0.861486 0.0337838 0.0247748 0.00756276
2 0.382883 0.717342 0.027027 0.0292793 0.0188196
0 0.584459 0.780405 0.0337838 0.0247748 0.0940549
1 0.609234 0.996622 0.0292793 0.00675676 0.0957884
3 0.384009 0.727477 0.0292793 0.0315315 0.134155
3 0.398649 0.710586 0.036036 0.0337838 0.416717
0 0.583333 0.772523 0.036036 0.027027 0.756323
3 0.376126 0.728604 0.0225225 0.0247748 0.833109
2 0.399775 0.709459 0.0337838 0.0315315 0.863785
