2 0.881757 0.78491 0.0743243 0.128378 0.00116453
0 0.640766 0.609234 0.0382883 0.0247748 0.00136556
3 0.89527 0.515766 0.0247748 0.0225225 0.00211199
0 0.650901 0.552928 0.036036 0.0247748 0.00417752
0 0.636261 0.637387 0.0337838 0.0225225 0.00425029
0 0.646396 0.570946 0.036036 0.0472973 0.00562989
0 0.638514 0.620495 0.0337838 0.0247748 0.00800693
0 0.641892 0.597973 0.0315315 0.0337838 0.00837784
2 0.896396 0.211712 0.0675676 0.036036 0.0129895
3 0.858108 0.489865 0.0315315 0.0337838 0.175138
1 0.618243 0.996622 0.0292793 0.00675676 0.186514
0 0.652027 0.542793 0.0382883 0.027027 0.731552
3 0.88964 0.511261 0.0225225 0.0225225 0.807063
2 0.858108 0.488739 0.0315315 0.0315315 0.879847
