2 0.477477 0.00225225 0.045045 0.0045045 0.00100683
0 0.603604 0.77027 0.0315315 0.0225225 0.00122864
0 0.606982 0.844595 0.0337838 0.0315315 0.00123212
0 0.60473 0.829955 0.0382883 0.0382883 0.00153341
0 0.60473 0.801802 0.0337838 0.0315315 0.00190306
0 0.605856 0.78491 0.0315315 0.0382883 0.00201908
0 0.60473 0.738739 0.0337838 0.027027 0.00519026
3 0.570946 0.632883 0.0337838 0.0315315 0.00542831
0 0.606982 0.816441 0.0337838 0.0292793 0.00648988
1 0.606982 0.996622 0.0292793 0.00675676 0.175012
3 0.561937 0.640766 0.0337838 0.0337838 0.34995
3 0.55518 0.649775 0.0247748 0.0247748 0.699876
0 0.605856 0.753378 0.0315315 0.0247748 0.702213
2 0.563063 0.638514 0.0315315 0.0337838 0.860053
