0 0.606982 0.552928 0.0337838 0.0292793 0.0034785
0 0.605856 0.617117 0.0315315 0.027027 0.00384711
0 0.606982 0.584459 0.0292793 0.0472973 0.00489462
2 0.744369 0.403153 0.0292793 0.0315315 0.00545648
0 0.61036 0.518018 0.0315315 0.027027 0.00765993
0 0.606982 0.597973 0.0337838 0.0292793 0.0180096
0 0.609234 0.540541 0.0292793 0.0225225 0.0336283
1 0.609234 0.996622 0.0292793 0.00675676 0.115485
3 0.730856 0.404279 0.0292793 0.0337838 0.252566
0 0.608108 0.530405 0.0315315 0.0247748 0.724246
3 0.754505 0.411036 0.018018 0.0292793 0.803512
2 0.72973 0.404279 0.0315315 0.0337838 0.835793
