0 0.627252 0.844595 0.0337838 0.0315315 0.00254362
0 0.632883 0.782658 0.0315315 0.0247748 0.002633
0 0.632883 0.756757 0.036036 0.027027 0.00298133
0 0.630631 0.810811 0.0315315 0.045045 0.00351959
0 0.628378 0.834459 0.0315315 0.0247748 0.00386175
3 0.653153 0.477477 0.0315315 0.027027 0.00891536
3 0.653153 0.440315 0.0315315 0.0112613 0.0297202
1 0.622748 0.996622 0.0292793 0.00675676 0.130372
3 0.654279 0.449324 0.0337838 0.0292793 0.167481
3 0.655405 0.443694 0.0315315 0.0135135 0.657221
0 0.632883 0.771396 0.0315315 0.0247748 0.752843
2 0.653153 0.477477 0.0315315 0.027027 0.829829
