3 0.844595 0.469595 0.027027 0.0247748 0.00103733
0 0.63964 0.643018 0.0315315 0.0472973 0.00143015
0 0.650901 0.552928 0.036036 0.0247748 0.00146685
0 0.634009 0.655405 0.0337838 0.0225225 0.00159681
3 0.855856 0.5 0.0315315 0.0405405 0.00247022
0 0.64527 0.568694 0.0337838 0.0427928 0.00448403
0 0.638514 0.619369 0.0337838 0.027027 0.00542742
2 0.893018 0.209459 0.0788288 0.0405405 0.00551085
0 0.644144 0.59009 0.0315315 0.027027 0.00682302
0 0.636261 0.64527 0.0337838 0.0247748 0.00877041
0 0.641892 0.602477 0.036036 0.0247748 0.0119023
3 0.868243 0.5 0.0337838 0.027027 0.0155985
1 0.618243 0.996622 0.0292793 0.00675676 0.0945176
3 0.853604 0.486486 0.0315315 0.0315315 0.175256
0 0.650901 0.543919 0.036036 0.0247748 0.739544
3 0.884009 0.510135 0.0247748 0.0247748 0.815366
2 0.853604 0.486486 0.0315315 0.0315315 0.87343
