2 0.338964 0.00225225 0.0382883 0.0045045 0.0010134
2 0.913288 0.244369 0.0247748 0.0698198 0.00102027
2 0.478604 0.00337838 0.0472973 0.00675676 0.00132345
0 0.650901 0.734234 0.0405405 0.027027 0.00366755
0 0.632883 0.817568 0.0315315 0.0315315 0.00415263
0 0.644144 0.774775 0.0315315 0.0315315 0.00425191
3 0.88964 0.751126 0.0225225 0.0247748 0.006444
0 0.643018 0.752252 0.0337838 0.0225225 0.00648042
0 0.636261 0.809685 0.0337838 0.0247748 0.00918696
0 0.640766 0.797297 0.0337838 0.0315315 0.0133247
0 0.644144 0.762387 0.036036 0.0247748 0.0186564
1 0.615991 0.995495 0.0292793 0.00900901 0.146666
3 0.858108 0.717342 0.0315315 0.0292793 0.176865
0 0.648649 0.746622 0.036036 0.0247748 0.773736
3 0.886261 0.742117 0.0247748 0.0247748 0.815919
2 0.858108 0.716216 0.0315315 0.0315315 0.882312
