0 0.635135 0.637387 0.0315315 0.0225225 0.00241125
0 0.637387 0.623874 0.0315315 0.0225225 0.00297598
2 0.886261 0.217342 0.0743243 0.11036 0.00337676
0 0.644144 0.576577 0.036036 0.027027 0.00590801
0 0.63964 0.595721 0.0315315 0.0337838 0.00591247
3 0.865991 0.532658 0.0292793 0.0292793 0.00848047
3 0.89527 0.565315 0.0247748 0.0225225 0.00973936
0 0.648649 0.564189 0.036036 0.0337838 0.0116747
3 0.879505 0.556306 0.0337838 0.036036 0.063345
1 0.615991 0.996622 0.0292793 0.00675676 0.100368
3 0.875 0.545045 0.0292793 0.027027 0.216065
0 0.653153 0.546171 0.036036 0.0247748 0.753926
3 0.888514 0.560811 0.0247748 0.0225225 0.809818
2 0.864865 0.532658 0.0315315 0.0292793 0.860871
