2 0.551802 0.00337838 0.045045 0.00675676 0.00105904
2 0.323198 0.00225225 0.0382883 0.0045045 0.00108033
2 0.519144 0.00225225 0.0472973 0.0045045 0.00119271
0 0.603604 0.988739 0.036036 0.018018 0.00138711
2 0.550676 0.800676 0.0382883 0.0247748 0.00351834
0 0.60473 0.995495 0.0337838 0.00900901 0.0220707
1 0.60473 0.995495 0.0337838 0.00900901 0.0304517
3 0.551802 0.809685 0.036036 0.0247748 0.338903
3 0.540541 0.778153 0.0315315 0.0112613 0.789925
2 0.551802 0.810811 0.036036 0.0225225 0.867151
