1 0.602477 0.994369 0.0292793 0.0112613 0.00101737
3 0.780405 0.556306 0.0157658 0.018018 0.00145909
3 0.489865 0.461712 0.0382883 0.018018 0.00150352
0 0.584459 0.81982 0.0337838 0.027027 0.00395222
3 0.503378 0.504505 0.0337838 0.0225225 0.012745
0 0.582207 0.787162 0.0337838 0.0247748 0.016052
0 0.583333 0.810811 0.0315315 0.0225225 0.0385374
1 0.60473 0.996622 0.0292793 0.00675676 0.0713647
0 0.582207 0.800676 0.0337838 0.0247748 0.748693
3 0.490991 0.469595 0.0315315 0.0112613 0.800002
2 0.504505 0.504505 0.036036 0.0225225 0.903297
