2 0.913288 0.719595 0.0788288 0.0743243 0.0012803
0 0.619369 0.652027 0.0315315 0.0292793 0.00141881
2 0.914414 0.720721 0.0405405 0.121622 0.00153042
0 0.621622 0.592342 0.0315315 0.027027 0.00258257
0 0.625 0.54955 0.0292793 0.0225225 0.00383846
0 0.619369 0.631757 0.0315315 0.0247748 0.00447021
0 0.621622 0.603604 0.0315315 0.0315315 0.00512545
2 0.888514 0.706081 0.0518018 0.101351 0.00533944
0 0.627252 0.528153 0.0337838 0.0247748 0.00734877
0 0.620495 0.617117 0.0292793 0.0225225 0.0363087
1 0.613739 0.996622 0.0292793 0.00675676 0.109907
3 0.788288 0.418919 0.027027 0.0315315 0.202847
3 0.800676 0.422297 0.0292793 0.0337838 0.256601
0 0.626126 0.539414 0.0315315 0.0247748 0.748415
3 0.816441 0.425676 0.0157658 0.0315315 0.748681
2 0.788288 0.417793 0.027027 0.0292793 0.810946
