2 0.879505 0.219595 0.0833333 0.128378 0.00127005
2 0.887387 0.788288 0.0585586 0.103604 0.00127289
0 0.65991 0.525901 0.0405405 0.0292793 0.00181941
0 0.634009 0.63964 0.0337838 0.0225225 0.00286168
0 0.637387 0.623874 0.0315315 0.0225225 0.00302388
0 0.63964 0.596847 0.0315315 0.036036 0.00539196
0 0.644144 0.577703 0.036036 0.0247748 0.00758026
3 0.864865 0.527027 0.0315315 0.0315315 0.00800213
0 0.646396 0.566441 0.036036 0.0382883 0.0114071
0 0.650901 0.552928 0.036036 0.0247748 0.012494
3 0.881757 0.556306 0.0337838 0.0405405 0.0469129
3 0.887387 0.545045 0.0225225 0.0225225 0.0541514
1 0.618243 0.996622 0.0292793 0.00675676 0.123207
3 0.875 0.538288 0.0337838 0.0315315 0.211162
0 0.653153 0.543919 0.036036 0.0247748 0.716985
3 0.88964 0.55518 0.0225225 0.0202703 0.824798
2 0.864865 0.528153 0.0315315 0.0292793 0.893315
