1 0.60473 0.994369 0.0337838 0.0112613 0.00113558
3 0.5 0.438063 0.045045 0.0202703 0.0019125
0 0.584459 0.759009 0.0337838 0.027027 0.00208469
3 0.503378 0.432432 0.0292793 0.0135135 0.00234251
0 0.585586 0.779279 0.0315315 0.0225225 0.0134913
3 0.511261 0.447072 0.0315315 0.0202703 0.0614397
1 0.611486 0.996622 0.0292793 0.00675676 0.0661513
3 0.513514 0.471847 0.036036 0.0247748 0.437469
3 0.503378 0.438063 0.0292793 0.0112613 0.737567
0 0.583333 0.77027 0.0315315 0.0225225 0.771727
2 0.513514 0.470721 0.036036 0.0225225 0.899536
