0 0.619369 0.862613 0.0315315 0.027027 0.00105396
3 0.61036 0.440315 0.0315315 0.0202703 0.00119195
2 0.61036 0.440315 0.0315315 0.0202703 0.00171235
0 0.618243 0.84009 0.0337838 0.027027 0.00291382
0 0.618243 0.813063 0.0337838 0.036036 0.00346809
0 0.619369 0.852477 0.0315315 0.0247748 0.00445481
0 0.618243 0.756757 0.0337838 0.027027 0.00623353
1 0.620495 0.995495 0.0292793 0.00900901 0.0703039
3 0.612613 0.467342 0.0315315 0.0247748 0.417308
0 0.618243 0.771396 0.0337838 0.0247748 0.73787
3 0.61036 0.431306 0.0315315 0.0112613 0.755008
2 0.612613 0.467342 0.0315315 0.0247748 0.862815
