0 0.615991 0.871622 0.0337838 0.0225225 0.00106627
2 0.47973 0.00225225 0.045045 0.0045045 0.00108485
1 0.620495 0.994369 0.0292793 0.0112613 0.0012554
0 0.611486 0.797297 0.0337838 0.027027 0.00200391
0 0.612613 0.818694 0.0315315 0.0202703 0.00659474
1 0.620495 0.996622 0.0292793 0.00675676 0.0492129
3 0.459459 0.56982 0.027027 0.027027 0.08598
3 0.474099 0.579955 0.0337838 0.0337838 0.467839
0 0.612613 0.809685 0.0315315 0.0247748 0.774506
3 0.45045 0.561937 0.0225225 0.0247748 0.808905
2 0.475225 0.578829 0.0315315 0.0315315 0.861241
