2 0.478604 0.00225225 0.0472973 0.0045045 0.00103264
2 0.516892 0.00225225 0.0472973 0.0045045 0.00104513
0 0.609234 0.862613 0.0337838 0.027027 0.00119339
2 0.337838 0.00225225 0.0405405 0.0045045 0.00119838
2 0.323198 0.00225225 0.0382883 0.0045045 0.00166423
0 0.605856 0.781532 0.0315315 0.027027 0.00179811
0 0.600225 0.747748 0.0382883 0.036036 0.00314983
0 0.609234 0.823198 0.0337838 0.0518018 0.00353491
0 0.61036 0.846847 0.0315315 0.027027 0.0116506
2 0.531532 0.683559 0.0315315 0.0292793 0.0449601
1 0.615991 0.996622 0.0292793 0.00675676 0.0949098
0 0.540541 0.671171 0.0315315 0.036036 0.316356
3 0.539414 0.671171 0.0337838 0.0315315 0.39964
0 0.605856 0.76464 0.0315315 0.0247748 0.741283
3 0.528153 0.686937 0.0247748 0.018018 0.821129
2 0.540541 0.671171 0.0315315 0.0315315 0.873072
