3 0.894144 0.625 0.018018 0.0247748 0.00108234
2 0.47973 0.00225225 0.045045 0.0045045 0.0012974
0 0.618243 0.797297 0.0337838 0.027027 0.00153441
0 0.615991 0.813063 0.0337838 0.0225225 0.00214372
0 0.627252 0.782658 0.0382883 0.0427928 0.00240694
0 0.620495 0.77027 0.0337838 0.036036 0.00257343
1 0.60473 0.993243 0.0292793 0.00900901 0.00448513
0 0.626126 0.720721 0.036036 0.027027 0.0102392
0 0.623874 0.740991 0.0315315 0.0225225 0.0214271
3 0.870495 0.619369 0.0292793 0.036036 0.0307969
1 0.609234 0.996622 0.0292793 0.00675676 0.134685
3 0.886261 0.622748 0.0157658 0.0292793 0.749792
0 0.625 0.731982 0.0337838 0.027027 0.751932
2 0.849099 0.613739 0.027027 0.0292793 0.833984
