0 0.643018 0.63964 0.0382883 0.045045 0.00100905
0 0.636261 0.658784 0.0337838 0.0247748 0.0014196
0 0.650901 0.576577 0.036036 0.036036 0.00308882
2 0.890766 0.212838 0.0923423 0.0518018 0.00343964
0 0.644144 0.606982 0.036036 0.0292793 0.0048846
0 0.638514 0.638514 0.0337838 0.0247748 0.00677114
0 0.641892 0.621622 0.0315315 0.027027 0.00785622
3 0.88964 0.52027 0.0225225 0.0225225 0.0201236
1 0.618243 0.996622 0.0292793 0.00675676 0.0856106
3 0.856982 0.490991 0.0337838 0.0315315 0.16605
0 0.655405 0.541667 0.036036 0.0247748 0.745567
3 0.887387 0.512387 0.0225225 0.0247748 0.794191
2 0.856982 0.489865 0.0337838 0.0337838 0.874617
