0 0.592342 0.643018 0.0315315 0.0202703 0.00102276
0 0.587838 0.613739 0.0405405 0.0472973 0.0010672
1 0.621622 0.993243 0.0315315 0.0135135 0.00121389
2 0.886261 0.233108 0.0788288 0.141892 0.00126336
2 0.890766 0.206081 0.0292793 0.0833333 0.00152473
0 0.620495 0.994369 0.0292793 0.0112613 0.00209075
0 0.582207 0.570946 0.0337838 0.0247748 0.00339774
3 0.342342 0.394144 0.0135135 0.0225225 0.00477967
2 0.911036 0.204955 0.0247748 0.045045 0.00536659
2 0.356982 0.405405 0.0202703 0.0315315 0.00841717
3 0.356982 0.405405 0.0202703 0.0315315 0.0113709
1 0.620495 0.996622 0.0292793 0.00675676 0.0460948
0 0.579955 0.559685 0.0337838 0.0202703 0.0464382
3 0.345721 0.399775 0.0157658 0.0292793 0.724239
0 0.579955 0.550676 0.0337838 0.0247748 0.768063
2 0.377252 0.400901 0.0247748 0.0315315 0.86391
