3 0.420045 0.55518 0.0202703 0.0337838 0.00111969
0 0.614865 0.864865 0.0315315 0.0225225 0.00113898
0 0.613739 0.835586 0.0337838 0.027027 0.00147755
0 0.609234 0.778153 0.0337838 0.0247748 0.00392001
0 0.611486 0.809685 0.0292793 0.0337838 0.00439922
0 0.614865 0.856982 0.0315315 0.0247748 0.0053441
0 0.614865 0.847973 0.0315315 0.0247748 0.00730525
0 0.614865 0.826577 0.027027 0.027027 0.00999867
0 0.611486 0.79955 0.0292793 0.0225225 0.0347411
3 0.435811 0.56982 0.0247748 0.027027 0.0401033
1 0.620495 0.996622 0.0292793 0.00675676 0.0771345
3 0.454955 0.57545 0.0315315 0.0337838 0.319155
3 0.426802 0.560811 0.0202703 0.027027 0.737198
0 0.61036 0.789414 0.0315315 0.0247748 0.743272
2 0.454955 0.57545 0.0315315 0.0337838 0.867989
