2 0.47973 0.00225225 0.045045 0.0045045 0.00111396
2 0.884009 0.630631 0.0382883 0.036036 0.00173139
2 0.882883 0.629505 0.018018 0.0563063 0.00261282
0 0.592342 0.798423 0.0315315 0.0382883 0.00263313
0 0.597973 0.850225 0.0337838 0.0247748 0.00311439
0 0.591216 0.774775 0.0337838 0.0225225 0.00514794
0 0.595721 0.823198 0.0337838 0.0247748 0.00527582
0 0.595721 0.832207 0.0337838 0.0247748 0.0128156
1 0.60473 0.993243 0.0292793 0.00900901 0.0200021
1 0.608108 0.996622 0.027027 0.00675676 0.153821
3 0.469595 0.608108 0.0292793 0.0315315 0.413132
0 0.59009 0.756757 0.0315315 0.0225225 0.774334
3 0.445946 0.61036 0.018018 0.027027 0.816669
2 0.470721 0.608108 0.027027 0.0315315 0.888229
