0 0.599099 0.847973 0.0315315 0.0247748 0.00111678
3 0.355856 0.608108 0.0135135 0.0225225 0.00128105
0 0.588964 0.748874 0.0382883 0.0292793 0.00132847
0 0.593468 0.793919 0.0337838 0.0292793 0.00164993
1 0.60473 0.994369 0.0292793 0.0112613 0.00283796
0 0.595721 0.81982 0.0337838 0.027027 0.00586831
0 0.597973 0.829955 0.0337838 0.0247748 0.00762218
0 0.591216 0.772523 0.0337838 0.0225225 0.0269853
1 0.609234 0.996622 0.0292793 0.00675676 0.08618
3 0.396396 0.61036 0.027027 0.0315315 0.399587
3 0.363739 0.608108 0.0157658 0.027027 0.789229
0 0.588964 0.761261 0.0337838 0.0225225 0.791654
2 0.397523 0.609234 0.0247748 0.0292793 0.884512
