3 0.494369 0.688063 0.0337838 0.0518018 0.00122693
0 0.608108 0.834459 0.036036 0.0292793 0.00122846
0 0.60473 0.806306 0.0337838 0.0540541 0.00123319
2 0.942568 0.915541 0.0608108 0.132883 0.00137587
0 0.603604 0.780405 0.0315315 0.0247748 0.00295478
3 0.51464 0.686937 0.0292793 0.027027 0.00391429
3 0.496622 0.703829 0.0337838 0.0427928 0.00568233
1 0.615991 0.996622 0.0292793 0.00675676 0.0545907
3 0.521396 0.677928 0.0337838 0.0315315 0.108855
0 0.603604 0.765766 0.0315315 0.027027 0.736726
3 0.504505 0.69482 0.0225225 0.0202703 0.768121
2 0.521396 0.677928 0.0337838 0.0315315 0.856134
