0 0.627252 0.847973 0.0337838 0.0292793 0.00144331
0 0.629505 0.806306 0.0337838 0.0585586 0.00209466
0 0.629505 0.836712 0.0337838 0.0292793 0.00241213
0 0.631757 0.786036 0.0337838 0.027027 0.00669748
0 0.635135 0.748874 0.0315315 0.0247748 0.0137006
1 0.620495 0.996622 0.0292793 0.00675676 0.0392432
0 0.634009 0.772523 0.0292793 0.0225225 0.0484892
3 0.666667 0.467342 0.0315315 0.0247748 0.453834
0 0.635135 0.760135 0.0315315 0.0247748 0.706261
3 0.670045 0.433559 0.0292793 0.0112613 0.771606
2 0.666667 0.467342 0.0315315 0.0247748 0.866779
