2 0.322072 0.00225225 0.0405405 0.0045045 0.00103081
2 0.908784 0.206081 0.0247748 0.0608108 0.0011195
0 0.618243 0.885135 0.0337838 0.027027 0.00120505
0 0.617117 0.861486 0.0315315 0.0247748 0.00129532
3 0.306306 0.996622 0.0225225 0.00675676 0.00150529
0 0.613739 0.797297 0.0337838 0.027027 0.00224053
0 0.615991 0.817568 0.0292793 0.0225225 0.00224527
0 0.617117 0.847973 0.0315315 0.0337838 0.00242369
0 0.618243 0.872748 0.0337838 0.0247748 0.00312563
3 0.463964 0.56982 0.027027 0.027027 0.0614546
1 0.621622 0.996622 0.027027 0.00675676 0.087098
3 0.48536 0.578829 0.0337838 0.0315315 0.428182
0 0.615991 0.808559 0.0292793 0.0225225 0.732415
3 0.459459 0.560811 0.0225225 0.0225225 0.80137
2 0.48536 0.579955 0.0337838 0.0337838 0.874183
