0 0.602477 0.521396 0.0337838 0.0292793 0.00106565
2 0.887387 0.236486 0.0225225 0.0765766 0.00112751
0 0.609234 0.644144 0.0292793 0.0225225 0.00358854
0 0.606982 0.635135 0.0337838 0.027027 0.00508719
0 0.605856 0.597973 0.0315315 0.0292793 0.00581328
0 0.603604 0.573198 0.0315315 0.0292793 0.0083865
0 0.603604 0.537162 0.0315315 0.0247748 0.0123616
0 0.605856 0.619369 0.0315315 0.027027 0.0195416
0 0.605856 0.608108 0.027027 0.0315315 0.0234976
0 0.603604 0.561937 0.0315315 0.0247748 0.0462826
1 0.621622 0.996622 0.027027 0.00675676 0.0654418
3 0.530405 0.385135 0.0292793 0.0315315 0.414933
0 0.603604 0.548423 0.0315315 0.0247748 0.704774
3 0.512387 0.379505 0.0202703 0.0247748 0.819827
2 0.530405 0.385135 0.0292793 0.0315315 0.854189
