2 0.440315 0.00225225 0.0472973 0.0045045 0.00100388
2 0.480856 0.00225225 0.0472973 0.0045045 0.00103822
2 0.518018 0.00225225 0.045045 0.0045045 0.00129269
2 0.34009 0.00225225 0.0405405 0.0045045 0.00141379
0 0.600225 0.971847 0.0382883 0.0337838 0.00276406
0 0.601351 0.987613 0.036036 0.0202703 0.0113568
3 0.545045 0.738739 0.036036 0.0225225 0.0460862
0 0.602477 0.994369 0.0337838 0.0112613 0.136628
3 0.533784 0.703829 0.0315315 0.0112613 0.80848
2 0.545045 0.738739 0.036036 0.0225225 0.872576
