2 0.403153 0.00225225 0.045045 0.0045045 0.00107806
2 0.337838 0.00225225 0.0405405 0.0045045 0.00121886
2 0.324324 0.00225225 0.0405405 0.0045045 0.00137289
2 0.43018 0.698198 0.0315315 0.0315315 0.0014912
1 0.60473 0.994369 0.0292793 0.0112613 0.0019353
0 0.594595 0.822072 0.036036 0.027027 0.00205145
0 0.597973 0.861486 0.0337838 0.0247748 0.00224343
0 0.584459 0.759009 0.0382883 0.027027 0.005074
0 0.587838 0.780405 0.0315315 0.0247748 0.029486
0 0.595721 0.836712 0.0292793 0.0247748 0.0428656
0 0.596847 0.845721 0.0315315 0.0202703 0.0608543
1 0.609234 0.996622 0.0292793 0.00675676 0.0784736
3 0.417793 0.704955 0.0337838 0.036036 0.317946
0 0.586712 0.769144 0.0337838 0.0247748 0.750549
3 0.394144 0.721847 0.0225225 0.0247748 0.83297
2 0.417793 0.704955 0.0337838 0.0315315 0.894456
