2 0.518018 0.00337838 0.0495495 0.00675676 0.00109484
2 0.47973 0.00225225 0.045045 0.0045045 0.0011611
0 0.61036 0.845721 0.036036 0.0292793 0.00217848
0 0.60473 0.780405 0.0292793 0.0247748 0.00230037
0 0.605856 0.808559 0.0315315 0.0495495 0.00235067
0 0.608108 0.834459 0.036036 0.0292793 0.00328266
1 0.615991 0.996622 0.0292793 0.00675676 0.0887341
3 0.530405 0.675676 0.0337838 0.036036 0.144424
3 0.522523 0.683559 0.036036 0.0382883 0.260082
0 0.603604 0.76464 0.0315315 0.0247748 0.733649
3 0.515766 0.691441 0.0225225 0.0225225 0.759215
2 0.530405 0.67455 0.0337838 0.0337838 0.899494
