0 0.576577 0.617117 0.036036 0.0315315 0.00208547
0 0.614865 0.994369 0.0315315 0.0112613 0.00217789
0 0.567568 0.573198 0.036036 0.0427928 0.00271787
0 0.557432 0.525901 0.0427928 0.0292793 0.00328172
0 0.573198 0.595721 0.0382883 0.0337838 0.00333933
0 0.564189 0.548423 0.0337838 0.0202703 0.0189574
1 0.614865 0.995495 0.0315315 0.00900901 0.0673205
3 0.336712 0.427928 0.0292793 0.0315315 0.35407
0 0.560811 0.540541 0.0405405 0.027027 0.786198
3 0.306306 0.432432 0.018018 0.027027 0.807477
2 0.338964 0.425676 0.0247748 0.0315315 0.87674
