0 0.629505 0.637387 0.0382883 0.0315315 0.00118961
0 0.625 0.690315 0.0427928 0.0472973 0.00146222
1 0.612613 0.993243 0.0315315 0.0135135 0.00170829
0 0.627252 0.664414 0.0337838 0.0315315 0.00177647
2 0.886261 0.792793 0.0608108 0.112613 0.00187202
0 0.623874 0.712838 0.0315315 0.0247748 0.00190782
2 0.879505 0.222973 0.0743243 0.108108 0.00325377
0 0.623874 0.695946 0.0315315 0.027027 0.00327535
0 0.625 0.679054 0.0337838 0.0292793 0.00397596
0 0.636261 0.595721 0.0382883 0.0247748 0.00877732
0 0.632883 0.621622 0.0315315 0.027027 0.0201304
3 0.89527 0.506757 0.0157658 0.0225225 0.0371094
1 0.612613 0.996622 0.0315315 0.00675676 0.0706401
3 0.858108 0.495495 0.0225225 0.0315315 0.397244
0 0.634009 0.60473 0.0337838 0.0247748 0.727131
3 0.88964 0.502252 0.0135135 0.027027 0.766473
2 0.858108 0.495495 0.0225225 0.0315315 0.866106
