0 0.587838 0.632883 0.036036 0.0315315 0.00134345
0 0.582207 0.617117 0.0427928 0.0405405 0.00172255
0 0.588964 0.646396 0.0337838 0.0225225 0.0018835
0 0.59009 0.663288 0.0315315 0.0247748 0.00218304
0 0.576577 0.568694 0.0315315 0.0382883 0.00231315
0 0.568694 0.533784 0.0382883 0.0225225 0.00321421
3 0.316441 0.396396 0.0112613 0.027027 0.00866972
1 0.617117 0.996622 0.0315315 0.00675676 0.0604501
3 0.355856 0.396396 0.0225225 0.0315315 0.427672
3 0.322072 0.397523 0.0135135 0.0292793 0.752987
0 0.573198 0.551802 0.0337838 0.027027 0.768881
2 0.356982 0.396396 0.0247748 0.0315315 0.876284
