0 0.613739 0.557432 0.0337838 0.0292793 0.00101885
2 0.222973 0.834459 0.0225225 0.0608108 0.00108261
0 0.612613 0.618243 0.036036 0.0292793 0.00113877
2 0.898649 0.211712 0.0855856 0.0585586 0.00221694
0 0.612613 0.585586 0.0315315 0.045045 0.00232229
0 0.612613 0.605856 0.036036 0.0315315 0.00305434
0 0.614865 0.516892 0.0315315 0.0292793 0.0054801
2 0.695946 0.416667 0.0315315 0.036036 0.0482696
1 0.606982 0.996622 0.0292793 0.00675676 0.197067
3 0.688063 0.412162 0.0337838 0.036036 0.464525
0 0.614865 0.529279 0.0315315 0.027027 0.723716
3 0.704955 0.42455 0.0225225 0.0292793 0.795618
2 0.685811 0.411036 0.0337838 0.0337838 0.847157
