2 0.474099 0.45045 0.0382883 0.0225225 0.00102704
0 0.576577 0.835586 0.045045 0.045045 0.00105837
0 0.577703 0.837838 0.0337838 0.0225225 0.0013097
0 0.577703 0.846847 0.0337838 0.0225225 0.00142369
0 0.565315 0.748874 0.036036 0.0247748 0.00173004
0 0.567568 0.77027 0.0315315 0.0225225 0.0183338
1 0.594595 0.996622 0.0315315 0.00675676 0.0808822
3 0.477477 0.468468 0.036036 0.0225225 0.390386
0 0.567568 0.761261 0.0315315 0.0225225 0.770233
3 0.463964 0.434685 0.0315315 0.0135135 0.787517
2 0.477477 0.468468 0.036036 0.0225225 0.90318
