0 0.621622 0.509009 0.036036 0.027027 0.00101455
2 0.900901 0.211712 0.0945946 0.0630631 0.00107942
0 0.617117 0.612613 0.0315315 0.027027 0.00655262
0 0.620495 0.52027 0.0292793 0.027027 0.00686739
0 0.617117 0.599099 0.0315315 0.027027 0.0134376
0 0.618243 0.545045 0.0292793 0.0315315 0.0310866
1 0.605856 0.996622 0.0315315 0.00675676 0.132739
3 0.703829 0.411036 0.0337838 0.0337838 0.307424
0 0.620495 0.530405 0.0292793 0.0247748 0.741117
3 0.718468 0.418919 0.0225225 0.027027 0.837793
2 0.70045 0.407658 0.0315315 0.036036 0.874287
