3 0.763514 0.292793 0.018018 0.018018 0.00106367
0 0.619369 0.886261 0.036036 0.0247748 0.00167205
0 0.623874 0.823198 0.0315315 0.0382883 0.00285206
0 0.622748 0.836712 0.0337838 0.0292793 0.00338634
0 0.619369 0.877252 0.0315315 0.0247748 0.00740116
0 0.623874 0.793919 0.0315315 0.0292793 0.0169191
0 0.627252 0.766892 0.0337838 0.0247748 0.0248814
0 0.618243 0.86036 0.0292793 0.0315315 0.0319627
1 0.613739 0.996622 0.0292793 0.00675676 0.108424
3 0.752252 0.76464 0.036036 0.0337838 0.392979
0 0.626126 0.777027 0.0315315 0.027027 0.67089
3 0.769144 0.795045 0.0247748 0.0225225 0.810053
2 0.752252 0.76464 0.036036 0.0337838 0.841195
