2 0.881757 0.149775 0.0923423 0.137387 0.00105951
1 0.605856 0.993243 0.0315315 0.00900901 0.00154293
0 0.622748 0.548423 0.0292793 0.0247748 0.00435779
0 0.617117 0.612613 0.0315315 0.027027 0.00649773
0 0.618243 0.592342 0.0337838 0.0315315 0.0086514
2 0.88964 0.707207 0.0405405 0.0765766 0.014732
0 0.618243 0.602477 0.0337838 0.0247748 0.0164847
1 0.611486 0.996622 0.0292793 0.00675676 0.100343
3 0.778153 0.413288 0.0292793 0.0337838 0.407756
3 0.80518 0.42455 0.0202703 0.0292793 0.713966
0 0.623874 0.537162 0.0315315 0.0247748 0.752576
2 0.777027 0.414414 0.0315315 0.0315315 0.854434
