2 0.480856 0.00225225 0.0472973 0.0045045 0.00106118
2 0.516892 0.00225225 0.0472973 0.0045045 0.00112357
0 0.602477 0.865991 0.0337838 0.0247748 0.00117419
2 0.322072 0.00225225 0.0405405 0.0045045 0.00133447
0 0.588964 0.759009 0.0337838 0.027027 0.00306016
0 0.595721 0.81982 0.0337838 0.0495495 0.00398142
0 0.600225 0.847973 0.0337838 0.0247748 0.00423089
0 0.599099 0.836712 0.036036 0.0247748 0.00540472
3 0.42455 0.710586 0.0292793 0.0292793 0.00606436
0 0.592342 0.779279 0.0315315 0.0225225 0.0100018
1 0.611486 0.996622 0.0292793 0.00675676 0.0538137
3 0.441441 0.698198 0.036036 0.036036 0.310292
0 0.591216 0.769144 0.0337838 0.0247748 0.765585
3 0.418919 0.716216 0.0225225 0.0225225 0.77805
2 0.442568 0.698198 0.0337838 0.0315315 0.87575
