0 0.61036 0.795045 0.036036 0.0315315 0.00102208
2 0.88964 0.238739 0.027027 0.0810811 0.00105409
0 0.61036 0.818694 0.0315315 0.0247748 0.00117297
0 0.611486 0.739865 0.0337838 0.0292793 0.00251135
0 0.609234 0.844595 0.0337838 0.0315315 0.00321241
0 0.609234 0.831081 0.0337838 0.0315315 0.00479968
0 0.612613 0.761261 0.0315315 0.0225225 0.0283966
3 0.648649 0.690315 0.0585586 0.101351 0.0793264
1 0.606982 0.996622 0.0292793 0.00675676 0.119524
3 0.653153 0.649775 0.036036 0.0337838 0.416111
3 0.663288 0.665541 0.0247748 0.0247748 0.692879
0 0.611486 0.75 0.0292793 0.027027 0.742638
2 0.652027 0.648649 0.0337838 0.036036 0.815895
