0 0.576577 0.80518 0.036036 0.0382883 0.00110653
2 0.472973 0.448198 0.036036 0.018018 0.0012176
2 0.224099 0.408784 0.0202703 0.0608108 0.00131084
0 0.570946 0.748874 0.0337838 0.0292793 0.00140696
0 0.573198 0.781532 0.0337838 0.027027 0.00201414
0 0.573198 0.772523 0.0337838 0.0225225 0.0310494
3 0.476351 0.462838 0.0337838 0.0247748 0.0471432
1 0.603604 0.996622 0.0315315 0.00675676 0.0657009
3 0.477477 0.470721 0.036036 0.0225225 0.413329
0 0.570946 0.762387 0.0337838 0.0247748 0.742822
3 0.463964 0.436937 0.0315315 0.0135135 0.753776
2 0.477477 0.470721 0.036036 0.0225225 0.882587
