2 0.403153 0.00225225 0.045045 0.0045045 0.001059
2 0.440315 0.00225225 0.0472973 0.0045045 0.00108488
2 0.47973 0.00225225 0.045045 0.0045045 0.00115162
2 0.337838 0.00225225 0.0405405 0.0045045 0.00118909
0 0.603604 0.835586 0.036036 0.027027 0.00148158
2 0.322072 0.00225225 0.0405405 0.0045045 0.00164091
0 0.599099 0.797297 0.036036 0.027027 0.00851219
0 0.601351 0.818694 0.0315315 0.0247748 0.0197068
1 0.615991 0.996622 0.0292793 0.00675676 0.0490387
3 0.39527 0.626126 0.0247748 0.0315315 0.420526
0 0.600225 0.808559 0.0337838 0.027027 0.759297
3 0.362613 0.620495 0.0135135 0.0292793 0.781261
2 0.39527 0.627252 0.0247748 0.0292793 0.878721
