2 0.516892 0.00225225 0.0472973 0.0045045 0.00101134
0 0.620495 0.756757 0.0337838 0.027027 0.00108227
2 0.477477 0.00225225 0.045045 0.0045045 0.00109908
2 0.843468 0.599099 0.0292793 0.0315315 0.0011133
0 0.618243 0.774775 0.0337838 0.027027 0.00128432
0 0.614865 0.841216 0.036036 0.0247748 0.0013093
0 0.617117 0.795045 0.0315315 0.027027 0.00133822
1 0.603604 0.994369 0.0315315 0.0112613 0.002208
0 0.614865 0.832207 0.0315315 0.0202703 0.00279001
3 0.875 0.617117 0.0337838 0.0585586 0.00320694
0 0.614865 0.820946 0.0315315 0.0247748 0.00364051
0 0.621622 0.809685 0.036036 0.0427928 0.00367896
0 0.628378 0.709459 0.036036 0.027027 0.00957891
0 0.621622 0.738739 0.0315315 0.0315315 0.021485
3 0.850225 0.606982 0.0247748 0.0337838 0.084851
1 0.611486 0.996622 0.0292793 0.00675676 0.140476
0 0.625 0.721847 0.0337838 0.0247748 0.727105
3 0.887387 0.613739 0.0135135 0.0292793 0.738573
2 0.850225 0.605856 0.0247748 0.0315315 0.870948
