2 0.518018 0.00337838 0.0495495 0.00675676 0.00110215
0 0.60473 0.838964 0.0382883 0.0292793 0.00129305
0 0.606982 0.852477 0.0337838 0.0292793 0.00136014
0 0.601351 0.80518 0.0315315 0.0427928 0.00187731
0 0.597973 0.757883 0.0337838 0.0292793 0.00660532
0 0.600225 0.779279 0.0292793 0.0225225 0.0151958
1 0.613739 0.996622 0.0292793 0.00675676 0.105441
3 0.483108 0.688063 0.0337838 0.0337838 0.452999
0 0.599099 0.77027 0.0315315 0.027027 0.736893
3 0.466216 0.707207 0.0225225 0.0225225 0.770787
2 0.483108 0.689189 0.0337838 0.0315315 0.880989
