0 0.628378 0.661036 0.036036 0.0472973 0.00102904
0 0.626126 0.698198 0.0315315 0.027027 0.00117927
0 0.622748 0.737613 0.0337838 0.0698198 0.00132141
0 0.634009 0.629505 0.0382883 0.0247748 0.00141518
0 0.628378 0.675676 0.036036 0.0315315 0.00220504
0 0.623874 0.720721 0.0315315 0.027027 0.002338
0 0.623874 0.763514 0.036036 0.0675676 0.00294579
3 0.891892 0.519144 0.0135135 0.0292793 0.00327496
0 0.621622 0.769144 0.0315315 0.0247748 0.00381209
2 0.882883 0.791667 0.0540541 0.101351 0.00381365
0 0.623874 0.738739 0.0315315 0.027027 0.0040844
2 0.885135 0.224099 0.0720721 0.105856 0.00427106
0 0.622748 0.759009 0.0292793 0.027027 0.00598611
2 0.876126 0.505631 0.0405405 0.0382883 0.0495626
3 0.876126 0.504505 0.036036 0.0405405 0.0579866
1 0.617117 0.996622 0.0315315 0.00675676 0.173643
3 0.856982 0.5 0.0247748 0.0315315 0.24425
0 0.636261 0.611486 0.0337838 0.0247748 0.72036
3 0.890766 0.509009 0.0157658 0.0315315 0.727558
2 0.856982 0.5 0.0247748 0.0315315 0.864251
