2 0.85473 0.477477 0.0292793 0.036036 0.00112135
0 0.638514 0.636261 0.0337838 0.0427928 0.00125543
0 0.635135 0.648649 0.036036 0.027027 0.00131172
3 0.841216 0.472973 0.0247748 0.0225225 0.00153154
3 0.881757 0.52027 0.0247748 0.027027 0.00217408
0 0.652027 0.527027 0.0382883 0.027027 0.00241806
0 0.644144 0.574324 0.036036 0.0495495 0.00335699
2 0.88964 0.211712 0.0900901 0.0495495 0.00399041
0 0.634009 0.640766 0.0337838 0.0247748 0.00523411
0 0.636261 0.622748 0.0337838 0.0247748 0.0056848
0 0.638514 0.602477 0.0292793 0.0382883 0.00594221
3 0.869369 0.498874 0.0315315 0.0292793 0.00901908
3 0.855856 0.495495 0.0315315 0.0315315 0.0195259
0 0.647523 0.54955 0.0337838 0.0225225 0.0253883
1 0.618243 0.996622 0.0292793 0.00675676 0.0937732
3 0.849099 0.486486 0.0315315 0.0315315 0.198467
0 0.650901 0.539414 0.036036 0.0247748 0.724288
3 0.879505 0.510135 0.0247748 0.0247748 0.824021
2 0.850225 0.486486 0.0337838 0.0315315 0.90038
