2 0.337838 0.00225225 0.036036 0.0045045 0.00106626
2 0.478604 0.00225225 0.0427928 0.0045045 0.00109308
0 0.618243 0.748874 0.0337838 0.0292793 0.00119542
0 0.618243 0.994369 0.0292793 0.0112613 0.00147118
0 0.617117 0.850225 0.0315315 0.0247748 0.00152753
2 0.322072 0.00225225 0.036036 0.0045045 0.00169197
0 0.617117 0.833333 0.0315315 0.027027 0.0019854
1 0.619369 0.995495 0.0315315 0.00900901 0.0464338
3 0.625 0.567568 0.0292793 0.0315315 0.410983
3 0.625 0.552928 0.0247748 0.0157658 0.715013
0 0.617117 0.762387 0.0315315 0.0247748 0.738294
2 0.625 0.568694 0.0292793 0.0337838 0.810398
