2 0.442568 0.00225225 0.0472973 0.0045045 0.00108128
2 0.477477 0.00225225 0.045045 0.0045045 0.00120421
0 0.612613 0.886261 0.036036 0.0292793 0.00217795
0 0.614865 0.858108 0.0315315 0.027027 0.00477783
0 0.613739 0.870495 0.0337838 0.0292793 0.0051407
0 0.615991 0.842342 0.0337838 0.0315315 0.00985019
0 0.615991 0.81982 0.0292793 0.027027 0.0391248
0 0.620495 0.795045 0.0337838 0.027027 0.0659612
1 0.61036 0.996622 0.0315315 0.00675676 0.0669427
3 0.740991 0.757883 0.0315315 0.0382883 0.139592
3 0.730856 0.751126 0.0337838 0.0337838 0.38313
0 0.618243 0.808559 0.0337838 0.027027 0.672592
3 0.75 0.774775 0.0225225 0.0225225 0.770949
2 0.730856 0.75 0.0337838 0.036036 0.802213
