0 0.593468 0.813063 0.0337838 0.0405405 0.00210393
0 0.594595 0.835586 0.0315315 0.0225225 0.00221738
0 0.59009 0.782658 0.0315315 0.0247748 0.0033681
0 0.587838 0.748874 0.0315315 0.0247748 0.00678596
1 0.60473 0.993243 0.0292793 0.00900901 0.0113511
0 0.59009 0.772523 0.0315315 0.0225225 0.0551017
1 0.609234 0.996622 0.0292793 0.00675676 0.0827226
3 0.52027 0.462838 0.036036 0.0247748 0.450928
0 0.59009 0.762387 0.0315315 0.0247748 0.713104
3 0.507883 0.429054 0.0292793 0.0112613 0.777298
2 0.52027 0.462838 0.036036 0.0247748 0.846462
