2 0.47973 0.00225225 0.045045 0.0045045 0.00102893
1 0.608108 0.989865 0.0315315 0.0157658 0.00127019
3 0.664414 0.64527 0.0225225 0.0247748 0.0019575
0 0.606982 0.747748 0.0337838 0.027027 0.00204346
0 0.601351 0.797297 0.0315315 0.027027 0.00229168
0 0.603604 0.73536 0.036036 0.0292793 0.00249463
0 0.60473 0.852477 0.0337838 0.0247748 0.00288763
0 0.605856 0.811937 0.0315315 0.0518018 0.00315453
0 0.60473 0.838964 0.0337838 0.0292793 0.00336183
3 0.656532 0.634009 0.0292793 0.0247748 0.00407503
0 0.603604 0.779279 0.0315315 0.0315315 0.00517415
1 0.608108 0.994369 0.027027 0.00675676 0.230928
3 0.644144 0.634009 0.0315315 0.0337838 0.463741
0 0.602477 0.756757 0.0292793 0.027027 0.711812
3 0.655405 0.641892 0.0225225 0.027027 0.766827
2 0.644144 0.631757 0.0315315 0.0337838 0.773989
