0 0.61036 0.806306 0.0315315 0.0495495 0.0011938
3 0.914414 0.595721 0.0765766 0.0653153 0.00124709
2 0.579955 0.472973 0.0427928 0.027027 0.00157207
0 0.609234 0.781532 0.0337838 0.027027 0.00200844
2 0.915541 0.596847 0.0472973 0.108108 0.00203334
2 0.570946 0.448198 0.0337838 0.0225225 0.00230642
0 0.609234 0.748874 0.0337838 0.0247748 0.00326898
0 0.609234 0.772523 0.0292793 0.0225225 0.0254618
1 0.618243 0.995495 0.0292793 0.00900901 0.101891
3 0.573198 0.467342 0.0337838 0.0247748 0.411016
0 0.609234 0.763514 0.0292793 0.0225225 0.728065
3 0.566441 0.431306 0.0292793 0.0112613 0.762158
2 0.573198 0.466216 0.0337838 0.0225225 0.879662
