0 0.635135 0.656532 0.036036 0.0292793 0.00129834
2 0.887387 0.795045 0.0630631 0.112613 0.00140615
0 0.637387 0.631757 0.036036 0.0382883 0.00169825
0 0.64527 0.584459 0.0337838 0.0337838 0.0019874
1 0.617117 0.994369 0.0315315 0.0112613 0.00208108
2 0.886261 0.21509 0.101351 0.0563063 0.00220646
3 0.882883 0.516892 0.027027 0.0247748 0.00336536
0 0.636261 0.612613 0.0337838 0.0405405 0.00341311
0 0.634009 0.641892 0.0337838 0.0225225 0.00351179
0 0.646396 0.564189 0.036036 0.0337838 0.00466729
1 0.615991 0.996622 0.0292793 0.00675676 0.140988
3 0.86036 0.503378 0.0315315 0.0292793 0.166912
0 0.650901 0.543919 0.036036 0.0247748 0.730487
3 0.888514 0.528153 0.0247748 0.0202703 0.822836
2 0.86036 0.502252 0.0315315 0.0315315 0.885737
