2 0.515766 0.00225225 0.045045 0.0045045 0.00103605
2 0.480856 0.00225225 0.0472973 0.0045045 0.00109637
0 0.593468 0.78491 0.0337838 0.0292793 0.00292619
0 0.599099 0.868243 0.0315315 0.0247748 0.00383567
0 0.596847 0.81982 0.036036 0.027027 0.00570628
3 0.530405 0.721847 0.0247748 0.0202703 0.0141331
0 0.597973 0.834459 0.0337838 0.0247748 0.02064
0 0.599099 0.858108 0.0315315 0.027027 0.0252235
0 0.538288 0.698198 0.036036 0.0405405 0.0978714
1 0.606982 0.996622 0.0292793 0.00675676 0.178198
3 0.53491 0.703829 0.0337838 0.0337838 0.348497
3 0.532658 0.713964 0.0292793 0.0225225 0.614295
2 0.541667 0.693694 0.0382883 0.0405405 0.64807
0 0.591216 0.763514 0.0337838 0.027027 0.699218
