1 0.622748 0.994369 0.0292793 0.0112613 0.00117833
0 0.620495 0.881757 0.0337838 0.0292793 0.00122542
0 0.620495 0.815315 0.0337838 0.027027 0.00136353
0 0.620495 0.829955 0.0337838 0.0292793 0.00141125
0 0.619369 0.855856 0.0315315 0.027027 0.00143602
0 0.619369 0.870495 0.0315315 0.0247748 0.00234877
0 0.620495 0.772523 0.0292793 0.0225225 0.0287232
1 0.620495 0.996622 0.0292793 0.00675676 0.0539385
3 0.648649 0.497748 0.0315315 0.027027 0.417225
3 0.653153 0.468468 0.027027 0.0135135 0.744044
0 0.621622 0.763514 0.0315315 0.0225225 0.765799
2 0.648649 0.497748 0.0315315 0.027027 0.869489
