2 0.441441 0.00225225 0.045045 0.0045045 0.00100149
2 0.478604 0.00225225 0.0427928 0.0045045 0.00112012
0 0.601351 0.802928 0.0315315 0.0472973 0.00122512
2 0.338964 0.00225225 0.0382883 0.0045045 0.0013486
2 0.476351 0.695946 0.0292793 0.0315315 0.00164505
0 0.596847 0.755631 0.036036 0.0292793 0.00361918
3 0.484234 0.699324 0.0315315 0.0337838 0.00528793
0 0.601351 0.780405 0.0315315 0.0247748 0.00837655
1 0.613739 0.996622 0.0292793 0.00675676 0.0553099
3 0.487613 0.688063 0.0337838 0.0337838 0.440604
0 0.599099 0.766892 0.0315315 0.0247748 0.732639
3 0.470721 0.704955 0.0225225 0.0225225 0.809595
2 0.487613 0.688063 0.0337838 0.0337838 0.881804
