2 0.519144 0.00337838 0.0472973 0.00675676 0.00110747
0 0.595721 0.86036 0.0337838 0.0225225 0.00121607
0 0.591216 0.832207 0.0337838 0.0427928 0.00142202
0 0.565315 0.760135 0.0495495 0.0337838 0.00184813
0 0.587838 0.804054 0.036036 0.027027 0.0026148
1 0.60473 0.995495 0.0292793 0.00900901 0.00718091
0 0.587838 0.793919 0.036036 0.0247748 0.012325
1 0.609234 0.996622 0.0292793 0.00675676 0.100389
3 0.376126 0.720721 0.036036 0.0315315 0.142236
3 0.388514 0.711712 0.0337838 0.0315315 0.427984
0 0.583333 0.774775 0.036036 0.027027 0.73794
3 0.362613 0.730856 0.0225225 0.0247748 0.823968
2 0.388514 0.711712 0.0337838 0.0315315 0.896592
