0 0.605856 0.863739 0.0315315 0.0247748 0.00264083
0 0.61036 0.788288 0.0315315 0.027027 0.0107777
0 0.605856 0.846847 0.0315315 0.027027 0.0256342
0 0.605856 0.834459 0.0315315 0.0247748 0.030784
3 0.756757 0.556306 0.0315315 0.036036 0.0316226
1 0.605856 0.996622 0.027027 0.00675676 0.0787367
0 0.606982 0.822072 0.0292793 0.027027 0.082773
0 0.605856 0.811937 0.0315315 0.0247748 0.152793
0 0.608108 0.802928 0.0315315 0.0247748 0.64941
3 0.783784 0.536036 0.0225225 0.0225225 0.829123
2 0.756757 0.556306 0.0315315 0.0315315 0.888195
