2 0.532658 0.00225225 0.0427928 0.0045045 0.00100805
2 0.481982 0.00225225 0.045045 0.0045045 0.00101435
2 0.888514 0.234234 0.0247748 0.0765766 0.00111208
0 0.588964 0.84009 0.0382883 0.027027 0.0012763
2 0.518018 0.00225225 0.045045 0.0045045 0.00133659
0 0.602477 0.994369 0.0247748 0.0112613 0.00234533
0 0.597973 0.921171 0.0382883 0.045045 0.0065608
0 0.588964 0.849099 0.0337838 0.027027 0.0103906
0 0.594595 0.902027 0.0315315 0.0247748 0.0318782
0 0.59009 0.864865 0.0315315 0.0225225 0.0727808
1 0.60473 0.996622 0.0292793 0.00675676 0.0772884
0 0.593468 0.88964 0.0292793 0.0225225 0.0788359
3 0.522523 0.581081 0.036036 0.0225225 0.450395
0 0.591216 0.875 0.0337838 0.0247748 0.64995
3 0.509009 0.548423 0.0315315 0.0112613 0.780875
2 0.521396 0.581081 0.0337838 0.0225225 0.875949
