0 0.597973 0.876126 0.0337838 0.027027 0.00112737
2 0.320946 0.00225225 0.0382883 0.0045045 0.00113413
3 0.779279 0.384009 0.0135135 0.0202703 0.00115107
2 0.531532 0.00225225 0.045045 0.0045045 0.00120714
2 0.516892 0.00337838 0.0472973 0.00675676 0.00152463
0 0.593468 0.842342 0.0292793 0.036036 0.00640317
0 0.594595 0.858108 0.0315315 0.0225225 0.0118736
0 0.587838 0.80518 0.036036 0.0382883 0.014005
1 0.608108 0.996622 0.027027 0.00675676 0.170067
3 0.388514 0.712838 0.0337838 0.0337838 0.432798
0 0.582207 0.775901 0.0337838 0.0247748 0.785256
3 0.362613 0.733108 0.0225225 0.0247748 0.803724
2 0.388514 0.713964 0.0337838 0.0315315 0.879722
