2 0.518018 0.00225225 0.045045 0.0045045 0.00100078
2 0.441441 0.00225225 0.045045 0.0045045 0.00100915
2 0.477477 0.00225225 0.045045 0.0045045 0.00117104
1 0.620495 0.994369 0.0292793 0.0112613 0.00160103
0 0.609234 0.797297 0.0337838 0.027027 0.00231188
0 0.612613 0.818694 0.0315315 0.0202703 0.00601612
1 0.619369 0.996622 0.027027 0.00675676 0.0747766
3 0.467342 0.581081 0.0337838 0.0315315 0.471908
0 0.61036 0.808559 0.0315315 0.0225225 0.77558
3 0.441441 0.561937 0.0225225 0.0247748 0.811773
2 0.468468 0.579955 0.0315315 0.0337838 0.874847
