0 0.601351 0.806306 0.036036 0.0405405 0.00133547
0 0.60473 0.822072 0.0382883 0.0315315 0.00153684
0 0.599099 0.783784 0.0315315 0.027027 0.00172891
0 0.596847 0.748874 0.0315315 0.0247748 0.00326628
0 0.596847 0.772523 0.0315315 0.0225225 0.0162337
1 0.617117 0.995495 0.0315315 0.00900901 0.0774693
3 0.538288 0.445946 0.036036 0.0225225 0.159024
3 0.541667 0.460586 0.0337838 0.0247748 0.367629
0 0.596847 0.762387 0.0315315 0.0247748 0.752893
3 0.533784 0.42455 0.0315315 0.0112613 0.757224
2 0.542793 0.459459 0.036036 0.0225225 0.857517
