2 0.519144 0.00225225 0.0472973 0.0045045 0.00113045
2 0.47973 0.00225225 0.045045 0.0045045 0.00113423
2 0.86036 0.707207 0.027027 0.027027 0.00115671
0 0.647523 0.73536 0.0382883 0.0337838 0.00142589
3 0.859234 0.736486 0.0292793 0.0405405 0.00180497
0 0.631757 0.82545 0.0337838 0.0382883 0.00218934
0 0.643018 0.775901 0.0337838 0.0337838 0.00239202
0 0.635135 0.813063 0.036036 0.0315315 0.00349737
0 0.643018 0.752252 0.0337838 0.0225225 0.00563209
0 0.640766 0.796171 0.0382883 0.0337838 0.00649127
0 0.644144 0.762387 0.036036 0.0247748 0.00817727
3 0.887387 0.751126 0.0225225 0.0247748 0.012596
1 0.615991 0.996622 0.0292793 0.00675676 0.0663353
3 0.855856 0.718468 0.0315315 0.0315315 0.171306
0 0.647523 0.745495 0.0337838 0.0225225 0.776568
3 0.884009 0.743243 0.0247748 0.0225225 0.804545
2 0.855856 0.717342 0.0315315 0.0292793 0.873198
