2 0.47973 0.00225225 0.045045 0.0045045 0.00114434
2 0.515766 0.00225225 0.045045 0.0045045 0.00114493
0 0.602477 0.849099 0.0337838 0.027027 0.0018932
0 0.596847 0.809685 0.0315315 0.0292793 0.00290829
0 0.593468 0.766892 0.0292793 0.0247748 0.00665009
0 0.595721 0.826577 0.0292793 0.0315315 0.00991346
0 0.597973 0.838964 0.0337838 0.0247748 0.0150597
0 0.594595 0.795045 0.0315315 0.027027 0.0251271
1 0.609234 0.996622 0.0292793 0.00675676 0.0839182
3 0.522523 0.621622 0.0315315 0.0315315 0.409483
0 0.594595 0.778153 0.0315315 0.0247748 0.736646
3 0.507883 0.622748 0.0202703 0.0247748 0.763538
2 0.523649 0.622748 0.0292793 0.0337838 0.863984
