3 0.890766 0.207207 0.0698198 0.0585586 0.00123183
2 0.88964 0.209459 0.0900901 0.0495495 0.00131862
3 0.844595 0.470721 0.027027 0.0225225 0.00133354
0 0.640766 0.623874 0.0292793 0.0225225 0.00208306
0 0.638514 0.637387 0.0337838 0.0225225 0.00294377
3 0.858108 0.496622 0.0315315 0.0382883 0.00473981
0 0.658784 0.525901 0.0382883 0.0247748 0.00590751
3 0.870495 0.497748 0.0292793 0.027027 0.00623432
0 0.640766 0.613739 0.0337838 0.0247748 0.0131139
0 0.64527 0.577703 0.0337838 0.0427928 0.0233711
0 0.643018 0.593468 0.0292793 0.0292793 0.0297097
0 0.643018 0.602477 0.0337838 0.0247748 0.0405907
0 0.650901 0.550676 0.036036 0.0247748 0.0748614
1 0.618243 0.996622 0.0292793 0.00675676 0.100214
3 0.851351 0.48536 0.0315315 0.0292793 0.179189
0 0.653153 0.541667 0.036036 0.0247748 0.698601
3 0.881757 0.507883 0.0247748 0.0247748 0.814836
2 0.851351 0.48536 0.0315315 0.0337838 0.870478
