0 0.600225 0.879505 0.0337838 0.0292793 0.00102152
2 0.478604 0.00225225 0.0472973 0.0045045 0.00102249
0 0.593468 0.870495 0.0337838 0.0292793 0.00115806
0 0.57545 0.78491 0.0427928 0.0427928 0.00132413
0 0.560811 0.760135 0.0495495 0.0337838 0.00145453
3 0.364865 0.73536 0.0315315 0.0247748 0.00162803
0 0.593468 0.846847 0.0337838 0.0405405 0.00271892
0 0.595721 0.86036 0.0337838 0.0225225 0.00542653
0 0.587838 0.804054 0.036036 0.036036 0.00680093
1 0.60473 0.993243 0.0292793 0.00900901 0.00782176
1 0.609234 0.996622 0.0292793 0.00675676 0.0984416
3 0.39527 0.712838 0.0337838 0.0337838 0.441558
0 0.582207 0.775901 0.0337838 0.0247748 0.775207
3 0.371622 0.730856 0.0225225 0.0247748 0.810052
2 0.39527 0.711712 0.0337838 0.0315315 0.90166
