2 0.516892 0.00225225 0.0472973 0.0045045 0.00104033
0 0.618243 0.823198 0.0337838 0.0247748 0.00114184
2 0.47973 0.00337838 0.045045 0.00675676 0.00118932
0 0.611486 0.907658 0.0337838 0.027027 0.00134904
0 0.614865 0.853604 0.0315315 0.045045 0.00140935
0 0.613739 0.872748 0.0337838 0.0247748 0.00163983
0 0.612613 0.894144 0.0315315 0.0225225 0.00189099
0 0.617117 0.84009 0.036036 0.0315315 0.00370502
3 0.747748 0.772523 0.027027 0.0405405 0.00746988
0 0.620495 0.795045 0.0337838 0.027027 0.0151571
1 0.61036 0.996622 0.0315315 0.00675676 0.0566115
3 0.738739 0.754505 0.036036 0.036036 0.463832
0 0.619369 0.810811 0.0315315 0.027027 0.725111
3 0.759009 0.778153 0.0225225 0.0247748 0.839474
2 0.737613 0.754505 0.0382883 0.036036 0.881584
