0 0.623874 0.863739 0.0315315 0.0247748 0.00168156
0 0.625 0.822072 0.0292793 0.036036 0.00181915
0 0.623874 0.834459 0.0315315 0.0292793 0.00364175
0 0.623874 0.853604 0.0315315 0.027027 0.00439506
0 0.622748 0.79955 0.0292793 0.0315315 0.00784464
0 0.626126 0.766892 0.0315315 0.0247748 0.0141853
1 0.621622 0.996622 0.027027 0.00675676 0.052041
3 0.628378 0.478604 0.0315315 0.0247748 0.444182
0 0.625 0.777027 0.0292793 0.0225225 0.734809
3 0.628378 0.442568 0.0315315 0.0112613 0.75313
2 0.628378 0.478604 0.0315315 0.0247748 0.889987
