0 0.627252 0.695946 0.0337838 0.027027 0.00126144
3 0.89527 0.489865 0.0157658 0.0247748 0.00257538
1 0.623874 0.994369 0.0315315 0.0112613 0.00264141
0 0.628378 0.684685 0.0315315 0.0315315 0.0030067
2 0.891892 0.208333 0.0855856 0.0518018 0.00470386
0 0.629505 0.652027 0.0337838 0.0472973 0.00691553
0 0.641892 0.566441 0.036036 0.0247748 0.00771243
0 0.63964 0.587838 0.0315315 0.0225225 0.0110276
0 0.628378 0.668919 0.0315315 0.027027 0.0113176
3 0.858108 0.470721 0.027027 0.0315315 0.0179576
0 0.634009 0.661036 0.0292793 0.0247748 0.0387904
1 0.619369 0.996622 0.027027 0.00675676 0.0890359
0 0.63964 0.576577 0.0315315 0.027027 0.739955
3 0.891892 0.480856 0.0135135 0.0292793 0.773147
2 0.856982 0.470721 0.0247748 0.0315315 0.87288
