2 0.47973 0.00225225 0.045045 0.0045045 0.00110892
1 0.619369 0.994369 0.0315315 0.0112613 0.00119259
2 0.518018 0.00225225 0.045045 0.0045045 0.0011984
0 0.609234 0.797297 0.0337838 0.027027 0.00144941
0 0.61036 0.817568 0.0315315 0.0225225 0.00547575
1 0.618243 0.996622 0.0292793 0.00675676 0.0441706
3 0.447072 0.578829 0.0337838 0.0315315 0.0488657
0 0.609234 0.809685 0.0337838 0.0247748 0.780908
3 0.418919 0.559685 0.0225225 0.0247748 0.793435
2 0.448198 0.578829 0.0315315 0.0315315 0.859771
