2 0.884009 0.796171 0.0472973 0.0878378 0.00130342
2 0.881757 0.217342 0.0788288 0.114865 0.00223865
0 0.636261 0.634009 0.0337838 0.0247748 0.00381252
0 0.646396 0.579955 0.036036 0.0518018 0.00587274
0 0.640766 0.60473 0.0337838 0.0337838 0.00823071
0 0.638514 0.621622 0.0337838 0.0225225 0.00887543
3 0.865991 0.532658 0.0292793 0.0292793 0.00945858
3 0.89527 0.565315 0.0247748 0.0225225 0.0124033
3 0.879505 0.557432 0.0337838 0.0382883 0.0570962
1 0.615991 0.996622 0.0292793 0.00675676 0.0970734
2 0.872748 0.541667 0.0292793 0.0292793 0.257327
0 0.654279 0.545045 0.0382883 0.027027 0.7501
3 0.888514 0.560811 0.0247748 0.0225225 0.802992
2 0.865991 0.532658 0.0292793 0.0292793 0.860933
