1 0.569531 0.00078125 0.0296875 0.0015625 0.00101499
1 0.364062 0.0015625 0.034375 0.003125 0.00106589
0 0.600781 0.771094 0.0328125 0.0265625 0.00116138
1 0.414844 0.0015625 0.0265625 0.003125 0.00119542
1 0.519531 0.0015625 0.0359375 0.003125 0.00123673
1 0.475781 0.00078125 0.0359375 0.0015625 0.00128368
1 0.555469 0.0015625 0.0359375 0.003125 0.00135587
1 0.404687 0.0015625 0.034375 0.003125 0.00136354
1 0.453125 0.00078125 0.028125 0.0015625 0.00151556
1 0.439844 0.0015625 0.0359375 0.003125 0.00174935
0 0.5875 0.836719 0.0375 0.0453125 0.00224188
1 0.571875 0.99375 0.03125 0.0125 0.00865726
1 0.575781 0.996875 0.0296875 0.00625 0.130111
3 0.696094 0.489062 0.0328125 0.028125 0.406262
3 0.710938 0.457812 0.028125 0.01875 0.78001
0 0.600781 0.782031 0.0328125 0.0234375 0.801545
2 0.696094 0.489844 0.0328125 0.0265625 0.894997
