1 0.328125 0.00078125 0.034375 0.0015625 0.00102644
1 0.453906 0.00078125 0.0265625 0.0015625 0.00105743
1 0.375781 0.00078125 0.0265625 0.0015625 0.00111755
1 0.59375 0.0015625 0.0375 0.003125 0.00112799
1 0.555469 0.0015625 0.0359375 0.003125 0.00127046
1 0.517969 0.0015625 0.0359375 0.003125 0.0012864
1 0.364062 0.0015625 0.034375 0.003125 0.00134007
1 0.478906 0.0015625 0.0359375 0.003125 0.0013575
1 0.401563 0.00078125 0.034375 0.0015625 0.00136015
1 0.440625 0.0015625 0.034375 0.003125 0.00148335
0 0.596875 0.765625 0.034375 0.028125 0.00155525
0 0.583594 0.889844 0.0328125 0.0265625 0.00196533
0 0.585156 0.871875 0.0328125 0.028125 0.00214135
0 0.583594 0.853906 0.0359375 0.0515625 0.00228186
1 0.582031 0.994531 0.0296875 0.0109375 0.00411973
1 0.571094 0.992188 0.0328125 0.015625 0.00524465
0 0.594531 0.789844 0.0328125 0.0234375 0.0184096
1 0.575781 0.996875 0.0296875 0.00625 0.0829298
3 0.680469 0.4875 0.0359375 0.028125 0.407965
0 0.596094 0.78125 0.0328125 0.025 0.760352
3 0.69375 0.453125 0.03125 0.015625 0.767314
2 0.68125 0.4875 0.034375 0.025 0.848102
