1 0.56875 0.00078125 0.028125 0.0015625 0.00107954
1 0.452344 0.00078125 0.0265625 0.0015625 0.00112971
1 0.59375 0.0015625 0.0375 0.003125 0.0011563
1 0.364844 0.0015625 0.0328125 0.003125 0.00121681
1 0.517969 0.0015625 0.0359375 0.003125 0.00131888
1 0.478125 0.0015625 0.034375 0.003125 0.00133209
1 0.403125 0.0015625 0.034375 0.003125 0.00138129
0 0.539062 0.804688 0.03125 0.0375 0.00138366
1 0.557031 0.0015625 0.0359375 0.003125 0.00143876
1 0.440625 0.0015625 0.034375 0.003125 0.00145452
0 0.5375 0.789844 0.034375 0.0234375 0.00301093
0 0.5375 0.770312 0.0375 0.028125 0.00634365
3 0.479688 0.466406 0.028125 0.0140625 0.00982414
2 0.479688 0.467187 0.028125 0.015625 0.0135406
3 0.485938 0.490625 0.03125 0.025 0.0426749
1 0.553125 0.996094 0.03125 0.0078125 0.044467
3 0.478125 0.45625 0.028125 0.0125 0.746883
0 0.535937 0.778906 0.03125 0.0234375 0.778696
2 0.485156 0.490625 0.0328125 0.025 0.887267
