0 0.572656 0.884375 0.0359375 0.03125 0.00105943
1 0.453906 0.0015625 0.0296875 0.003125 0.00125972
1 0.339063 0.0015625 0.028125 0.003125 0.00128199
1 0.594531 0.0015625 0.0390625 0.003125 0.00132488
1 0.555469 0.0015625 0.0390625 0.003125 0.00138599
1 0.478125 0.0015625 0.0375 0.003125 0.00152323
1 0.517969 0.0015625 0.0390625 0.003125 0.00162409
1 0.327344 0.0015625 0.0359375 0.003125 0.00167851
0 0.573438 0.871875 0.03125 0.025 0.00170497
1 0.416406 0.0015625 0.0296875 0.003125 0.00176214
1 0.357031 0.0015625 0.0296875 0.003125 0.00183257
1 0.403906 0.0015625 0.0359375 0.003125 0.0019472
0 0.579687 0.777344 0.034375 0.0296875 0.00203064
0 0.0632813 0.16875 0.0796875 0.109375 0.00206754
1 0.439844 0.0015625 0.0359375 0.003125 0.00207873
0 0.0507812 0.165625 0.0421875 0.0875 0.00242546
1 0.567969 0.992969 0.0328125 0.0140625 0.00377031
0 0.573438 0.858594 0.03125 0.0296875 0.00530199
0 0.575 0.826563 0.03125 0.0375 0.0089122
0 0.576563 0.8 0.03125 0.025 0.0175088
1 0.571094 0.996875 0.0296875 0.00625 0.0360161
3 0.7 0.733594 0.034375 0.0328125 0.263427
0 0.578125 0.790625 0.034375 0.025 0.740782
3 0.715625 0.75625 0.021875 0.021875 0.843503
2 0.696875 0.733594 0.034375 0.0328125 0.859279
