1 0.252344 0.0015625 0.0359375 0.003125 0.00100091
1 0.285937 0.0015625 0.0375 0.003125 0.00107756
1 0.592969 0.0015625 0.0390625 0.003125 0.00118689
1 0.53125 0.0015625 0.03125 0.003125 0.00120516
1 0.454688 0.0015625 0.03125 0.003125 0.00124572
1 0.339063 0.0015625 0.028125 0.003125 0.0012766
1 0.260938 0.00078125 0.028125 0.0015625 0.00129862
1 0.414844 0.0015625 0.0296875 0.003125 0.00132647
1 0.376563 0.0015625 0.03125 0.003125 0.00140159
1 0.569531 0.0015625 0.0328125 0.003125 0.00145675
1 0.478125 0.0015625 0.0375 0.003125 0.0015313
1 0.327344 0.0015625 0.0359375 0.003125 0.00154163
1 0.517969 0.0015625 0.0390625 0.003125 0.0016284
0 0.572656 0.892969 0.0296875 0.0234375 0.00167822
1 0.55625 0.0015625 0.0375 0.003125 0.00176175
1 0.400781 0.0015625 0.0359375 0.003125 0.00183968
1 0.440625 0.0015625 0.0375 0.003125 0.00187653
1 0.364844 0.0015625 0.0359375 0.003125 0.00191184
0 0.573438 0.872656 0.040625 0.0328125 0.00210374
0 0.579687 0.778125 0.034375 0.028125 0.00255726
0 0.572656 0.882812 0.0328125 0.028125 0.00393573
1 0.569531 0.992969 0.0296875 0.0140625 0.0043734
0 0.576563 0.798437 0.034375 0.034375 0.00819539
0 0.574219 0.860156 0.0296875 0.0328125 0.0112531
0 0.575 0.847656 0.03125 0.0390625 0.0125048
1 0.572656 0.996875 0.0296875 0.00625 0.0417721
2 0.717188 0.735156 0.034375 0.0296875 0.0440527
3 0.710938 0.727344 0.034375 0.0328125 0.20418
3 0.728906 0.75 0.0234375 0.021875 0.759892
0 0.579687 0.7875 0.03125 0.025 0.761982
2 0.710156 0.726562 0.0328125 0.034375 0.857785
