1 0.633594 0.0015625 0.0359375 0.003125 0.00101612
0 0.532812 0.850781 0.0375 0.0484375 0.0010205
1 0.673437 0.0015625 0.034375 0.003125 0.0010742
1 0.492188 0.00078125 0.028125 0.0015625 0.00113364
1 0.571094 0.00078125 0.0265625 0.0015625 0.00113412
1 0.357031 0.00078125 0.0265625 0.0015625 0.00113804
1 0.365625 0.0015625 0.034375 0.003125 0.00130793
1 0.480469 0.0015625 0.0359375 0.003125 0.0013404
1 0.515625 0.0015625 0.034375 0.003125 0.00136091
1 0.557813 0.0015625 0.034375 0.003125 0.00143785
1 0.439063 0.00078125 0.034375 0.0015625 0.00146811
1 0.594531 0.0015625 0.0359375 0.003125 0.0014759
0 0.525781 0.76875 0.0328125 0.025 0.00176561
1 0.402344 0.0015625 0.0328125 0.003125 0.00178514
1 0.414844 0.00078125 0.0265625 0.0015625 0.00187748
1 0.547656 0.995313 0.0328125 0.009375 0.00221662
0 0.528125 0.790625 0.034375 0.021875 0.010988
1 0.552344 0.996875 0.0296875 0.00625 0.0567431
3 0.464844 0.486719 0.0328125 0.0234375 0.0762731
3 0.45625 0.452344 0.028125 0.0109375 0.763322
0 0.526563 0.778906 0.03125 0.0234375 0.803829
2 0.464844 0.486719 0.0328125 0.0234375 0.885622
