1 0.672656 0.0015625 0.0390625 0.003125 0.00102207
1 0.635938 0.0015625 0.040625 0.003125 0.00106727
1 0.534375 0.0015625 0.03125 0.003125 0.001164
1 0.594531 0.0015625 0.0390625 0.003125 0.00118577
1 0.453906 0.0015625 0.0296875 0.003125 0.00128918
1 0.378906 0.00078125 0.0296875 0.0015625 0.00131472
1 0.415625 0.0015625 0.03125 0.003125 0.00138944
1 0.478125 0.0015625 0.0375 0.003125 0.00144196
1 0.326562 0.0015625 0.034375 0.003125 0.0014581
1 0.3375 0.0015625 0.028125 0.003125 0.00157635
0 0.574219 0.872656 0.0328125 0.0296875 0.00174212
0 0.585156 0.773438 0.0359375 0.025 0.00174532
0 0.572656 0.892187 0.0296875 0.021875 0.00176321
1 0.520312 0.0015625 0.0375 0.003125 0.00179047
1 0.439844 0.0015625 0.0359375 0.003125 0.00179672
1 0.549219 0.0015625 0.0328125 0.003125 0.00185738
1 0.364844 0.0015625 0.0359375 0.003125 0.00201649
1 0.402344 0.0015625 0.0359375 0.003125 0.00202084
0 0.580469 0.8 0.0328125 0.025 0.00251223
0 0.576563 0.857813 0.034375 0.04375 0.00455467
3 0.846094 0.665625 0.0140625 0.0375 0.0123408
1 0.567969 0.99375 0.0296875 0.0125 0.01437
1 0.569531 0.996875 0.0296875 0.00625 0.0682856
3 0.803906 0.657031 0.0265625 0.0328125 0.453972
0 0.584375 0.783594 0.034375 0.0265625 0.736886
3 0.840625 0.664844 0.015625 0.0296875 0.785423
2 0.803906 0.657812 0.0265625 0.03125 0.882659
