1 0.319531 0.00078125 0.0296875 0.0015625 0.00100851
1 0.376563 0.0015625 0.03125 0.003125 0.00101323
1 0.453125 0.0015625 0.03125 0.003125 0.00114148
1 0.56875 0.0015625 0.03125 0.003125 0.00134097
1 0.53125 0.0015625 0.03125 0.003125 0.00137549
1 0.477344 0.0015625 0.0390625 0.003125 0.00143867
1 0.594531 0.0015625 0.0390625 0.003125 0.00144706
0 0.571875 0.875781 0.034375 0.0328125 0.0014496
1 0.340625 0.0015625 0.028125 0.003125 0.00147215
1 0.417188 0.0015625 0.03125 0.003125 0.00153387
0 0.571094 0.894531 0.0296875 0.0234375 0.00163651
1 0.555469 0.0015625 0.0390625 0.003125 0.00170029
1 0.517969 0.0015625 0.0390625 0.003125 0.00176611
1 0.403906 0.0015625 0.0359375 0.003125 0.00180403
1 0.327344 0.0015625 0.0359375 0.003125 0.0018326
1 0.357031 0.0015625 0.0296875 0.003125 0.00199727
1 0.434375 0.0015625 0.03125 0.003125 0.00213041
3 0.665625 0.753125 0.065625 0.09375 0.00377878
0 0.572656 0.826563 0.0328125 0.04375 0.00480714
1 0.567187 0.99375 0.034375 0.0125 0.00556325
1 0.570312 0.996875 0.028125 0.00625 0.050497
3 0.68125 0.729688 0.034375 0.034375 0.43687
0 0.574219 0.79375 0.0328125 0.025 0.726815
3 0.699219 0.751562 0.0234375 0.021875 0.781852
2 0.68125 0.728125 0.034375 0.034375 0.874654
