1 0.635156 0.0015625 0.0359375 0.003125 0.00101328
1 0.491406 0.00078125 0.0265625 0.0015625 0.00109986
1 0.594531 0.0015625 0.0359375 0.003125 0.00112522
1 0.478906 0.00078125 0.0359375 0.0015625 0.0013347
1 0.55 0.0015625 0.028125 0.003125 0.00138434
1 0.414844 0.00078125 0.0265625 0.0015625 0.00138863
1 0.439063 0.00078125 0.034375 0.0015625 0.00140711
1 0.517969 0.0015625 0.0359375 0.003125 0.00144042
1 0.364844 0.0015625 0.0328125 0.003125 0.00145673
1 0.402344 0.00078125 0.0328125 0.0015625 0.00160562
0 0.53125 0.767969 0.034375 0.0265625 0.00469064
0 0.533594 0.790625 0.0359375 0.025 0.00488609
1 0.552344 0.996875 0.0296875 0.00625 0.0322989
3 0.467187 0.483594 0.034375 0.0234375 0.0994418
3 0.458594 0.450781 0.0296875 0.0109375 0.762293
0 0.532031 0.778906 0.0328125 0.0234375 0.767414
2 0.467969 0.484375 0.0328125 0.021875 0.878689
