0 0.55 0.835156 0.034375 0.0296875 0.00101293
1 0.592969 0.0015625 0.0359375 0.003125 0.00106093
3 0.350781 0.996875 0.0234375 0.00625 0.00106757
1 0.530469 0.00078125 0.0265625 0.0015625 0.00108225
1 0.365625 0.0015625 0.034375 0.003125 0.00108592
1 0.453125 0.00078125 0.025 0.0015625 0.00110523
1 0.478906 0.00078125 0.0359375 0.0015625 0.00114909
1 0.567187 0.00078125 0.028125 0.0015625 0.00122388
1 0.403125 0.0015625 0.034375 0.003125 0.00122961
1 0.440625 0.00078125 0.034375 0.0015625 0.0013692
3 0.505469 0.460156 0.0265625 0.0171875 0.00139056
1 0.51875 0.0015625 0.034375 0.003125 0.00146607
1 0.554688 0.0015625 0.034375 0.003125 0.0015591
0 0.545313 0.766406 0.034375 0.0296875 0.0016308
1 0.560156 0.992969 0.0296875 0.0140625 0.0018867
0 0.546875 0.794531 0.03125 0.0296875 0.00368682
1 0.561719 0.996875 0.0296875 0.00625 0.055184
3 0.510938 0.488281 0.03125 0.0265625 0.423846
3 0.50625 0.453125 0.028125 0.0125 0.800902
0 0.545313 0.777344 0.03125 0.0234375 0.80476
2 0.511719 0.488281 0.0296875 0.0265625 0.864725
