1 0.325 0.0015625 0.034375 0.003125 0.00102966
1 0.595312 0.0015625 0.0375 0.003125 0.0011557
1 0.492188 0.0015625 0.028125 0.003125 0.00115779
1 0.554688 0.0015625 0.0375 0.003125 0.001161
1 0.416406 0.00078125 0.0265625 0.0015625 0.00120979
1 0.364844 0.0015625 0.0359375 0.003125 0.00130288
1 0.478906 0.0015625 0.0359375 0.003125 0.00146989
1 0.516406 0.0015625 0.0359375 0.003125 0.0014959
1 0.439844 0.0015625 0.0359375 0.003125 0.00151416
1 0.403125 0.0015625 0.034375 0.003125 0.00160836
0 0.523438 0.76875 0.034375 0.025 0.00265279
3 0.441406 0.450781 0.0328125 0.0109375 0.0032166
2 0.871875 0.103125 0.06875 0.10625 0.00336287
0 0.527344 0.789844 0.0359375 0.0234375 0.00566544
1 0.551562 0.996875 0.03125 0.00625 0.0331724
3 0.453906 0.488281 0.0328125 0.0234375 0.405025
3 0.444531 0.454688 0.0296875 0.0125 0.753976
0 0.525781 0.778906 0.0328125 0.0234375 0.813963
2 0.453906 0.488281 0.0328125 0.0234375 0.866835
