1 0.414844 0.00078125 0.0265625 0.0015625 0.00101449
1 0.320312 0.00078125 0.025 0.0015625 0.00102564
1 0.492969 0.00078125 0.0265625 0.0015625 0.00103831
1 0.635156 0.0015625 0.0359375 0.003125 0.00105523
0 0.549219 0.842969 0.0328125 0.0296875 0.00113638
1 0.594531 0.0015625 0.0359375 0.003125 0.00117764
1 0.557031 0.0015625 0.0359375 0.003125 0.00123264
1 0.516406 0.0015625 0.0359375 0.003125 0.00129186
1 0.479688 0.00078125 0.034375 0.0015625 0.0013586
1 0.326562 0.0015625 0.03125 0.003125 0.0013605
1 0.402344 0.0015625 0.0328125 0.003125 0.00139598
1 0.363281 0.00078125 0.0328125 0.0015625 0.00140155
1 0.336719 0.00078125 0.0234375 0.0015625 0.00140336
1 0.439844 0.00078125 0.0328125 0.0015625 0.00142516
3 0.501562 0.440625 0.028125 0.015625 0.00150599
0 0.550781 0.857813 0.0328125 0.028125 0.00295366
0 0.550781 0.872656 0.0296875 0.0234375 0.00325211
0 0.545313 0.766406 0.03125 0.0265625 0.00358793
0 0.545313 0.795313 0.03125 0.03125 0.00523919
3 0.495313 0.441406 0.028125 0.0109375 0.00797118
1 0.555469 0.996875 0.0296875 0.00625 0.0486472
3 0.503906 0.480469 0.0328125 0.0234375 0.430859
3 0.496875 0.446875 0.028125 0.0125 0.7299
0 0.545313 0.777344 0.03125 0.0234375 0.788907
2 0.503906 0.480469 0.0328125 0.0234375 0.858782
