1 0.635156 0.0015625 0.0359375 0.003125 0.00103564
1 0.453125 0.00078125 0.028125 0.0015625 0.00113526
1 0.53125 0.00078125 0.028125 0.0015625 0.0011861
1 0.594531 0.0015625 0.0359375 0.003125 0.00121759
1 0.555469 0.0015625 0.0359375 0.003125 0.00135674
1 0.365625 0.0015625 0.034375 0.003125 0.00138921
0 0.560938 0.771875 0.03125 0.025 0.00141189
0 0.560938 0.823438 0.0375 0.040625 0.00142869
1 0.478125 0.0015625 0.034375 0.003125 0.0014656
1 0.403125 0.0015625 0.034375 0.003125 0.00152436
1 0.440625 0.0015625 0.034375 0.003125 0.00156046
1 0.51875 0.0015625 0.034375 0.003125 0.00158964
3 0.533594 0.441406 0.0328125 0.0140625 0.00232302
1 0.566406 0.992969 0.0328125 0.0140625 0.00321836
0 0.561719 0.801562 0.0328125 0.028125 0.00353768
3 0.5375 0.454688 0.025 0.021875 0.0235425
1 0.569531 0.996875 0.0296875 0.00625 0.0262932
3 0.542188 0.483594 0.03125 0.0265625 0.23469
0 0.560938 0.782031 0.03125 0.0234375 0.758796
3 0.538281 0.448438 0.0296875 0.0125 0.783868
2 0.542969 0.484375 0.0328125 0.025 0.874604
