1 0.671875 0.0015625 0.034375 0.003125 0.00100694
1 0.453906 0.00078125 0.0265625 0.0015625 0.00118707
0 0.545313 0.769531 0.03125 0.0265625 0.00120809
1 0.636719 0.0015625 0.0359375 0.003125 0.00121723
0 0.550781 0.853906 0.0328125 0.0296875 0.00123402
1 0.595312 0.0015625 0.034375 0.003125 0.00125814
2 0.878906 0.100781 0.0671875 0.114063 0.00128362
1 0.55625 0.0015625 0.034375 0.003125 0.00134585
1 0.366406 0.0015625 0.0328125 0.003125 0.00135772
1 0.517187 0.0015625 0.034375 0.003125 0.00138087
1 0.478125 0.0015625 0.034375 0.003125 0.00140003
1 0.413281 0.00078125 0.0265625 0.0015625 0.00140644
1 0.439844 0.0015625 0.0328125 0.003125 0.00154837
1 0.396875 0.00078125 0.025 0.0015625 0.00185081
3 0.496094 0.440625 0.0296875 0.0125 0.00340297
0 0.546094 0.792969 0.0296875 0.0265625 0.00580848
2 0.503125 0.461719 0.03125 0.0234375 0.0349247
1 0.55625 0.996094 0.03125 0.0078125 0.0512262
3 0.50625 0.48125 0.03125 0.025 0.4372
3 0.5 0.447656 0.028125 0.0109375 0.745049
0 0.545313 0.778906 0.03125 0.0234375 0.791453
2 0.505469 0.482031 0.0328125 0.0234375 0.85848
