0 0.552344 0.854688 0.0296875 0.025 0.00101785
1 0.338281 0.00078125 0.0265625 0.0015625 0.00105001
1 0.634375 0.0015625 0.0375 0.003125 0.00105196
1 0.453125 0.00078125 0.028125 0.0015625 0.00108486
1 0.595312 0.0015625 0.0375 0.003125 0.00114284
1 0.375781 0.00078125 0.0265625 0.0015625 0.00114696
1 0.328125 0.0015625 0.034375 0.003125 0.00119904
1 0.557031 0.0015625 0.0359375 0.003125 0.00121196
3 0.788281 0.132031 0.0359375 0.0796875 0.00123073
1 0.516406 0.0015625 0.0359375 0.003125 0.00129746
1 0.560156 0.992188 0.0296875 0.015625 0.00132418
1 0.478125 0.0015625 0.034375 0.003125 0.00141521
1 0.403125 0.0015625 0.034375 0.003125 0.00142031
0 0.561719 0.99375 0.0296875 0.0125 0.00144222
1 0.363281 0.0015625 0.0328125 0.003125 0.00157503
1 0.440625 0.0015625 0.034375 0.003125 0.0015843
2 0.514063 0.463281 0.03125 0.0203125 0.00331935
0 0.545313 0.76875 0.03125 0.025 0.00350822
0 0.546875 0.794531 0.03125 0.0296875 0.00614522
3 0.517187 0.486719 0.03125 0.0265625 0.0224608
1 0.561719 0.996875 0.0296875 0.00625 0.0349795
0 0.546875 0.777344 0.03125 0.0234375 0.764631
3 0.515625 0.453125 0.028125 0.0125 0.769995
2 0.517187 0.486719 0.03125 0.0234375 0.856592
