1 0.492969 0.00078125 0.0265625 0.0015625 0.00108477
1 0.594531 0.0015625 0.0359375 0.003125 0.00118679
1 0.364062 0.00078125 0.034375 0.0015625 0.00122659
1 0.555469 0.0015625 0.0359375 0.003125 0.00124395
1 0.403125 0.0015625 0.034375 0.003125 0.00133945
1 0.479688 0.00078125 0.034375 0.0015625 0.00136448
1 0.440625 0.0015625 0.034375 0.003125 0.00138406
1 0.517969 0.0015625 0.0359375 0.003125 0.00148202
0 0.5375 0.805469 0.03125 0.0390625 0.00151494
0 0.535937 0.76875 0.0375 0.028125 0.00647599
0 0.535937 0.788281 0.034375 0.0234375 0.0126714
2 0.480469 0.473437 0.0296875 0.028125 0.0176008
3 0.483594 0.488281 0.0328125 0.0234375 0.0312212
1 0.557813 0.996875 0.03125 0.00625 0.0391383
0 0.535156 0.778906 0.0328125 0.0234375 0.780754
3 0.475781 0.453906 0.0296875 0.0109375 0.813381
2 0.482812 0.488281 0.034375 0.0234375 0.881367
