1 0.56875 0.00078125 0.028125 0.0015625 0.00106057
1 0.594531 0.0015625 0.0359375 0.003125 0.00112567
0 0.526563 0.833594 0.0375 0.0390625 0.00116272
1 0.364062 0.0015625 0.034375 0.003125 0.00123048
1 0.478125 0.00078125 0.034375 0.0015625 0.00124534
1 0.415625 0.00078125 0.025 0.0015625 0.00125162
1 0.555469 0.0015625 0.0359375 0.003125 0.00131278
1 0.517969 0.00078125 0.0359375 0.0015625 0.00131367
1 0.553906 0.99375 0.0328125 0.0125 0.00132956
1 0.402344 0.0015625 0.0328125 0.003125 0.0013599
1 0.440625 0.0015625 0.034375 0.003125 0.0014415
0 0.522656 0.8 0.0359375 0.025 0.00254518
1 0.553906 0.996875 0.0296875 0.00625 0.0487869
3 0.433594 0.486719 0.0359375 0.0265625 0.442523
0 0.520312 0.782812 0.034375 0.025 0.781849
3 0.419531 0.453906 0.0296875 0.0140625 0.800613
2 0.433594 0.486719 0.0359375 0.0234375 0.851457
