1 0.327344 0.0015625 0.0328125 0.003125 0.00101431
1 0.414062 0.00078125 0.025 0.0015625 0.0010253
1 0.636719 0.0015625 0.0359375 0.003125 0.00116502
1 0.595312 0.0015625 0.034375 0.003125 0.00124008
1 0.363281 0.0015625 0.0328125 0.003125 0.00125528
1 0.555469 0.0015625 0.0359375 0.003125 0.00130385
1 0.453906 0.00078125 0.0265625 0.0015625 0.00137093
1 0.517187 0.00078125 0.034375 0.0015625 0.00137217
1 0.402344 0.0015625 0.0328125 0.003125 0.00139388
1 0.478906 0.00078125 0.0328125 0.0015625 0.0015621
1 0.441406 0.0015625 0.0328125 0.003125 0.00166048
0 0.546094 0.766406 0.0328125 0.0265625 0.00230806
0 0.545313 0.792188 0.03125 0.028125 0.00491277
3 0.495313 0.441406 0.028125 0.0109375 0.0209377
1 0.555469 0.996875 0.0296875 0.00625 0.0383197
2 0.498437 0.446875 0.028125 0.015625 0.202722
3 0.503125 0.479688 0.03125 0.025 0.432335
3 0.496875 0.446094 0.028125 0.0109375 0.72095
0 0.545313 0.777344 0.03125 0.0234375 0.768473
2 0.503906 0.480469 0.0328125 0.0234375 0.854725
