1 0.453125 0.00078125 0.028125 0.0015625 0.0010451
1 0.56875 0.00078125 0.028125 0.0015625 0.00106693
0 0.525781 0.802344 0.0359375 0.0265625 0.00113212
1 0.59375 0.0015625 0.0375 0.003125 0.00124857
1 0.364844 0.0015625 0.0359375 0.003125 0.00129156
1 0.555469 0.0015625 0.0359375 0.003125 0.00131562
1 0.478125 0.0015625 0.034375 0.003125 0.00135478
1 0.516406 0.0015625 0.0359375 0.003125 0.00136818
1 0.439063 0.0015625 0.034375 0.003125 0.00154807
1 0.414844 0.00078125 0.0265625 0.0015625 0.00162142
1 0.403125 0.0015625 0.034375 0.003125 0.00165836
1 0.547656 0.995313 0.0328125 0.009375 0.00203455
2 0.875 0.102344 0.06875 0.114063 0.00206908
0 0.522656 0.789062 0.0359375 0.021875 0.0186298
1 0.553906 0.996875 0.0296875 0.00625 0.0797784
3 0.436719 0.485156 0.0359375 0.0234375 0.434106
0 0.521875 0.78125 0.034375 0.025 0.767901
3 0.425 0.453125 0.028125 0.0125 0.780208
2 0.436719 0.485156 0.0328125 0.0234375 0.888631
