3 0.146094 0.277344 0.0390625 0.0453125 0.00105998
1 0.555469 0.0015625 0.0390625 0.003125 0.00107064
1 0.595312 0.0015625 0.040625 0.003125 0.00110062
0 0.0484375 0.164844 0.04375 0.0921875 0.00123359
1 0.453125 0.00078125 0.03125 0.0015625 0.0013342
1 0.49375 0.0015625 0.03125 0.003125 0.00134164
1 0.416406 0.0015625 0.0296875 0.003125 0.00142298
0 0.578125 0.776563 0.034375 0.03125 0.00144434
1 0.510938 0.0015625 0.03125 0.003125 0.00157783
0 0.571875 0.882812 0.034375 0.03125 0.00161807
1 0.479688 0.0015625 0.0375 0.003125 0.00175229
1 0.328125 0.0015625 0.034375 0.003125 0.00179726
1 0.361719 0.0015625 0.0359375 0.003125 0.00190332
1 0.403906 0.0015625 0.0359375 0.003125 0.00194814
1 0.339063 0.0015625 0.028125 0.003125 0.0021263
1 0.439844 0.0015625 0.0359375 0.003125 0.00216641
0 0.573438 0.834375 0.034375 0.03125 0.00263351
1 0.567187 0.992188 0.03125 0.015625 0.00280295
0 0.572656 0.871875 0.0296875 0.025 0.00285274
0 0.572656 0.858594 0.0296875 0.0296875 0.00689515
0 0.574219 0.821875 0.0296875 0.034375 0.0129211
1 0.571094 0.996875 0.0296875 0.00625 0.0339123
3 0.69375 0.728906 0.034375 0.0359375 0.298287
3 0.711719 0.751562 0.0234375 0.021875 0.731017
0 0.576563 0.792188 0.03125 0.025 0.738629
2 0.69375 0.727344 0.034375 0.0359375 0.79724
