0 0.53125 0.838281 0.0375 0.0421875 0.0010087
1 0.453906 0.00078125 0.0265625 0.0015625 0.0010301
1 0.49375 0.00078125 0.028125 0.0015625 0.00103775
1 0.56875 0.00078125 0.028125 0.0015625 0.00115606
1 0.325781 0.0015625 0.0328125 0.003125 0.00116534
1 0.414844 0.00078125 0.0265625 0.0015625 0.00118025
1 0.592969 0.0015625 0.0359375 0.003125 0.00120203
1 0.3625 0.0015625 0.034375 0.003125 0.0012838
1 0.55625 0.0015625 0.034375 0.003125 0.00140814
1 0.517969 0.0015625 0.0359375 0.003125 0.00147377
1 0.402344 0.0015625 0.0328125 0.003125 0.00148126
1 0.479688 0.0015625 0.034375 0.003125 0.00150934
1 0.440625 0.0015625 0.034375 0.003125 0.00166146
0 0.525 0.799219 0.034375 0.0234375 0.00466688
1 0.553125 0.996875 0.03125 0.00625 0.0457838
3 0.45 0.49375 0.034375 0.021875 0.398638
3 0.439844 0.461719 0.0296875 0.0109375 0.738488
0 0.523438 0.785156 0.034375 0.0234375 0.787546
2 0.449219 0.49375 0.0359375 0.025 0.867124
