0 0.550781 0.846094 0.0390625 0.0484375 0.00100473
1 0.635938 0.0015625 0.0375 0.003125 0.00101074
1 0.413281 0.00078125 0.0265625 0.0015625 0.00108732
1 0.326562 0.0015625 0.034375 0.003125 0.00111665
1 0.594531 0.0015625 0.0359375 0.003125 0.00112457
1 0.560156 0.992188 0.0296875 0.015625 0.00119993
1 0.557031 0.0015625 0.0359375 0.003125 0.00123923
1 0.492188 0.00078125 0.028125 0.0015625 0.001276
1 0.516406 0.0015625 0.0359375 0.003125 0.00135602
1 0.365625 0.0015625 0.034375 0.003125 0.00149473
1 0.439844 0.0015625 0.0359375 0.003125 0.00155825
1 0.478906 0.0015625 0.0359375 0.003125 0.00155936
1 0.394531 0.0015625 0.0265625 0.003125 0.00194103
3 0.51875 0.449219 0.03125 0.0109375 0.00228036
0 0.549219 0.76875 0.0328125 0.025 0.00416974
0 0.548437 0.792188 0.03125 0.028125 0.0047953
1 0.561719 0.996875 0.0296875 0.00625 0.0284283
3 0.525 0.486719 0.03125 0.0265625 0.423017
0 0.549219 0.778906 0.0296875 0.0234375 0.764967
3 0.522656 0.453125 0.0296875 0.0125 0.777376
2 0.525781 0.4875 0.0296875 0.025 0.865533
