1 0.635938 0.0015625 0.0375 0.003125 0.00105892
1 0.594531 0.0015625 0.0359375 0.003125 0.00107354
0 0.550781 0.846094 0.0390625 0.0484375 0.00111638
1 0.327344 0.0015625 0.0328125 0.003125 0.00116796
1 0.491406 0.00078125 0.0265625 0.0015625 0.00121571
1 0.416406 0.00078125 0.0265625 0.0015625 0.00129125
1 0.555469 0.0015625 0.0359375 0.003125 0.00130011
1 0.363281 0.00078125 0.0328125 0.0015625 0.00133039
2 0.878906 0.0992187 0.0703125 0.120312 0.00133941
1 0.478125 0.0015625 0.034375 0.003125 0.00145064
1 0.439063 0.0015625 0.034375 0.003125 0.00152986
1 0.403906 0.00078125 0.0328125 0.0015625 0.00162032
1 0.517187 0.0015625 0.034375 0.003125 0.00164402
1 0.55625 0.994531 0.03125 0.0109375 0.00287601
0 0.548437 0.769531 0.03125 0.0265625 0.00335706
0 0.55 0.790625 0.03125 0.025 0.00853522
3 0.533594 0.489844 0.0296875 0.0265625 0.0158353
1 0.560156 0.996875 0.0296875 0.00625 0.0852383
0 0.55 0.779688 0.03125 0.025 0.766775
3 0.53125 0.457812 0.028125 0.0125 0.780656
2 0.533594 0.489844 0.0296875 0.0265625 0.875097
