0 0.552344 0.845312 0.0390625 0.046875 0.00102065
1 0.492188 0.00078125 0.028125 0.0015625 0.00102859
1 0.674219 0.0015625 0.0359375 0.003125 0.00104428
1 0.570312 0.00078125 0.028125 0.0015625 0.00112919
1 0.416406 0.00078125 0.0265625 0.0015625 0.00116577
1 0.5875 0.00078125 0.028125 0.0015625 0.00125762
1 0.517969 0.00078125 0.0359375 0.0015625 0.00130253
1 0.364062 0.0015625 0.034375 0.003125 0.00131635
1 0.325781 0.0015625 0.0328125 0.003125 0.00131859
1 0.557031 0.0015625 0.0359375 0.003125 0.0015279
1 0.477344 0.0015625 0.0359375 0.003125 0.00154986
1 0.403906 0.0015625 0.0328125 0.003125 0.00166902
1 0.453125 0.00078125 0.028125 0.0015625 0.0016708
1 0.440625 0.0015625 0.034375 0.003125 0.00202805
0 0.550781 0.76875 0.0328125 0.025 0.00257304
0 0.551562 0.792188 0.03125 0.028125 0.00704052
3 0.533594 0.486719 0.0296875 0.0265625 0.0101276
1 0.561719 0.996875 0.0296875 0.00625 0.0299217
3 0.53125 0.453125 0.028125 0.0125 0.76832
0 0.550781 0.778906 0.0296875 0.0234375 0.772208
2 0.533594 0.486719 0.0296875 0.0265625 0.871702
