1 0.634375 0.0015625 0.0375 0.003125 0.00107689
1 0.377344 0.00078125 0.0265625 0.0015625 0.00112846
1 0.325781 0.0015625 0.0328125 0.003125 0.00116609
0 0.53125 0.772656 0.034375 0.0328125 0.00119223
1 0.453906 0.00078125 0.0265625 0.0015625 0.00126525
1 0.517969 0.0015625 0.0359375 0.003125 0.00129869
1 0.594531 0.0015625 0.0359375 0.003125 0.00130083
1 0.557031 0.0015625 0.0359375 0.003125 0.00133245
1 0.477344 0.0015625 0.0359375 0.003125 0.00135879
0 0.538281 0.835156 0.0359375 0.0265625 0.00142603
1 0.366406 0.0015625 0.0328125 0.003125 0.00156936
1 0.440625 0.0015625 0.034375 0.003125 0.00166207
0 0.533594 0.81875 0.0328125 0.0375 0.00171787
1 0.394531 0.0015625 0.0265625 0.003125 0.00179362
0 0.534375 0.800781 0.034375 0.0265625 0.00184377
2 0.880469 0.100781 0.0578125 0.0984375 0.00303649
1 0.553125 0.996094 0.03125 0.0078125 0.0431431
3 0.495313 0.476562 0.03125 0.021875 0.450962
0 0.53125 0.783594 0.03125 0.0234375 0.752759
3 0.492188 0.439844 0.028125 0.0109375 0.819391
2 0.495313 0.476562 0.03125 0.021875 0.868235
