0 0.535156 0.842188 0.0359375 0.04375 0.00105535
1 0.364844 0.0015625 0.0359375 0.003125 0.00112111
1 0.592969 0.0015625 0.0359375 0.003125 0.00118592
1 0.491406 0.00078125 0.0265625 0.0015625 0.00121412
1 0.478906 0.0015625 0.0359375 0.003125 0.00131503
1 0.569531 0.00078125 0.0296875 0.0015625 0.00134988
1 0.517969 0.0015625 0.0359375 0.003125 0.00136352
1 0.557031 0.0015625 0.0359375 0.003125 0.00137572
0 0.532812 0.824219 0.03125 0.0359375 0.00139331
1 0.547656 0.994531 0.0328125 0.0109375 0.00140702
1 0.439063 0.0015625 0.034375 0.003125 0.00149127
1 0.403906 0.0015625 0.0328125 0.003125 0.00155692
1 0.414844 0.00078125 0.0265625 0.0015625 0.00173188
1 0.553125 0.996875 0.03125 0.00625 0.0573114
3 0.469531 0.488281 0.0328125 0.0234375 0.248229
0 0.529688 0.782812 0.03125 0.025 0.754175
3 0.461719 0.453125 0.0296875 0.0125 0.793525
2 0.470313 0.488281 0.034375 0.0234375 0.850541
