1 0.633594 0.0015625 0.0359375 0.003125 0.00107425
1 0.455469 0.00078125 0.0265625 0.0015625 0.00108506
1 0.364062 0.0015625 0.034375 0.003125 0.00109012
1 0.595312 0.0015625 0.0375 0.003125 0.00113911
1 0.414844 0.00078125 0.0265625 0.0015625 0.00118693
3 0.7875 0.135937 0.03125 0.06875 0.00121852
1 0.477344 0.0015625 0.0359375 0.003125 0.00122467
1 0.55625 0.0015625 0.034375 0.003125 0.001247
1 0.51875 0.0015625 0.034375 0.003125 0.00125022
1 0.403125 0.0015625 0.034375 0.003125 0.00145596
1 0.440625 0.00078125 0.034375 0.0015625 0.00169093
1 0.547656 0.995313 0.0328125 0.009375 0.00218442
0 0.528125 0.767969 0.034375 0.0265625 0.00235899
0 0.528906 0.790625 0.0359375 0.025 0.00365113
3 0.464844 0.4875 0.0328125 0.021875 0.0801393
1 0.553906 0.996875 0.0296875 0.00625 0.109734
3 0.454688 0.453906 0.028125 0.0109375 0.760204
0 0.528125 0.778906 0.03125 0.0234375 0.770664
2 0.464844 0.4875 0.0328125 0.021875 0.888254
