1 0.634375 0.0015625 0.0375 0.003125 0.00103401
0 0.533594 0.846875 0.0390625 0.046875 0.00107361
1 0.414844 0.00078125 0.0265625 0.0015625 0.00108882
1 0.377344 0.00078125 0.0265625 0.0015625 0.00118738
1 0.595312 0.0015625 0.0375 0.003125 0.00123155
1 0.492188 0.0015625 0.028125 0.003125 0.00123367
1 0.325781 0.0015625 0.0328125 0.003125 0.00126498
1 0.555469 0.0015625 0.0359375 0.003125 0.00137737
1 0.478906 0.0015625 0.0359375 0.003125 0.00144911
1 0.439844 0.0015625 0.0359375 0.003125 0.00149216
1 0.365625 0.0015625 0.034375 0.003125 0.0015843
1 0.516406 0.0015625 0.0359375 0.003125 0.00160459
1 0.402344 0.0015625 0.0328125 0.003125 0.00175099
3 0.442187 0.449219 0.03125 0.0109375 0.00224027
0 0.525 0.767969 0.034375 0.0265625 0.00480369
0 0.528906 0.790625 0.0359375 0.025 0.00501902
3 0.45625 0.485938 0.034375 0.021875 0.0221985
1 0.552344 0.996094 0.0296875 0.0078125 0.036438
3 0.446094 0.452344 0.0296875 0.0109375 0.776733
0 0.527344 0.777344 0.0328125 0.0234375 0.789606
2 0.455469 0.485938 0.0328125 0.021875 0.889071
