1 0.570312 0.00078125 0.028125 0.0015625 0.00105104
1 0.339063 0.00078125 0.025 0.0015625 0.00110596
3 0.789062 0.136719 0.028125 0.0671875 0.00114429
1 0.592969 0.0015625 0.0359375 0.003125 0.00117293
1 0.492969 0.00078125 0.0265625 0.0015625 0.0012016
1 0.557813 0.0015625 0.034375 0.003125 0.00128211
1 0.517187 0.0015625 0.034375 0.003125 0.00132522
1 0.479688 0.00078125 0.034375 0.0015625 0.00137183
1 0.364062 0.0015625 0.034375 0.003125 0.00143488
1 0.439063 0.0015625 0.034375 0.003125 0.00144363
1 0.414062 0.00078125 0.025 0.0015625 0.00154434
1 0.402344 0.0015625 0.0328125 0.003125 0.00160389
0 0.528125 0.76875 0.034375 0.028125 0.0030778
0 0.529688 0.789844 0.034375 0.0234375 0.00822009
1 0.551562 0.996094 0.03125 0.0078125 0.0466507
3 0.46875 0.486719 0.034375 0.0234375 0.192557
0 0.528906 0.778906 0.0328125 0.0234375 0.74879
3 0.460938 0.451562 0.028125 0.0125 0.799576
2 0.46875 0.486719 0.034375 0.0234375 0.861956
