1 0.635156 0.0015625 0.0359375 0.003125 0.00104531
1 0.414844 0.00078125 0.0265625 0.0015625 0.001101
1 0.326562 0.0015625 0.034375 0.003125 0.00111743
0 0.559375 0.828125 0.040625 0.046875 0.00122366
1 0.336719 0.00078125 0.0265625 0.0015625 0.00122717
1 0.594531 0.0015625 0.0359375 0.003125 0.00124877
1 0.453125 0.00078125 0.028125 0.0015625 0.00127111
1 0.532031 0.00078125 0.0265625 0.0015625 0.00136645
1 0.477344 0.0015625 0.0359375 0.003125 0.00136796
1 0.3625 0.0015625 0.034375 0.003125 0.0013947
1 0.403125 0.0015625 0.034375 0.003125 0.00141431
1 0.555469 0.0015625 0.0359375 0.003125 0.00150835
1 0.51875 0.0015625 0.034375 0.003125 0.00158901
1 0.440625 0.0015625 0.034375 0.003125 0.00159664
2 0.878906 0.100781 0.0640625 0.110937 0.00199026
3 0.561719 0.451562 0.0296875 0.0125 0.00251072
0 0.559375 0.791406 0.03125 0.0265625 0.00475909
0 0.559375 0.765625 0.03125 0.025 0.0145597
1 0.564062 0.996094 0.028125 0.0078125 0.0330487
3 0.560938 0.471094 0.028125 0.0265625 0.104355
3 0.560938 0.489844 0.03125 0.0265625 0.41728
0 0.559375 0.777344 0.03125 0.0234375 0.754359
3 0.561719 0.45625 0.0296875 0.0125 0.774759
2 0.560156 0.489844 0.0296875 0.0265625 0.897873
