1 0.634375 0.0015625 0.0375 0.003125 0.00105676
1 0.49375 0.00078125 0.028125 0.0015625 0.00106312
0 0.566406 0.76875 0.0328125 0.034375 0.00110172
1 0.567187 0.992969 0.028125 0.0140625 0.0012043
1 0.594531 0.0015625 0.0359375 0.003125 0.00122266
0 0.566406 0.851562 0.0328125 0.03125 0.00124726
1 0.555469 0.0015625 0.0359375 0.003125 0.00125132
2 0.879687 0.1 0.06875 0.115625 0.00130587
1 0.479688 0.0015625 0.034375 0.003125 0.00137018
1 0.517969 0.0015625 0.0359375 0.003125 0.00140362
1 0.375781 0.00078125 0.0265625 0.0015625 0.00146956
0 0.567187 0.839844 0.03125 0.0296875 0.00148709
1 0.365625 0.0015625 0.034375 0.003125 0.0015006
1 0.434375 0.00078125 0.028125 0.0015625 0.00156421
1 0.402344 0.0015625 0.0328125 0.003125 0.00167152
0 0.564062 0.824219 0.034375 0.0390625 0.00247439
0 0.56875 0.790625 0.028125 0.021875 0.0145765
1 0.56875 0.996875 0.028125 0.00625 0.0566742
3 0.590625 0.492969 0.03125 0.0265625 0.414235
3 0.596094 0.460156 0.0296875 0.0140625 0.729522
0 0.567187 0.782031 0.03125 0.0234375 0.737678
2 0.590625 0.49375 0.03125 0.025 0.878633
