1 0.289062 0.0015625 0.0375 0.003125 0.00103331
1 0.377344 0.0015625 0.0296875 0.003125 0.00111322
1 0.454688 0.0015625 0.03125 0.003125 0.00115906
1 0.594531 0.0015625 0.0390625 0.003125 0.00116002
1 0.530469 0.0015625 0.0328125 0.003125 0.00120414
1 0.414844 0.0015625 0.0296875 0.003125 0.00125918
1 0.555469 0.0015625 0.0390625 0.003125 0.00127957
1 0.339063 0.0015625 0.028125 0.003125 0.00145742
1 0.478125 0.0015625 0.0375 0.003125 0.00151712
1 0.517969 0.0015625 0.0390625 0.003125 0.00152862
1 0.363281 0.0015625 0.0359375 0.003125 0.00173625
1 0.325781 0.0015625 0.0359375 0.003125 0.00175688
1 0.440625 0.0015625 0.0375 0.003125 0.00177466
1 0.402344 0.0015625 0.0359375 0.003125 0.001781
0 0.571094 0.888281 0.0328125 0.0296875 0.00216817
0 0.572656 0.857813 0.0328125 0.03125 0.00293951
0 0.571875 0.871094 0.034375 0.0328125 0.00374648
1 0.567969 0.992969 0.0296875 0.0140625 0.00469233
0 0.575 0.803906 0.03125 0.0265625 0.0059892
3 0.682031 0.742969 0.0578125 0.0734375 0.0074721
0 0.572656 0.823438 0.0328125 0.040625 0.0100785
1 0.571094 0.996875 0.0296875 0.00625 0.036384
3 0.682031 0.729688 0.0328125 0.034375 0.429262
0 0.574219 0.792969 0.0328125 0.0265625 0.716179
3 0.699219 0.751562 0.0234375 0.021875 0.771727
2 0.68125 0.728906 0.034375 0.0328125 0.865721
