1 0.492188 0.00078125 0.028125 0.0015625 0.00105715
0 0.541406 0.850781 0.0328125 0.0265625 0.00111038
1 0.594531 0.0015625 0.0359375 0.003125 0.00113735
1 0.567187 0.0015625 0.028125 0.003125 0.001158
1 0.364062 0.0015625 0.034375 0.003125 0.00120287
0 0.5375 0.814062 0.03125 0.040625 0.00129443
1 0.414844 0.00078125 0.0265625 0.0015625 0.00131605
1 0.555469 0.0015625 0.0359375 0.003125 0.00138216
1 0.517969 0.0015625 0.0359375 0.003125 0.00139358
1 0.478125 0.00078125 0.034375 0.0015625 0.00140393
1 0.403125 0.00078125 0.034375 0.0015625 0.00153332
1 0.439063 0.00078125 0.034375 0.0015625 0.00164691
2 0.875 0.0992187 0.06875 0.117188 0.00198516
0 0.5375 0.792188 0.034375 0.028125 0.00411699
0 0.533594 0.76875 0.0328125 0.025 0.00729733
1 0.553125 0.996094 0.03125 0.0078125 0.0136811
3 0.474219 0.483594 0.0328125 0.0234375 0.422305
0 0.534375 0.777344 0.03125 0.0234375 0.793108
3 0.466406 0.450781 0.0296875 0.0109375 0.803566
2 0.475 0.483594 0.034375 0.0234375 0.865334
