1 0.671875 0.0015625 0.034375 0.003125 0.00100331
1 0.414844 0.00078125 0.0265625 0.0015625 0.00102576
1 0.530469 0.00078125 0.0265625 0.0015625 0.00109264
1 0.453125 0.00078125 0.028125 0.0015625 0.00114384
1 0.636719 0.0015625 0.0359375 0.003125 0.00116358
1 0.59375 0.0015625 0.034375 0.003125 0.001244
1 0.325781 0.0015625 0.0328125 0.003125 0.00128434
1 0.3625 0.0015625 0.034375 0.003125 0.00131996
1 0.555469 0.0015625 0.0359375 0.003125 0.00140039
1 0.403125 0.0015625 0.034375 0.003125 0.00141254
1 0.440625 0.0015625 0.034375 0.003125 0.00143305
1 0.479688 0.0015625 0.034375 0.003125 0.00145351
1 0.3375 0.00078125 0.025 0.0015625 0.00145805
2 0.877344 0.103906 0.0671875 0.114063 0.00146216
1 0.517969 0.0015625 0.0359375 0.003125 0.00151487
0 0.549219 0.8625 0.0328125 0.03125 0.00160384
0 0.547656 0.85 0.0359375 0.046875 0.00172694
0 0.546094 0.765625 0.0328125 0.028125 0.00184304
0 0.552344 0.872656 0.0296875 0.0234375 0.00292142
0 0.546094 0.794531 0.0328125 0.0296875 0.00413207
3 0.496094 0.440625 0.0296875 0.0125 0.00559545
1 0.555469 0.996875 0.0296875 0.00625 0.0812473
3 0.50625 0.48125 0.03125 0.025 0.432454
3 0.5 0.447656 0.028125 0.0109375 0.741983
0 0.545313 0.777344 0.03125 0.0234375 0.798358
2 0.50625 0.482031 0.03125 0.0234375 0.851194
