0 0.579687 0.8875 0.034375 0.03125 0.00102419
1 0.592969 0.0015625 0.0359375 0.003125 0.00105725
1 0.570312 0.0015625 0.028125 0.003125 0.00111917
1 0.517969 0.00078125 0.0359375 0.0015625 0.00121755
0 0.580469 0.841406 0.0328125 0.0296875 0.00124303
1 0.455469 0.00078125 0.0265625 0.0015625 0.00126683
1 0.365625 0.0015625 0.034375 0.003125 0.0012776
1 0.557031 0.0015625 0.0359375 0.003125 0.00135659
1 0.402344 0.0015625 0.0328125 0.003125 0.00145994
1 0.471875 0.00078125 0.028125 0.0015625 0.00152714
1 0.442187 0.00078125 0.034375 0.0015625 0.00162516
0 0.578125 0.866406 0.03125 0.0265625 0.00174985
0 0.582812 0.772656 0.03125 0.0265625 0.00189594
2 0.871094 0.103125 0.0671875 0.109375 0.0025015
0 0.578906 0.854688 0.0328125 0.028125 0.00427129
1 0.571094 0.99375 0.0296875 0.0125 0.0113333
1 0.573438 0.996875 0.028125 0.00625 0.103337
3 0.626562 0.4875 0.034375 0.028125 0.427797
3 0.633594 0.451562 0.0296875 0.015625 0.768641
0 0.582812 0.782031 0.03125 0.0234375 0.787745
2 0.627344 0.488281 0.0328125 0.0265625 0.850071
