1 0.635156 0.0015625 0.0359375 0.003125 0.00109551
1 0.492969 0.00078125 0.0265625 0.0015625 0.00123813
1 0.594531 0.0015625 0.0359375 0.003125 0.00125747
1 0.365625 0.0015625 0.034375 0.003125 0.00131575
1 0.557031 0.0015625 0.0359375 0.003125 0.00132558
1 0.414062 0.00078125 0.025 0.0015625 0.0013515
1 0.439063 0.00078125 0.034375 0.0015625 0.00140775
2 0.879687 0.1 0.06875 0.1125 0.00145515
1 0.48125 0.00078125 0.034375 0.0015625 0.0014758
1 0.517187 0.00078125 0.034375 0.0015625 0.00156295
1 0.401563 0.00078125 0.034375 0.0015625 0.00161464
0 0.546094 0.851562 0.0328125 0.028125 0.00171525
0 0.541406 0.795313 0.0328125 0.028125 0.00571128
3 0.495313 0.482812 0.03125 0.021875 0.0077265
1 0.555469 0.996875 0.0296875 0.00625 0.0478118
0 0.540625 0.777344 0.03125 0.0234375 0.74737
3 0.4875 0.449219 0.028125 0.0109375 0.788483
2 0.495313 0.483594 0.03125 0.0234375 0.865442
