1 0.685156 0.00078125 0.0265625 0.0015625 0.0010274
1 0.338281 0.00078125 0.0265625 0.0015625 0.00103218
1 0.53125 0.00078125 0.028125 0.0015625 0.00114307
1 0.358594 0.00078125 0.0265625 0.0015625 0.00114625
1 0.635156 0.0015625 0.0359375 0.003125 0.00122595
1 0.31875 0.00078125 0.025 0.0015625 0.00124895
1 0.326562 0.0015625 0.034375 0.003125 0.00128072
1 0.673437 0.0015625 0.034375 0.003125 0.00132629
1 0.378125 0.00078125 0.028125 0.0015625 0.00135411
1 0.492188 0.0015625 0.028125 0.003125 0.00140418
1 0.454688 0.0015625 0.028125 0.003125 0.00148859
1 0.59375 0.0015625 0.034375 0.003125 0.00152104
1 0.56875 0.0015625 0.028125 0.003125 0.0015312
1 0.4125 0.0015625 0.028125 0.003125 0.0016578
1 0.517187 0.0015625 0.034375 0.003125 0.0018998
1 0.55625 0.0015625 0.034375 0.003125 0.00190081
1 0.478906 0.0015625 0.0359375 0.003125 0.00193675
1 0.365625 0.0015625 0.034375 0.003125 0.00195542
1 0.440625 0.0015625 0.034375 0.003125 0.00196978
0 0.539062 0.545313 0.034375 0.028125 0.00229514
1 0.395312 0.0015625 0.028125 0.003125 0.00281194
1 0.557813 0.99375 0.028125 0.0125 0.00341072
2 0.882812 0.1 0.05 0.09375 0.003661
0 0.540625 0.56875 0.03125 0.025 0.0144289
1 0.557031 0.996875 0.0296875 0.00625 0.0624259
3 0.521875 0.285156 0.03125 0.0265625 0.435259
3 0.51875 0.250781 0.028125 0.0140625 0.7022
0 0.540625 0.555469 0.03125 0.0234375 0.755566
2 0.521094 0.284375 0.0296875 0.028125 0.855996
