0 0.554688 0.667969 0.0375 0.0390625 0.00101145
1 0.685156 0.00078125 0.0265625 0.0015625 0.00104655
1 0.492188 0.00078125 0.028125 0.0015625 0.00105556
1 0.607813 0.00078125 0.028125 0.0015625 0.00109303
1 0.648438 0.00078125 0.028125 0.0015625 0.00116821
1 0.363281 0.00078125 0.0328125 0.0015625 0.00121649
0 0.554688 0.642187 0.03125 0.028125 0.00125215
1 0.453906 0.00078125 0.0265625 0.0015625 0.00125416
1 0.415625 0.00078125 0.025 0.0015625 0.001397
1 0.671875 0.0015625 0.034375 0.003125 0.00146852
1 0.635938 0.0015625 0.034375 0.003125 0.00156156
1 0.402344 0.0015625 0.0328125 0.003125 0.00160529
1 0.53125 0.00078125 0.028125 0.0015625 0.00168493
1 0.439844 0.0015625 0.0328125 0.003125 0.00177059
1 0.56875 0.00078125 0.028125 0.0015625 0.00178153
1 0.479688 0.0015625 0.034375 0.003125 0.00182941
1 0.592969 0.0015625 0.0359375 0.003125 0.00184777
0 0.553125 0.603906 0.0375 0.0609375 0.00212206
1 0.519531 0.0015625 0.0328125 0.003125 0.00229778
1 0.554688 0.0015625 0.034375 0.003125 0.00240666
0 0.555469 0.573438 0.0296875 0.025 0.00430613
0 0.554688 0.582812 0.03125 0.025 0.00440179
2 0.636719 0.270312 0.0296875 0.03125 0.00667081
1 0.557813 0.996875 0.03125 0.00625 0.0627061
3 0.640625 0.25625 0.03125 0.025 0.0768059
3 0.63125 0.28125 0.034375 0.03125 0.302515
0 0.554688 0.564844 0.03125 0.0234375 0.741669
3 0.649219 0.251563 0.0265625 0.01875 0.80753
2 0.63125 0.282813 0.034375 0.03125 0.883589
