1 0.635938 0.0015625 0.040625 0.003125 0.00100224
1 0.567969 0.989844 0.0328125 0.0171875 0.00113683
1 0.555469 0.0015625 0.0390625 0.003125 0.00132411
1 0.594531 0.0015625 0.0390625 0.003125 0.0013586
1 0.455469 0.00078125 0.0296875 0.0015625 0.00144623
1 0.517187 0.0015625 0.0375 0.003125 0.00149283
1 0.3375 0.00078125 0.028125 0.0015625 0.00156954
1 0.478906 0.0015625 0.0359375 0.003125 0.00165461
1 0.363281 0.0015625 0.0359375 0.003125 0.00174213
1 0.319531 0.00078125 0.0265625 0.0015625 0.00175264
1 0.402344 0.0015625 0.0359375 0.003125 0.00179406
1 0.414844 0.0015625 0.0296875 0.003125 0.00180431
1 0.439844 0.0015625 0.0359375 0.003125 0.00214611
1 0.571094 0.996875 0.0296875 0.00625 0.0297564
3 0.640625 0.591406 0.03125 0.0328125 0.465198
3 0.653906 0.574219 0.0234375 0.0203125 0.738514
0 0.573438 0.8125 0.03125 0.021875 0.778486
2 0.640625 0.592188 0.03125 0.03125 0.903739
