1 0.646875 0.00078125 0.028125 0.0015625 0.00107274
0 0.571094 0.655469 0.0484375 0.0453125 0.00109638
1 0.414062 0.00078125 0.025 0.0015625 0.00110947
1 0.671875 0.0015625 0.034375 0.003125 0.00114068
1 0.364062 0.00078125 0.034375 0.0015625 0.00123591
1 0.635938 0.0015625 0.034375 0.003125 0.00133459
1 0.491406 0.00078125 0.0265625 0.0015625 0.0013693
1 0.402344 0.0015625 0.0328125 0.003125 0.00144824
1 0.440625 0.0015625 0.034375 0.003125 0.00156029
1 0.479688 0.0015625 0.034375 0.003125 0.00164626
1 0.59375 0.0015625 0.034375 0.003125 0.00170294
1 0.517187 0.0015625 0.034375 0.003125 0.001773
0 0.571875 0.678125 0.040625 0.06875 0.00180859
0 0.573438 0.638281 0.03125 0.0421875 0.00181541
1 0.557031 0.0015625 0.0328125 0.003125 0.00196826
0 0.575 0.569531 0.028125 0.0328125 0.00202183
1 0.567969 0.00078125 0.0265625 0.0015625 0.00204741
0 0.572656 0.678906 0.0296875 0.0234375 0.00241423
1 0.570312 0.992969 0.028125 0.0140625 0.00290905
0 0.571875 0.667969 0.03125 0.0265625 0.00534822
1 0.571875 0.996875 0.028125 0.00625 0.0922485
3 0.542969 0.311719 0.0328125 0.0296875 0.20659
0 0.573438 0.553906 0.03125 0.0234375 0.776328
3 0.535156 0.288281 0.0265625 0.0171875 0.790618
2 0.542969 0.311719 0.0328125 0.0296875 0.894482
