1 0.357031 0.00078125 0.0265625 0.0015625 0.00108238
0 0.510938 0.547656 0.034375 0.0296875 0.00114474
1 0.673437 0.0015625 0.034375 0.003125 0.0011477
1 0.533594 0.00078125 0.0265625 0.0015625 0.00118465
1 0.327344 0.00078125 0.0328125 0.0015625 0.00122116
1 0.453906 0.00078125 0.0265625 0.0015625 0.00128877
1 0.491406 0.00078125 0.0265625 0.0015625 0.00137836
1 0.567187 0.00078125 0.028125 0.0015625 0.00144377
1 0.413281 0.00078125 0.0265625 0.0015625 0.00148717
1 0.634375 0.0015625 0.034375 0.003125 0.00149539
0 0.523438 0.614062 0.0375 0.046875 0.00150589
1 0.364844 0.0015625 0.0328125 0.003125 0.0015076
0 0.514844 0.585156 0.0359375 0.0265625 0.00151286
1 0.59375 0.0015625 0.034375 0.003125 0.00169008
1 0.440625 0.0015625 0.034375 0.003125 0.00177798
1 0.401563 0.0015625 0.034375 0.003125 0.00178718
0 0.524219 0.660156 0.0328125 0.0265625 0.0018328
1 0.557031 0.992969 0.0296875 0.0140625 0.00184806
1 0.478125 0.0015625 0.034375 0.003125 0.00185981
1 0.51875 0.00078125 0.034375 0.0015625 0.00222204
1 0.55 0.00078125 0.028125 0.0015625 0.00233602
0 0.523438 0.642969 0.034375 0.0265625 0.0025504
2 0.876562 0.102344 0.0625 0.107813 0.00275839
3 0.460938 0.245312 0.03125 0.0125 0.00546382
0 0.514844 0.56875 0.0328125 0.021875 0.0377329
1 0.554688 0.996875 0.03125 0.00625 0.0383565
3 0.470313 0.285156 0.03125 0.0234375 0.417174
3 0.464063 0.250781 0.028125 0.0109375 0.690619
0 0.513281 0.559375 0.0328125 0.025 0.760349
2 0.469531 0.284375 0.0296875 0.025 0.887044
