1 0.378906 0.0015625 0.0296875 0.003125 0.0010067
0 0.528906 0.826563 0.0390625 0.028125 0.00103438
1 0.595312 0.0015625 0.040625 0.003125 0.00107027
1 0.492188 0.0015625 0.03125 0.003125 0.00114685
0 0.533594 0.844531 0.0421875 0.0390625 0.00116526
1 0.454688 0.0015625 0.03125 0.003125 0.0012024
1 0.555469 0.0015625 0.0390625 0.003125 0.00127061
1 0.529688 0.0015625 0.03125 0.003125 0.00128584
1 0.415625 0.0015625 0.03125 0.003125 0.00143778
1 0.515625 0.0015625 0.0375 0.003125 0.00171453
1 0.478125 0.0015625 0.0375 0.003125 0.00178079
1 0.339063 0.0015625 0.028125 0.003125 0.00179821
1 0.326562 0.0015625 0.034375 0.003125 0.00180135
1 0.403125 0.0015625 0.0375 0.003125 0.00187398
1 0.364844 0.0015625 0.0359375 0.003125 0.00191126
1 0.440625 0.0015625 0.0375 0.003125 0.00195352
0 0.560156 0.989062 0.0359375 0.021875 0.00215872
0 0.527344 0.814062 0.0328125 0.028125 0.0103264
3 0.301562 0.803125 0.028125 0.028125 0.0147469
0 0.5625 0.995313 0.03125 0.009375 0.031375
1 0.560938 0.995313 0.03125 0.009375 0.0924155
3 0.311719 0.805469 0.0328125 0.0359375 0.285311
3 0.324219 0.789062 0.0359375 0.03125 0.417734
0 0.521094 0.794531 0.0390625 0.0234375 0.748024
2 0.324219 0.789062 0.0359375 0.03125 0.841921
3 0.304688 0.81875 0.025 0.021875 0.847227
