1 0.570312 0.00078125 0.028125 0.0015625 0.00102559
1 0.403125 0.00078125 0.034375 0.0015625 0.00105075
1 0.516406 0.00078125 0.0359375 0.0015625 0.00116752
1 0.557031 0.0015625 0.0359375 0.003125 0.00116891
1 0.478125 0.00078125 0.034375 0.0015625 0.00121838
1 0.441406 0.00078125 0.0359375 0.0015625 0.00123113
0 0.555469 0.530469 0.0328125 0.0296875 0.0014869
0 0.563281 0.611719 0.0359375 0.0265625 0.00154413
1 0.567969 0.989062 0.0359375 0.01875 0.00354563
0 0.548437 0.51875 0.0375 0.03125 0.0045937
0 0.560156 0.539844 0.0328125 0.0265625 0.00834606
0 0.563281 0.599219 0.0296875 0.0265625 0.0207012
0 0.564844 0.621875 0.0296875 0.025 0.0241791
1 0.571094 0.996094 0.0296875 0.0078125 0.0419164
0 0.5625 0.561719 0.03125 0.0265625 0.0573632
3 0.453125 0.446094 0.03125 0.0328125 0.345608
0 0.561719 0.550781 0.0328125 0.0265625 0.752235
3 0.433594 0.45625 0.0203125 0.025 0.841704
2 0.454688 0.445312 0.028125 0.03125 0.880206
