1 0.31875 0.00078125 0.028125 0.0015625 0.00107042
1 0.635156 0.0015625 0.0390625 0.003125 0.00113303
1 0.55625 0.0015625 0.0375 0.003125 0.0011331
1 0.594531 0.0015625 0.0390625 0.003125 0.00123628
1 0.364844 0.0015625 0.0359375 0.003125 0.0012933
2 0.867969 0.103906 0.0734375 0.110937 0.00134365
0 0.529688 0.589063 0.034375 0.04375 0.00140144
1 0.440625 0.0015625 0.0375 0.003125 0.00141737
1 0.514844 0.0015625 0.0359375 0.003125 0.00146754
1 0.402344 0.0015625 0.0359375 0.003125 0.00153912
1 0.479688 0.0015625 0.0375 0.003125 0.00165272
1 0.491406 0.00078125 0.0296875 0.0015625 0.00197857
3 0.784375 0.140625 0.03125 0.065625 0.0021921
0 0.482812 0.595312 0.04375 0.04375 0.00262113
0 0.536719 0.632031 0.0359375 0.0296875 0.00306239
0 0.542188 0.6875 0.03125 0.028125 0.00985352
1 0.558594 0.995313 0.0296875 0.009375 0.0328678
1 0.554688 0.996875 0.028125 0.00625 0.0691658
0 0.542188 0.678125 0.028125 0.021875 0.0746978
0 0.539844 0.657031 0.0328125 0.0234375 0.0866012
3 0.432813 0.545313 0.0375 0.034375 0.162107
0 0.540625 0.667969 0.03125 0.0265625 0.442838
0 0.528125 0.560938 0.034375 0.025 0.724957
3 0.422656 0.575 0.0265625 0.021875 0.785377
2 0.43125 0.545313 0.034375 0.034375 0.872233
