1 0.711719 0.0015625 0.0359375 0.003125 0.00101514
1 0.685938 0.00078125 0.028125 0.0015625 0.00103072
1 0.609375 0.00078125 0.028125 0.0015625 0.00107685
1 0.569531 0.00078125 0.0265625 0.0015625 0.00122505
1 0.452344 0.00078125 0.0265625 0.0015625 0.00122947
1 0.363281 0.00078125 0.0328125 0.0015625 0.00125876
1 0.673437 0.0015625 0.034375 0.003125 0.00133701
1 0.491406 0.00078125 0.0265625 0.0015625 0.00141925
1 0.415625 0.00078125 0.025 0.0015625 0.00147798
1 0.634375 0.0015625 0.034375 0.003125 0.00160326
1 0.403906 0.00078125 0.0328125 0.0015625 0.00163157
0 0.557813 0.677344 0.03125 0.0265625 0.00166647
1 0.594531 0.0015625 0.0359375 0.003125 0.00168867
1 0.478906 0.00078125 0.0328125 0.0015625 0.00192809
1 0.439844 0.00078125 0.0328125 0.0015625 0.00195442
3 0.648438 0.271875 0.034375 0.03125 0.00197825
1 0.554688 0.0015625 0.034375 0.003125 0.00213536
0 0.557813 0.664062 0.03125 0.025 0.00216758
1 0.55625 0.994531 0.03125 0.0109375 0.00238613
1 0.53125 0.00078125 0.028125 0.0015625 0.00238992
1 0.51875 0.00078125 0.034375 0.0015625 0.00251686
0 0.55625 0.592969 0.0375 0.0546875 0.00265035
2 0.649219 0.271875 0.0328125 0.034375 0.00294158
0 0.560156 0.582031 0.0328125 0.0265625 0.00397708
0 0.559375 0.557031 0.03125 0.0234375 0.0221784
1 0.560156 0.996875 0.0296875 0.00625 0.0574532
3 0.640625 0.285156 0.034375 0.0328125 0.409181
0 0.558594 0.565625 0.0296875 0.025 0.733913
3 0.657812 0.255469 0.025 0.0203125 0.813738
2 0.639844 0.285156 0.0328125 0.0296875 0.883161
