1 0.279687 0.0015625 0.03125 0.003125 0.00100386
1 0.53125 0.0015625 0.03125 0.003125 0.00102804
2 0.314844 0.777344 0.0359375 0.0328125 0.00109117
1 0.377344 0.0015625 0.0296875 0.003125 0.00116703
0 0.533594 0.858594 0.0390625 0.0390625 0.00119521
1 0.414844 0.0015625 0.0296875 0.003125 0.00119712
1 0.595312 0.0015625 0.040625 0.003125 0.00123656
1 0.55625 0.0015625 0.040625 0.003125 0.0013188
1 0.455469 0.0015625 0.0296875 0.003125 0.00144478
1 0.325781 0.0015625 0.0359375 0.003125 0.0015114
1 0.517187 0.0015625 0.0375 0.003125 0.00154131
1 0.339063 0.0015625 0.028125 0.003125 0.0015569
1 0.478906 0.0015625 0.0390625 0.003125 0.00164516
1 0.401563 0.0015625 0.0375 0.003125 0.00168732
1 0.364062 0.0015625 0.0375 0.003125 0.00185647
1 0.440625 0.0015625 0.0375 0.003125 0.0019705
1 0.559375 0.992969 0.03125 0.0140625 0.00339543
0 0.530469 0.838281 0.0359375 0.0265625 0.00407033
1 0.560938 0.996875 0.03125 0.00625 0.0430572
3 0.292969 0.796094 0.0328125 0.0328125 0.182956
3 0.307813 0.785156 0.034375 0.0328125 0.378281
0 0.527344 0.823438 0.0390625 0.025 0.759583
3 0.28125 0.807031 0.021875 0.0234375 0.822549
2 0.307813 0.785156 0.034375 0.0328125 0.863903
