1 0.532031 0.00078125 0.0265625 0.0015625 0.00103718
0 0.546875 0.672656 0.03125 0.0484375 0.00109062
1 0.567187 0.0015625 0.028125 0.003125 0.00115465
0 0.548437 0.700781 0.03125 0.0296875 0.00115477
0 0.541406 0.616406 0.0421875 0.0703125 0.00121812
1 0.672656 0.0015625 0.0359375 0.003125 0.00124647
1 0.336719 0.00078125 0.0234375 0.0015625 0.00125668
1 0.609375 0.00078125 0.028125 0.0015625 0.00133183
1 0.492188 0.00078125 0.028125 0.0015625 0.00144814
1 0.633594 0.0015625 0.0359375 0.003125 0.00146531
1 0.3625 0.00078125 0.034375 0.0015625 0.00147373
1 0.31875 0.00078125 0.025 0.0015625 0.00149044
1 0.403125 0.0015625 0.034375 0.003125 0.00158573
1 0.415625 0.00078125 0.028125 0.0015625 0.00165563
1 0.479688 0.0015625 0.034375 0.003125 0.00165698
1 0.439063 0.0015625 0.034375 0.003125 0.00166757
1 0.594531 0.0015625 0.0359375 0.003125 0.00182106
1 0.555469 0.0015625 0.0359375 0.003125 0.00182798
1 0.517187 0.0015625 0.034375 0.003125 0.00207022
1 0.557031 0.992969 0.0296875 0.0140625 0.00229947
0 0.540625 0.557031 0.03125 0.0265625 0.00684686
1 0.557031 0.996875 0.0296875 0.00625 0.05004
3 0.550781 0.261719 0.0296875 0.0234375 0.395781
0 0.541406 0.566406 0.0296875 0.0234375 0.762451
3 0.553906 0.227344 0.0296875 0.0109375 0.778937
2 0.550781 0.2625 0.0296875 0.021875 0.860181
