1 0.635938 0.0015625 0.040625 0.003125 0.00102815
1 0.569531 0.0015625 0.0328125 0.003125 0.00108506
1 0.492969 0.0015625 0.0296875 0.003125 0.00108541
1 0.414844 0.0015625 0.0296875 0.003125 0.0012626
1 0.59375 0.0015625 0.040625 0.003125 0.00132236
1 0.453906 0.0015625 0.0296875 0.003125 0.00135739
1 0.378906 0.0015625 0.0296875 0.003125 0.00135956
1 0.557031 0.0015625 0.0390625 0.003125 0.00141808
1 0.3375 0.0015625 0.028125 0.003125 0.00159021
1 0.478125 0.0015625 0.0375 0.003125 0.00163786
1 0.517187 0.0015625 0.0375 0.003125 0.00172512
1 0.325781 0.0015625 0.0359375 0.003125 0.00179973
1 0.439844 0.0015625 0.0359375 0.003125 0.00188592
0 0.545313 0.775 0.034375 0.034375 0.00189749
1 0.364844 0.0015625 0.0359375 0.003125 0.00197538
1 0.402344 0.0015625 0.0359375 0.003125 0.00208631
1 0.564062 0.992969 0.03125 0.0140625 0.00267858
0 0.542188 0.754687 0.034375 0.025 0.00290781
0 0.539062 0.733594 0.03125 0.0421875 0.00292585
0 0.532031 0.679688 0.0328125 0.028125 0.00435911
0 0.539062 0.71875 0.034375 0.034375 0.00832286
1 0.565625 0.996875 0.028125 0.00625 0.059855
3 0.510938 0.576563 0.0375 0.040625 0.307695
3 0.513281 0.589844 0.0328125 0.0296875 0.51367
3 0.509375 0.564844 0.03125 0.0234375 0.521917
2 0.510938 0.582031 0.0375 0.0390625 0.545313
0 0.534375 0.697656 0.03125 0.0265625 0.742344
