0 0.521094 0.569531 0.0328125 0.0203125 0.00102849
1 0.569531 0.0015625 0.0296875 0.003125 0.00106496
1 0.686719 0.00078125 0.0265625 0.0015625 0.00107185
1 0.376563 0.00078125 0.028125 0.0015625 0.00108927
1 0.415625 0.00078125 0.028125 0.0015625 0.0011279
1 0.608594 0.00078125 0.0296875 0.0015625 0.00120592
1 0.674219 0.0015625 0.0359375 0.003125 0.00125839
1 0.328125 0.0015625 0.034375 0.003125 0.00126318
1 0.53125 0.00078125 0.028125 0.0015625 0.00138113
2 0.485938 0.291406 0.034375 0.0265625 0.0014291
0 0.530469 0.621094 0.0359375 0.0484375 0.00148593
1 0.634375 0.0015625 0.034375 0.003125 0.00158796
1 0.364062 0.0015625 0.034375 0.003125 0.00159554
1 0.453125 0.00078125 0.028125 0.0015625 0.00160379
1 0.402344 0.0015625 0.0359375 0.003125 0.00162492
1 0.492188 0.00078125 0.028125 0.0015625 0.0017348
1 0.555469 0.0015625 0.0359375 0.003125 0.00176987
0 0.532812 0.671094 0.03125 0.0359375 0.00177252
1 0.594531 0.0015625 0.0359375 0.003125 0.00179743
1 0.516406 0.0015625 0.0359375 0.003125 0.00204266
1 0.442187 0.0015625 0.034375 0.003125 0.00204273
1 0.479688 0.0015625 0.034375 0.003125 0.00224348
2 0.879687 0.101562 0.05625 0.103125 0.0024664
1 0.557031 0.99375 0.0296875 0.0125 0.0034339
1 0.555469 0.996875 0.0296875 0.00625 0.0690599
3 0.482031 0.282813 0.0328125 0.025 0.441372
3 0.477344 0.250781 0.0296875 0.0140625 0.756672
0 0.521094 0.560938 0.0328125 0.025 0.762791
2 0.48125 0.282813 0.03125 0.028125 0.876392
