1 0.607813 0.00078125 0.028125 0.0015625 0.00106537
1 0.532031 0.00078125 0.0265625 0.0015625 0.00115456
1 0.414844 0.00078125 0.0265625 0.0015625 0.00125814
1 0.364062 0.00078125 0.034375 0.0015625 0.00125881
1 0.633594 0.0015625 0.0359375 0.003125 0.00126132
1 0.453906 0.00078125 0.0265625 0.0015625 0.00127758
1 0.673437 0.0015625 0.034375 0.003125 0.00133299
0 0.551562 0.64375 0.03125 0.025 0.00141605
1 0.491406 0.00078125 0.0265625 0.0015625 0.00144082
0 0.551562 0.619531 0.034375 0.0296875 0.00155402
1 0.402344 0.0015625 0.0328125 0.003125 0.00156053
1 0.56875 0.00078125 0.028125 0.0015625 0.0016502
1 0.59375 0.0015625 0.034375 0.003125 0.00175633
1 0.440625 0.0015625 0.034375 0.003125 0.00181862
1 0.473437 0.00078125 0.028125 0.0015625 0.00186065
0 0.548437 0.641406 0.04375 0.0453125 0.00187106
1 0.517187 0.0015625 0.034375 0.003125 0.00190644
1 0.55625 0.0015625 0.034375 0.003125 0.00203496
0 0.551562 0.663281 0.028125 0.0234375 0.00244785
0 0.55 0.538281 0.03125 0.0265625 0.00328929
0 0.557813 0.992969 0.028125 0.0140625 0.00396455
0 0.549219 0.560938 0.0296875 0.025 0.0120317
2 0.621094 0.248437 0.0328125 0.025 0.0359496
1 0.557031 0.996875 0.0296875 0.00625 0.0664994
3 0.614062 0.261719 0.034375 0.0296875 0.106833
0 0.55 0.55 0.03125 0.025 0.773173
3 0.629687 0.229687 0.028125 0.01875 0.785275
2 0.614062 0.261719 0.034375 0.0296875 0.847869
