3 0.328125 0.841406 0.05 0.0515625 0.00103724
1 0.49375 0.0015625 0.03125 0.003125 0.00106573
1 0.2875 0.0015625 0.0375 0.003125 0.00106832
0 0.538281 0.902344 0.0390625 0.0359375 0.00107277
1 0.453125 0.0015625 0.03125 0.003125 0.00115034
1 0.59375 0.0015625 0.040625 0.003125 0.00117888
1 0.555469 0.0015625 0.0390625 0.003125 0.00129125
1 0.416406 0.00078125 0.0296875 0.0015625 0.00129411
1 0.377344 0.0015625 0.0296875 0.003125 0.00133392
0 0.517969 0.803906 0.0421875 0.0453125 0.0014231
1 0.339063 0.0015625 0.028125 0.003125 0.00150449
0 0.539844 0.914844 0.0359375 0.0234375 0.0016211
1 0.517187 0.0015625 0.0375 0.003125 0.00165149
1 0.479688 0.0015625 0.0375 0.003125 0.00166318
1 0.326562 0.0015625 0.034375 0.003125 0.00171347
1 0.439063 0.0015625 0.0375 0.003125 0.00179115
1 0.364844 0.0015625 0.0359375 0.003125 0.00189783
0 0.542188 0.928125 0.034375 0.025 0.0019201
1 0.402344 0.0015625 0.0359375 0.003125 0.00204597
0 0.526563 0.842188 0.0375 0.028125 0.00240586
0 0.551562 0.992969 0.03125 0.0140625 0.0025408
0 0.546094 0.939062 0.0328125 0.03125 0.0034097
0 0.522656 0.829687 0.0390625 0.025 0.0183821
1 0.551562 0.996094 0.028125 0.0078125 0.0693466
3 0.339063 0.8125 0.034375 0.03125 0.0927664
0 0.521094 0.81875 0.0390625 0.025 0.752097
3 0.322656 0.834375 0.0234375 0.021875 0.843656
2 0.341406 0.80625 0.0359375 0.03125 0.874815
