1 0.517969 0.00078125 0.0359375 0.0015625 0.00104597
1 0.5875 0.00078125 0.028125 0.0015625 0.00115455
0 0.572656 0.642187 0.0296875 0.025 0.00129643
0 0.575 0.607031 0.03125 0.0265625 0.00176318
0 0.573438 0.614844 0.04375 0.0453125 0.00209942
0 0.573438 0.626562 0.028125 0.0375 0.0024093
1 0.567187 0.992969 0.028125 0.0140625 0.00422173
1 0.567187 0.996875 0.028125 0.00625 0.0848168
3 0.705469 0.324219 0.0328125 0.0328125 0.418618
0 0.576563 0.554688 0.03125 0.025 0.75274
3 0.732031 0.303125 0.0234375 0.021875 0.802246
2 0.705469 0.323438 0.0328125 0.03125 0.910615
