1 0.635938 0.0015625 0.040625 0.003125 0.00100295
1 0.377344 0.0015625 0.0296875 0.003125 0.00103793
1 0.567969 0.989844 0.0328125 0.0171875 0.00109143
1 0.453906 0.00078125 0.0296875 0.0015625 0.00117994
1 0.595312 0.0015625 0.040625 0.003125 0.0012299
1 0.555469 0.0015625 0.0390625 0.003125 0.00128575
1 0.414844 0.0015625 0.0296875 0.003125 0.00131069
1 0.53125 0.0015625 0.03125 0.003125 0.00133253
1 0.338281 0.00078125 0.0265625 0.0015625 0.001487
1 0.326562 0.0015625 0.034375 0.003125 0.00150523
3 0.632812 0.574219 0.03125 0.0296875 0.00151583
1 0.479688 0.0015625 0.0375 0.003125 0.00158835
1 0.517187 0.0015625 0.0375 0.003125 0.00167927
1 0.402344 0.0015625 0.0359375 0.003125 0.00173826
1 0.363281 0.0015625 0.0359375 0.003125 0.00174502
1 0.440625 0.0015625 0.0375 0.003125 0.00194167
1 0.571875 0.996875 0.028125 0.00625 0.0328206
3 0.630469 0.592188 0.0328125 0.034375 0.359869
3 0.642187 0.574219 0.025 0.0203125 0.768972
0 0.572656 0.813281 0.0296875 0.0234375 0.789156
2 0.629687 0.594531 0.034375 0.0328125 0.893679
