0 0.564062 0.992969 0.03125 0.0140625 0.00105583
1 0.571094 0.0015625 0.0328125 0.003125 0.00108741
1 0.453906 0.0015625 0.0296875 0.003125 0.00111594
1 0.59375 0.0015625 0.040625 0.003125 0.00119014
1 0.557031 0.0015625 0.0390625 0.003125 0.00131399
1 0.49375 0.0015625 0.03125 0.003125 0.00134224
0 0.560938 0.9875 0.0375 0.021875 0.0014612
0 0.539844 0.840625 0.0359375 0.0375 0.00149238
1 0.560938 0.990625 0.03125 0.015625 0.00160805
1 0.415625 0.0015625 0.03125 0.003125 0.00162594
1 0.516406 0.0015625 0.0390625 0.003125 0.00163839
1 0.361719 0.0015625 0.0359375 0.003125 0.00166339
1 0.325781 0.0015625 0.0359375 0.003125 0.00170979
3 0.316406 0.736719 0.0265625 0.0296875 0.00172344
3 0.257031 0.749219 0.0203125 0.0421875 0.00174163
1 0.403125 0.0015625 0.0375 0.003125 0.00174746
1 0.479688 0.0015625 0.0375 0.003125 0.00185054
1 0.439844 0.0015625 0.0359375 0.003125 0.00193646
3 0.294531 0.764844 0.0328125 0.0390625 0.00200052
1 0.338281 0.0015625 0.0296875 0.003125 0.00222625
0 0.532031 0.805469 0.0359375 0.0296875 0.00801748
0 0.536719 0.825781 0.0359375 0.0234375 0.01686
1 0.5625 0.995313 0.028125 0.009375 0.025336
3 0.3 0.744531 0.03125 0.0328125 0.0906174
0 0.534375 0.817187 0.0375 0.025 0.75145
3 0.269531 0.758594 0.0203125 0.0265625 0.788209
2 0.302344 0.74375 0.0328125 0.034375 0.886232
