0 0.592188 0.592969 0.0375 0.0296875 0.00103013
3 0.758594 0.430469 0.0421875 0.0828125 0.00110419
1 0.402344 0.00078125 0.0359375 0.0015625 0.00113386
1 0.530469 0.00078125 0.0265625 0.0015625 0.00115965
1 0.555469 0.0015625 0.0359375 0.003125 0.00122274
1 0.517969 0.00078125 0.0359375 0.0015625 0.00131384
1 0.441406 0.0015625 0.0359375 0.003125 0.00141633
1 0.478906 0.00078125 0.0359375 0.0015625 0.0015003
0 0.596875 0.557031 0.034375 0.0265625 0.00245077
0 0.582031 0.703906 0.0390625 0.0359375 0.00304605
3 0.776563 0.425781 0.021875 0.0609375 0.0035247
0 0.586719 0.651563 0.0328125 0.03125 0.00905835
0 0.58125 0.695312 0.03125 0.025 0.0104214
0 0.59375 0.580469 0.034375 0.0234375 0.0127466
1 0.56875 0.99375 0.034375 0.009375 0.0157332
0 0.585156 0.6625 0.0296875 0.028125 0.0308963
1 0.56875 0.996875 0.028125 0.00625 0.0542746
0 0.582812 0.677344 0.028125 0.0296875 0.0620957
3 0.745313 0.419531 0.028125 0.0328125 0.365312
3 0.770312 0.41875 0.015625 0.028125 0.737241
0 0.594531 0.56875 0.0328125 0.025 0.75123
2 0.74375 0.41875 0.025 0.03125 0.891492
