1 0.376563 0.0015625 0.03125 0.003125 0.00100176
1 0.453906 0.0015625 0.0296875 0.003125 0.00103199
1 0.532812 0.0015625 0.03125 0.003125 0.00117911
1 0.555469 0.0015625 0.0390625 0.003125 0.00123136
1 0.338281 0.0015625 0.0296875 0.003125 0.00127333
0 0.549219 0.86875 0.0359375 0.046875 0.00128035
1 0.595312 0.0015625 0.040625 0.003125 0.00133562
1 0.492188 0.0015625 0.03125 0.003125 0.00145063
0 0.551562 0.854688 0.034375 0.028125 0.00145361
1 0.363281 0.0015625 0.0359375 0.003125 0.00153736
1 0.478906 0.0015625 0.0390625 0.003125 0.00160909
0 0.532812 0.747656 0.040625 0.0296875 0.00161698
1 0.319531 0.0015625 0.0296875 0.003125 0.00163737
1 0.416406 0.0015625 0.0296875 0.003125 0.00174063
1 0.515625 0.0015625 0.0375 0.003125 0.00183954
1 0.403125 0.0015625 0.0375 0.003125 0.00185558
1 0.439063 0.0015625 0.0375 0.003125 0.00185909
0 0.538281 0.78125 0.0359375 0.025 0.0026732
1 0.565625 0.99375 0.03125 0.009375 0.0414866
1 0.567969 0.996875 0.0296875 0.00625 0.103941
3 0.324219 0.657812 0.0328125 0.034375 0.234705
3 0.340625 0.652344 0.03125 0.0328125 0.258136
0 0.535156 0.764844 0.0390625 0.0265625 0.727885
3 0.310937 0.6625 0.01875 0.028125 0.816569
2 0.341406 0.653906 0.0296875 0.0328125 0.875629
