2 0.86875 0.100781 0.078125 0.123438 0.00103029
3 0.807031 0.102344 0.0671875 0.0671875 0.00103428
0 0.536719 0.708594 0.0296875 0.0453125 0.00104163
1 0.478125 0.0015625 0.0375 0.003125 0.0010647
0 0.525781 0.625 0.0359375 0.028125 0.00107147
1 0.547656 0.0015625 0.0296875 0.003125 0.00110346
1 0.403125 0.0015625 0.034375 0.003125 0.00111556
1 0.439844 0.0015625 0.0359375 0.003125 0.00119065
0 0.541406 0.757031 0.0328125 0.0265625 0.00119996
0 0.540625 0.740625 0.03125 0.028125 0.00123936
1 0.517969 0.00078125 0.0359375 0.0015625 0.00126798
0 0.523438 0.591406 0.0375 0.0359375 0.00131829
0 0.5125 0.546094 0.0375 0.0265625 0.00224892
0 0.535937 0.683594 0.03125 0.0328125 0.00478594
0 0.530469 0.654688 0.0328125 0.028125 0.0109453
0 0.520312 0.570312 0.034375 0.025 0.0137911
1 0.557031 0.994531 0.0328125 0.0109375 0.0240445
0 0.532031 0.667188 0.0296875 0.025 0.0460106
1 0.553906 0.996875 0.0296875 0.00625 0.049762
3 0.367969 0.514844 0.0328125 0.0328125 0.248996
3 0.373437 0.503125 0.034375 0.034375 0.286299
0 0.517187 0.560938 0.034375 0.025 0.743753
3 0.355469 0.525 0.0234375 0.021875 0.873165
2 0.375781 0.501562 0.0359375 0.034375 0.923783
