1 0.364062 0.0015625 0.034375 0.003125 0.00105937
1 0.607813 0.00078125 0.028125 0.0015625 0.00106466
1 0.53125 0.00078125 0.028125 0.0015625 0.00110091
1 0.633594 0.0015625 0.0359375 0.003125 0.00120029
1 0.402344 0.00078125 0.0328125 0.0015625 0.00131165
1 0.492188 0.00078125 0.028125 0.0015625 0.00140068
1 0.440625 0.0015625 0.034375 0.003125 0.00142141
0 0.573438 0.671875 0.034375 0.028125 0.00143235
0 0.573438 0.673437 0.040625 0.071875 0.0014838
0 0.578125 0.567969 0.03125 0.0234375 0.0015229
1 0.570312 0.00078125 0.028125 0.0015625 0.00158772
1 0.478906 0.0015625 0.0359375 0.003125 0.00166092
1 0.557031 0.0015625 0.0359375 0.003125 0.00167449
1 0.59375 0.0015625 0.034375 0.003125 0.00171532
1 0.516406 0.0015625 0.0359375 0.003125 0.00174084
0 0.573438 0.652344 0.046875 0.0390625 0.0017452
0 0.574219 0.64375 0.0296875 0.034375 0.00414226
1 0.56875 0.99375 0.03125 0.0125 0.00841128
0 0.574219 0.659375 0.0296875 0.028125 0.00874923
2 0.636719 0.3125 0.0328125 0.025 0.0263181
1 0.570312 0.996875 0.028125 0.00625 0.0489164
3 0.63125 0.324219 0.034375 0.0328125 0.416632
0 0.578125 0.55625 0.03125 0.025 0.77019
3 0.639844 0.303125 0.0265625 0.01875 0.795638
2 0.630469 0.325781 0.0359375 0.0328125 0.873286
