1 0.492188 0.0015625 0.03125 0.003125 0.0011847
1 0.378125 0.0015625 0.03125 0.003125 0.00121666
1 0.595312 0.0015625 0.040625 0.003125 0.00126375
1 0.55625 0.0015625 0.040625 0.003125 0.00127697
0 0.535937 0.842969 0.034375 0.0484375 0.00132649
1 0.453906 0.0015625 0.0296875 0.003125 0.00144947
3 0.342187 0.784375 0.028125 0.021875 0.00147593
0 0.560938 0.988281 0.0375 0.0234375 0.00150465
1 0.414844 0.0015625 0.0296875 0.003125 0.00152447
1 0.516406 0.0015625 0.0390625 0.003125 0.00155823
2 0.353906 0.782812 0.0328125 0.03125 0.00160137
1 0.478125 0.0015625 0.0375 0.003125 0.00178678
1 0.396094 0.0015625 0.0296875 0.003125 0.00192983
1 0.327344 0.0015625 0.0359375 0.003125 0.00196971
1 0.439844 0.0015625 0.0359375 0.003125 0.00205434
1 0.364062 0.0015625 0.0375 0.003125 0.00209362
1 0.339844 0.0015625 0.0296875 0.003125 0.00222623
0 0.530469 0.821094 0.0359375 0.0265625 0.00315549
0 0.563281 0.995313 0.0328125 0.009375 0.00323387
0 0.522656 0.789062 0.0390625 0.025 0.00453711
0 0.529688 0.810938 0.034375 0.025 0.0280207
1 0.563281 0.995313 0.0296875 0.009375 0.0293324
3 0.334375 0.815625 0.028125 0.028125 0.564885
0 0.525781 0.799219 0.0390625 0.0234375 0.7616
3 0.33125 0.825 0.025 0.021875 0.788352
2 0.346875 0.795313 0.034375 0.03125 0.892905
