1 0.569531 0.0015625 0.0328125 0.003125 0.00102763
1 0.454688 0.00078125 0.028125 0.0015625 0.00103362
3 0.838281 0.995313 0.0203125 0.009375 0.00115641
1 0.492969 0.0015625 0.0296875 0.003125 0.00120357
1 0.594531 0.0015625 0.0390625 0.003125 0.00130772
1 0.557031 0.0015625 0.0390625 0.003125 0.00131371
1 0.320312 0.0015625 0.028125 0.003125 0.00154009
1 0.516406 0.0015625 0.0390625 0.003125 0.00159051
1 0.3375 0.0015625 0.028125 0.003125 0.00161734
1 0.479688 0.0015625 0.0375 0.003125 0.00165739
1 0.364062 0.0015625 0.0375 0.003125 0.00166151
1 0.403906 0.0015625 0.0359375 0.003125 0.00190741
0 0.575781 0.796875 0.0328125 0.025 0.00195487
1 0.438281 0.0015625 0.0359375 0.003125 0.00225747
1 0.414844 0.0015625 0.0296875 0.003125 0.00239137
0 0.575781 0.817969 0.0328125 0.0234375 0.00270012
1 0.571094 0.992969 0.0296875 0.0109375 0.0064737
1 0.571875 0.996875 0.028125 0.00625 0.0896893
3 0.607813 0.610156 0.03125 0.0328125 0.458602
3 0.614844 0.59375 0.0296875 0.01875 0.635939
0 0.575781 0.808594 0.0296875 0.0234375 0.741591
2 0.608594 0.611719 0.0328125 0.0328125 0.890779
