3 0.540625 0.259375 0.03125 0.0125 0.00103923
1 0.31875 0.00078125 0.025 0.0015625 0.00105365
1 0.454688 0.00078125 0.028125 0.0015625 0.00105909
3 0.184375 0.983594 0.021875 0.0328125 0.00109816
1 0.339063 0.00078125 0.025 0.0015625 0.0011377
0 0.555469 0.651563 0.0421875 0.05625 0.00116866
0 0.551562 0.639063 0.034375 0.03125 0.00120866
1 0.673437 0.0015625 0.034375 0.003125 0.00122742
1 0.569531 0.00078125 0.0265625 0.0015625 0.00130484
1 0.634375 0.0015625 0.034375 0.003125 0.00133066
1 0.327344 0.0015625 0.0328125 0.003125 0.00147459
3 0.185156 0.9875 0.0359375 0.025 0.00150832
1 0.55625 0.0015625 0.034375 0.003125 0.00161761
1 0.594531 0.0015625 0.0359375 0.003125 0.00164201
1 0.492969 0.00078125 0.0265625 0.0015625 0.00166986
2 0.885156 0.096875 0.0546875 0.103125 0.00169102
1 0.363281 0.0015625 0.0328125 0.003125 0.00174718
0 0.552344 0.674219 0.0359375 0.0421875 0.00178539
1 0.402344 0.0015625 0.0328125 0.003125 0.00187134
1 0.516406 0.0015625 0.0359375 0.003125 0.00190503
0 0.557813 0.992188 0.028125 0.015625 0.00193652
1 0.439063 0.0015625 0.034375 0.003125 0.00195545
1 0.479688 0.0015625 0.034375 0.003125 0.00199437
3 0.19375 0.989062 0.025 0.015625 0.00219679
1 0.414844 0.0015625 0.0265625 0.003125 0.00225966
1 0.555469 0.99375 0.0296875 0.0125 0.00229367
0 0.552344 0.701563 0.0296875 0.025 0.00230659
0 0.549219 0.583594 0.0359375 0.0484375 0.00864289
3 0.194531 0.992969 0.0203125 0.0109375 0.00956284
3 0.536719 0.2875 0.0390625 0.03125 0.0181878
0 0.55 0.579687 0.03125 0.021875 0.0205211
1 0.557031 0.996875 0.0296875 0.00625 0.0329543
3 0.539844 0.296094 0.0296875 0.0296875 0.274299
0 0.549219 0.569531 0.0296875 0.0234375 0.749223
3 0.539062 0.264844 0.028125 0.0140625 0.751245
2 0.539844 0.296875 0.0296875 0.03125 0.883988
