1 0.59375 0.0015625 0.0375 0.003125 0.00101343
1 0.375781 0.00078125 0.0265625 0.0015625 0.00103246
1 0.51875 0.0015625 0.0375 0.003125 0.00105433
1 0.363281 0.0015625 0.0359375 0.003125 0.00108977
1 0.55625 0.0015625 0.0375 0.003125 0.00114549
0 0.532812 0.682813 0.034375 0.046875 0.00123882
1 0.475781 0.0015625 0.0359375 0.003125 0.00126112
1 0.403906 0.0015625 0.0359375 0.003125 0.00143843
1 0.453125 0.00078125 0.028125 0.0015625 0.00157095
0 0.544531 0.748438 0.0328125 0.025 0.00164074
1 0.441406 0.0015625 0.0359375 0.003125 0.00186358
0 0.522656 0.604688 0.0359375 0.028125 0.00229388
0 0.528906 0.644531 0.0359375 0.0421875 0.00357748
0 0.538281 0.707031 0.0359375 0.0265625 0.00445154
0 0.542969 0.730469 0.0296875 0.0265625 0.0203389
0 0.539062 0.719531 0.03125 0.0421875 0.0205205
1 0.565625 0.99375 0.03125 0.009375 0.0247446
0 0.525781 0.625781 0.0328125 0.0234375 0.0403205
1 0.567187 0.996875 0.028125 0.00625 0.0681737
3 0.439844 0.504687 0.0359375 0.034375 0.3126
0 0.524219 0.616406 0.0359375 0.0265625 0.732834
3 0.425781 0.519531 0.0234375 0.0265625 0.826966
2 0.441406 0.50625 0.0328125 0.034375 0.879246
