1 0.53125 0.0015625 0.028125 0.003125 0.00101281
1 0.685156 0.0015625 0.0265625 0.003125 0.00102051
0 0.55 0.586719 0.034375 0.0265625 0.00104026
2 0.885156 0.1 0.0578125 0.10625 0.00104775
1 0.327344 0.0015625 0.0328125 0.003125 0.00104856
1 0.491406 0.00078125 0.0265625 0.0015625 0.00106693
1 0.570312 0.0015625 0.028125 0.003125 0.00107371
1 0.339063 0.00078125 0.025 0.0015625 0.00107909
1 0.635156 0.0015625 0.0359375 0.003125 0.00109067
1 0.355469 0.00078125 0.0265625 0.0015625 0.0010985
1 0.673437 0.0015625 0.034375 0.003125 0.00116768
1 0.592969 0.0015625 0.0359375 0.003125 0.00124569
1 0.364062 0.0015625 0.034375 0.003125 0.00130579
1 0.557031 0.0015625 0.0359375 0.003125 0.00135077
1 0.478906 0.0015625 0.0359375 0.003125 0.00138068
1 0.403125 0.0015625 0.034375 0.003125 0.00146655
1 0.517969 0.0015625 0.0359375 0.003125 0.00149442
3 0.536719 0.24375 0.0328125 0.021875 0.00151675
1 0.439063 0.0015625 0.034375 0.003125 0.0015294
0 0.551562 0.646875 0.03125 0.025 0.0015703
1 0.414844 0.0015625 0.0265625 0.003125 0.00173362
0 0.554688 0.672656 0.040625 0.0734375 0.0019594
0 0.552344 0.678125 0.0296875 0.025 0.00223092
0 0.555469 0.661719 0.0296875 0.0453125 0.00384237
0 0.548437 0.567969 0.03125 0.0234375 0.00491632
0 0.547656 0.547656 0.0328125 0.0265625 0.00840383
0 0.551562 0.663281 0.028125 0.0234375 0.00879781
1 0.557031 0.996875 0.0296875 0.00625 0.0881924
3 0.533594 0.275781 0.0296875 0.0296875 0.455644
0 0.547656 0.557813 0.0296875 0.025 0.765335
3 0.53125 0.244531 0.028125 0.0140625 0.812141
2 0.532812 0.276563 0.028125 0.028125 0.862124
