1 0.646094 0.00078125 0.0265625 0.0015625 0.00111155
1 0.325781 0.0015625 0.0328125 0.003125 0.00112795
1 0.453906 0.00078125 0.0265625 0.0015625 0.00127454
1 0.673437 0.0015625 0.034375 0.003125 0.00142285
1 0.414844 0.00078125 0.0265625 0.0015625 0.00147061
1 0.530469 0.00078125 0.0265625 0.0015625 0.00150362
1 0.569531 0.0015625 0.0265625 0.003125 0.00163029
1 0.364844 0.0015625 0.0328125 0.003125 0.00166111
1 0.634375 0.0015625 0.034375 0.003125 0.0017614
1 0.492188 0.00078125 0.028125 0.0015625 0.00186888
1 0.402344 0.0015625 0.0328125 0.003125 0.00189484
0 0.541406 0.669531 0.0390625 0.0671875 0.00195602
1 0.55625 0.0015625 0.034375 0.003125 0.00197968
1 0.594531 0.0015625 0.0359375 0.003125 0.00203105
1 0.517187 0.0015625 0.034375 0.003125 0.00211725
1 0.479688 0.0015625 0.034375 0.003125 0.0021375
1 0.440625 0.0015625 0.034375 0.003125 0.00213871
0 0.542188 0.669531 0.03125 0.0265625 0.00243795
0 0.530469 0.547656 0.0328125 0.0265625 0.00347432
0 0.532812 0.567969 0.03125 0.0203125 0.0051983
0 0.540625 0.653125 0.03125 0.0375 0.0163018
1 0.55625 0.996875 0.028125 0.00625 0.0719083
3 0.501562 0.282031 0.03125 0.0265625 0.318964
3 0.496875 0.25 0.028125 0.0125 0.726365
0 0.532031 0.557813 0.0296875 0.025 0.762186
2 0.501562 0.28125 0.028125 0.028125 0.893585
