1 0.453906 0.00078125 0.0265625 0.0015625 0.00100494
1 0.403125 0.0015625 0.034375 0.003125 0.00104949
0 0.513281 0.585156 0.0390625 0.0265625 0.00107166
1 0.592188 0.0015625 0.0375 0.003125 0.00107364
1 0.477344 0.0015625 0.0359375 0.003125 0.00115931
0 0.529688 0.673437 0.034375 0.025 0.00120623
1 0.517969 0.0015625 0.0359375 0.003125 0.00121693
1 0.55625 0.0015625 0.0375 0.003125 0.001266
1 0.439844 0.00078125 0.0359375 0.0015625 0.00138649
3 0.335938 0.442187 0.025 0.034375 0.00141708
0 0.528906 0.661719 0.0328125 0.0265625 0.00291181
0 0.507812 0.547656 0.0375 0.0265625 0.00388154
0 0.524219 0.620313 0.0328125 0.040625 0.00395158
0 0.525 0.642969 0.034375 0.0265625 0.00432533
0 0.5125 0.567969 0.034375 0.0234375 0.0174942
1 0.565625 0.99375 0.03125 0.009375 0.0413618
1 0.566406 0.996875 0.0296875 0.00625 0.100929
3 0.357031 0.440625 0.0296875 0.034375 0.452836
0 0.510156 0.558594 0.0359375 0.0265625 0.757256
3 0.330469 0.45 0.0203125 0.028125 0.833441
2 0.357031 0.440625 0.0296875 0.034375 0.889124
