1 0.635156 0.0015625 0.0390625 0.003125 0.00100424
1 0.492188 0.00078125 0.028125 0.0015625 0.00113176
1 0.554688 0.0015625 0.0375 0.003125 0.00119128
1 0.594531 0.0015625 0.0390625 0.003125 0.00124932
1 0.377344 0.00078125 0.0265625 0.0015625 0.00125168
1 0.441406 0.0015625 0.0359375 0.003125 0.00141038
1 0.516406 0.0015625 0.0359375 0.003125 0.00150215
1 0.365625 0.0015625 0.034375 0.003125 0.00151134
1 0.478906 0.0015625 0.0359375 0.003125 0.0015698
1 0.401563 0.0015625 0.034375 0.003125 0.00159502
0 0.483594 0.597656 0.0453125 0.0453125 0.0021753
0 0.534375 0.628906 0.034375 0.0296875 0.00261601
0 0.527344 0.56875 0.0328125 0.025 0.0195362
1 0.55625 0.994531 0.03125 0.0078125 0.0337926
0 0.538281 0.661719 0.0328125 0.0296875 0.035394
0 0.540625 0.685156 0.03125 0.0234375 0.0430586
1 0.555469 0.996875 0.0296875 0.00625 0.0648364
3 0.432813 0.545313 0.0375 0.034375 0.153504
0 0.539844 0.676562 0.0296875 0.025 0.579838
0 0.525781 0.557031 0.0328125 0.0265625 0.731366
3 0.422656 0.575 0.0265625 0.021875 0.807121
2 0.43125 0.544531 0.034375 0.0328125 0.870167
