1 0.59375 0.0015625 0.0375 0.003125 0.00102156
1 0.326562 0.0015625 0.034375 0.003125 0.00106244
1 0.49375 0.00078125 0.028125 0.0015625 0.00106749
1 0.554688 0.0015625 0.0375 0.003125 0.0010825
1 0.414844 0.00078125 0.0265625 0.0015625 0.00118985
0 0.525781 0.598437 0.0390625 0.028125 0.00134575
1 0.365625 0.0015625 0.034375 0.003125 0.00144425
1 0.439844 0.00078125 0.0359375 0.0015625 0.00148391
1 0.480469 0.0015625 0.0359375 0.003125 0.00153116
1 0.516406 0.0015625 0.0359375 0.003125 0.00153435
1 0.401563 0.0015625 0.034375 0.003125 0.0016386
0 0.513281 0.592969 0.0390625 0.0390625 0.00183589
2 0.867969 0.102344 0.0703125 0.104687 0.00201637
0 0.540625 0.746094 0.03125 0.0265625 0.00339724
0 0.525 0.608594 0.034375 0.0265625 0.00578984
0 0.515625 0.547656 0.034375 0.0265625 0.0059855
3 0.196875 0.992188 0.01875 0.0125 0.00717231
0 0.521094 0.56875 0.0328125 0.025 0.0078938
0 0.539844 0.723437 0.0296875 0.025 0.011747
0 0.533594 0.673437 0.0328125 0.028125 0.0129723
1 0.555469 0.995313 0.0328125 0.009375 0.0130971
0 0.527344 0.627344 0.0328125 0.0265625 0.0180507
1 0.553125 0.996875 0.03125 0.00625 0.0233493
0 0.536719 0.7 0.0296875 0.05 0.0253155
0 0.540625 0.733594 0.028125 0.0265625 0.0315245
0 0.530469 0.644531 0.0328125 0.0265625 0.0329666
0 0.533594 0.657812 0.0296875 0.03125 0.0514338
2 0.41875 0.554688 0.0375 0.034375 0.163415
3 0.421875 0.544531 0.034375 0.0359375 0.232112
0 0.517969 0.55625 0.0328125 0.025 0.698895
3 0.4125 0.571875 0.025 0.01875 0.797994
2 0.421875 0.542969 0.034375 0.0328125 0.873479
