0 0.0492188 0.090625 0.0421875 0.084375 0.00104667
1 0.453906 0.00078125 0.0265625 0.0015625 0.00104895
1 0.569531 0.00078125 0.0296875 0.0015625 0.0010649
1 0.634375 0.0015625 0.0375 0.003125 0.00109143
1 0.477344 0.0015625 0.0359375 0.003125 0.0012517
1 0.519531 0.0015625 0.0359375 0.003125 0.00128518
1 0.594531 0.0015625 0.0359375 0.003125 0.00129059
1 0.440625 0.0015625 0.034375 0.003125 0.00144315
0 0.5625 0.544531 0.03125 0.0296875 0.00145911
1 0.558594 0.0015625 0.0359375 0.003125 0.00161714
1 0.559375 0.99375 0.03125 0.0125 0.00349427
3 0.676562 0.266406 0.034375 0.0234375 0.00404374
0 0.560156 0.579687 0.0296875 0.025 0.0211628
0 0.561719 0.55625 0.0296875 0.025 0.0383113
1 0.560156 0.996875 0.0296875 0.00625 0.120716
3 0.663281 0.291406 0.0328125 0.0328125 0.234688
0 0.560156 0.565625 0.0296875 0.025 0.707786
3 0.685156 0.263281 0.0265625 0.0203125 0.812539
2 0.664062 0.290625 0.034375 0.03125 0.899675
