1 0.433594 0.00078125 0.0265625 0.0015625 0.00103989
1 0.440625 0.0015625 0.034375 0.003125 0.00105802
0 0.557031 0.572656 0.0328125 0.0265625 0.00109308
1 0.48125 0.00078125 0.034375 0.0015625 0.00109522
3 0.835156 0.926562 0.0140625 0.01875 0.00116231
1 0.517187 0.00078125 0.034375 0.0015625 0.00126798
0 0.560156 0.652344 0.0328125 0.0265625 0.00188205
0 0.558594 0.603906 0.0328125 0.0265625 0.00258866
2 0.383594 0.322656 0.0296875 0.0390625 0.00465893
0 0.558594 0.624219 0.0328125 0.0359375 0.0089042
0 0.560156 0.642187 0.0296875 0.025 0.00994164
1 0.56875 0.992188 0.03125 0.0125 0.0105389
1 0.571094 0.996875 0.0296875 0.00625 0.0599512
3 0.374219 0.321094 0.0234375 0.0234375 0.200201
3 0.397656 0.330469 0.0296875 0.0328125 0.417201
0 0.554688 0.551562 0.03125 0.025 0.746641
3 0.36875 0.314844 0.01875 0.0234375 0.830805
2 0.397656 0.332031 0.0296875 0.0328125 0.876123
