1 0.634375 0.0015625 0.040625 0.003125 0.00100124
1 0.608594 0.0015625 0.0328125 0.003125 0.00100328
0 0.549219 0.800781 0.0359375 0.0296875 0.0010047
1 0.260938 0.00078125 0.028125 0.0015625 0.00102252
0 0.55625 0.849219 0.053125 0.0546875 0.00102513
1 0.453906 0.0015625 0.0296875 0.003125 0.00127817
1 0.492969 0.0015625 0.0296875 0.003125 0.00129626
1 0.555469 0.0015625 0.0390625 0.003125 0.00131664
1 0.595312 0.0015625 0.040625 0.003125 0.00132164
0 0.0523437 0.167187 0.0421875 0.09375 0.00135898
0 0.550781 0.766406 0.0421875 0.0453125 0.00137009
0 0.552344 0.823438 0.0328125 0.05 0.00137286
0 0.55625 0.871875 0.03125 0.025 0.00138337
1 0.415625 0.0015625 0.03125 0.003125 0.00141554
1 0.3375 0.0015625 0.028125 0.003125 0.00150872
1 0.361719 0.0015625 0.0359375 0.003125 0.00155269
0 0.55625 0.860156 0.034375 0.0359375 0.00161064
1 0.403906 0.0015625 0.0359375 0.003125 0.00162371
1 0.517187 0.0015625 0.0375 0.003125 0.0016947
1 0.478906 0.0015625 0.0359375 0.003125 0.00173469
0 0.542188 0.732031 0.034375 0.0265625 0.00201579
1 0.440625 0.0015625 0.0375 0.003125 0.0020668
1 0.31875 0.0015625 0.028125 0.003125 0.00208586
1 0.564844 0.992969 0.0296875 0.0140625 0.00214912
3 0.528125 0.604688 0.03125 0.021875 0.016951
0 0.544531 0.752344 0.0328125 0.0234375 0.0199028
1 0.566406 0.996875 0.0296875 0.00625 0.0634827
2 0.532812 0.621094 0.0375 0.0359375 0.309449
3 0.534375 0.632812 0.03125 0.03125 0.601202
3 0.53125 0.6125 0.028125 0.028125 0.653495
0 0.542969 0.742188 0.0328125 0.025 0.737193
