3 0.686719 0.698438 0.0265625 0.025 0.00104094
0 0.653125 0.717188 0.0375 0.040625 0.00105478
2 0.403906 0.00234375 0.0453125 0.0046875 0.00110026
2 0.51875 0.003125 0.046875 0.00625 0.00117151
0 0.608594 0.850781 0.0359375 0.0296875 0.00133076
0 0.607813 0.733594 0.03125 0.0296875 0.00245552
0 0.60625 0.810156 0.034375 0.0296875 0.00409847
3 0.695312 0.7125 0.021875 0.028125 0.00557187
0 0.607031 0.833594 0.0328125 0.0296875 0.00960794
0 0.607031 0.794531 0.0328125 0.0265625 0.0183182
0 0.607813 0.746094 0.03125 0.0296875 0.0217827
0 0.607813 0.766406 0.034375 0.0328125 0.0543017
1 0.610156 0.996875 0.0296875 0.00625 0.0739083
3 0.674219 0.686719 0.0359375 0.0359375 0.442797
0 0.607813 0.778125 0.03125 0.028125 0.735919
3 0.689844 0.707031 0.0234375 0.0234375 0.808034
2 0.671875 0.6875 0.034375 0.034375 0.838387
