0 0.614844 0.867969 0.0328125 0.0234375 0.00107024
2 0.478125 0.00234375 0.04375 0.0046875 0.0012267
0 0.614844 0.835938 0.0328125 0.028125 0.00139412
0 0.611719 0.807031 0.0296875 0.0359375 0.00270166
0 0.615625 0.849219 0.034375 0.0296875 0.00286425
0 0.609375 0.777344 0.034375 0.0265625 0.00286984
0 0.614844 0.825781 0.0265625 0.0328125 0.00562351
3 0.442187 0.578125 0.03125 0.034375 0.00604609
1 0.620313 0.996875 0.028125 0.00625 0.115958
0 0.610937 0.790625 0.03125 0.025 0.761801
3 0.413281 0.563281 0.0203125 0.0265625 0.806761
2 0.44375 0.577344 0.03125 0.0328125 0.877653
