0 0.638281 0.624219 0.0328125 0.0296875 0.00160763
0 0.635156 0.639844 0.0328125 0.0234375 0.00237774
1 0.899219 0.203125 0.0578125 0.025 0.00389103
0 0.639063 0.611719 0.03125 0.0265625 0.00899698
0 0.649219 0.538281 0.0359375 0.0265625 0.0115293
0 0.638281 0.591406 0.0296875 0.0296875 0.0146988
0 0.642969 0.574219 0.0328125 0.0265625 0.0170831
0 0.639844 0.603125 0.0328125 0.025 0.0205092
1 0.627344 0.994531 0.0296875 0.0078125 0.0280433
0 0.644531 0.560938 0.0328125 0.021875 0.0616566
3 0.870313 0.445312 0.03125 0.03125 0.099514
1 0.622656 0.996875 0.0265625 0.00625 0.122375
2 0.870313 0.445312 0.03125 0.034375 0.161564
0 0.646875 0.55 0.034375 0.025 0.692387
3 0.892969 0.453906 0.0171875 0.0296875 0.819663
2 0.860937 0.442187 0.028125 0.03125 0.860161
