2 0.515625 0.003125 0.046875 0.00625 0.00111737
3 0.382031 0.748438 0.0421875 0.04375 0.00132747
0 0.575 0.789062 0.046875 0.05 0.00133906
0 0.580469 0.757812 0.0390625 0.028125 0.00156318
0 0.6 0.875 0.03125 0.025 0.00308476
0 0.56875 0.761719 0.04375 0.0265625 0.00335927
1 0.604688 0.994531 0.03125 0.0078125 0.00428363
0 0.595312 0.847656 0.03125 0.0390625 0.00527892
0 0.588281 0.803906 0.0359375 0.0421875 0.00736621
0 0.596094 0.861719 0.0328125 0.0234375 0.00964151
3 0.38125 0.717969 0.028125 0.0296875 0.0212674
1 0.609375 0.996875 0.028125 0.00625 0.100888
3 0.383594 0.727344 0.0296875 0.0296875 0.127586
3 0.399219 0.710156 0.0359375 0.0328125 0.416205
0 0.582812 0.772656 0.0375 0.0265625 0.755094
3 0.375781 0.728125 0.0234375 0.025 0.841797
2 0.4 0.710156 0.034375 0.0328125 0.862061
