0 0.610156 0.889844 0.0328125 0.0265625 0.00110357
2 0.480469 0.003125 0.0453125 0.00625 0.00116003
0 0.610937 0.871875 0.034375 0.028125 0.00123425
3 0.717969 0.760938 0.0359375 0.0375 0.0047733
0 0.6125 0.855469 0.034375 0.0390625 0.0063708
0 0.6125 0.838281 0.034375 0.0265625 0.00789412
0 0.614062 0.816406 0.034375 0.0359375 0.00849687
0 0.619531 0.757812 0.0328125 0.028125 0.0110902
0 0.616406 0.779688 0.0296875 0.025 0.0140453
1 0.607813 0.996875 0.03125 0.00625 0.101909
0 0.617969 0.770312 0.0328125 0.025 0.660987
3 0.733594 0.789844 0.0265625 0.0234375 0.778656
2 0.717969 0.760938 0.0359375 0.034375 0.848164
