2 0.51875 0.00234375 0.046875 0.0046875 0.0010317
2 0.479688 0.00234375 0.04375 0.0046875 0.00105262
0 0.6125 0.907031 0.03125 0.0265625 0.00110382
0 0.614062 0.891406 0.034375 0.0296875 0.00302501
0 0.620313 0.828906 0.03125 0.0234375 0.00323188
0 0.617188 0.851562 0.034375 0.028125 0.00498647
0 0.616406 0.871875 0.0328125 0.025 0.00675728
0 0.622656 0.796094 0.0328125 0.0265625 0.00986751
0 0.617969 0.839844 0.0328125 0.0296875 0.0099931
1 0.610937 0.996875 0.028125 0.00625 0.0845119
3 0.749219 0.771875 0.0328125 0.03125 0.0970208
3 0.739844 0.755469 0.0359375 0.0359375 0.471133
0 0.620313 0.810938 0.03125 0.028125 0.704404
3 0.760938 0.780469 0.025 0.0234375 0.844215
2 0.738281 0.755469 0.0390625 0.0359375 0.886653
