2 0.322656 0.00234375 0.0359375 0.0046875 0.00109036
0 0.603125 0.878125 0.034375 0.028125 0.00153427
1 0.603125 0.994531 0.028125 0.0109375 0.00226232
2 0.744531 0.542969 0.0265625 0.0328125 0.00363097
0 0.603125 0.836719 0.03125 0.0296875 0.0062252
0 0.603125 0.86875 0.03125 0.025 0.00651901
0 0.603125 0.853906 0.03125 0.0265625 0.0117584
0 0.603906 0.796875 0.0296875 0.025 0.0134646
1 0.603125 0.996875 0.028125 0.00625 0.102506
0 0.603125 0.819531 0.028125 0.0234375 0.128821
3 0.726562 0.561719 0.03125 0.0328125 0.363206
0 0.603125 0.810156 0.028125 0.0234375 0.694422
3 0.753906 0.539844 0.0234375 0.0234375 0.835504
2 0.725781 0.5625 0.0328125 0.034375 0.886998
