0 0.614844 0.865625 0.0328125 0.021875 0.00118749
3 0.420312 0.555469 0.021875 0.0328125 0.0014847
0 0.609375 0.841406 0.034375 0.0390625 0.00160107
0 0.609375 0.778125 0.034375 0.025 0.00311581
0 0.611719 0.810938 0.0296875 0.034375 0.00431035
0 0.614844 0.857031 0.0328125 0.0234375 0.00624825
0 0.615625 0.848437 0.03125 0.025 0.00841902
0 0.614062 0.826563 0.025 0.028125 0.011407
0 0.611719 0.799219 0.0296875 0.0203125 0.0293561
3 0.436719 0.569531 0.0265625 0.0265625 0.0375357
1 0.620313 0.996875 0.028125 0.00625 0.0706619
3 0.453906 0.575781 0.0328125 0.0328125 0.325553
3 0.425781 0.560156 0.0203125 0.0265625 0.729119
0 0.610937 0.790625 0.03125 0.025 0.7442
2 0.453906 0.575781 0.0328125 0.0328125 0.870403
