0 0.601562 0.641406 0.03125 0.0234375 0.00123066
0 0.603906 0.617969 0.0328125 0.0640625 0.0018226
0 0.604688 0.501562 0.034375 0.03125 0.00182473
0 0.602344 0.586719 0.0328125 0.0296875 0.00191986
0 0.601562 0.602344 0.034375 0.0296875 0.00305143
0 0.601562 0.627344 0.03125 0.0265625 0.00611975
0 0.601562 0.54375 0.03125 0.028125 0.00894809
0 0.603906 0.517969 0.0296875 0.0265625 0.0177201
1 0.605469 0.996875 0.0296875 0.00625 0.107734
3 0.690625 0.395312 0.03125 0.034375 0.454671
0 0.603125 0.528125 0.03125 0.025 0.755603
3 0.709375 0.402344 0.021875 0.0296875 0.78875
2 0.688281 0.395312 0.0328125 0.034375 0.871147
