2 0.321875 0.003125 0.04375 0.00625 0.00100221
0 0.576563 0.78125 0.04375 0.04375 0.00104098
0 0.563281 0.760938 0.0515625 0.040625 0.00106547
0 0.592188 0.84375 0.034375 0.04375 0.00188056
0 0.595312 0.860156 0.03125 0.0234375 0.00276136
0 0.596094 0.871094 0.0328125 0.0234375 0.00283406
0 0.586719 0.798437 0.0359375 0.034375 0.00545243
1 0.609375 0.996875 0.028125 0.00625 0.144603
3 0.364844 0.722656 0.0265625 0.0296875 0.334375
3 0.384375 0.711719 0.034375 0.0328125 0.381658
0 0.582031 0.775 0.0359375 0.025 0.772429
3 0.357812 0.729688 0.021875 0.025 0.831208
2 0.385938 0.711719 0.034375 0.0328125 0.839653
