2 0.517187 0.003125 0.046875 0.00625 0.00106602
0 0.619531 0.923437 0.0328125 0.03125 0.00124566
0 0.622656 0.889844 0.0328125 0.0296875 0.00147009
0 0.617969 0.983594 0.0328125 0.0203125 0.00169365
0 0.623438 0.907812 0.03125 0.025 0.00230211
0 0.624219 0.878125 0.0328125 0.034375 0.00414082
0 0.629687 0.832031 0.034375 0.0296875 0.00548915
1 0.617969 0.996875 0.0296875 0.00625 0.0148499
0 0.625781 0.855469 0.0296875 0.0265625 0.0431192
0 0.632031 0.8125 0.0328125 0.025 0.069167
3 0.789062 0.789844 0.0375 0.0359375 0.137549
3 0.794531 0.801562 0.0390625 0.034375 0.229169
0 0.633594 0.802344 0.0328125 0.0265625 0.715392
2 0.788281 0.789062 0.0359375 0.034375 0.780288
3 0.810156 0.817969 0.0265625 0.0234375 0.824363
