0 0.626562 0.877344 0.034375 0.0296875 0.00142013
0 0.6375 0.788281 0.034375 0.0234375 0.00316598
3 0.805469 0.784375 0.0296875 0.028125 0.00508987
0 0.626562 0.860156 0.03125 0.0265625 0.0056575
0 0.632812 0.817187 0.034375 0.028125 0.00766407
1 0.616406 0.996094 0.0296875 0.0078125 0.0228103
0 0.628125 0.847656 0.03125 0.0234375 0.0462115
2 0.802344 0.788281 0.0359375 0.0328125 0.0466523
0 0.628906 0.834375 0.0296875 0.025 0.0613725
3 0.796875 0.776563 0.040625 0.0375 0.283966
0 0.639063 0.775 0.034375 0.025 0.731046
3 0.815625 0.803125 0.025 0.021875 0.860231
2 0.796094 0.773438 0.0359375 0.03125 0.874438
