0 0.635156 0.659375 0.0359375 0.03125 0.0011941
2 0.8875 0.794531 0.0625 0.114063 0.00166056
0 0.646094 0.585938 0.0359375 0.034375 0.00166935
0 0.638281 0.628906 0.0359375 0.0296875 0.00179378
0 0.635938 0.614062 0.0375 0.0375 0.00310446
0 0.633594 0.641406 0.0328125 0.0234375 0.00310475
2 0.886719 0.215625 0.0984375 0.05625 0.00315012
3 0.882812 0.517187 0.028125 0.021875 0.00331541
0 0.646094 0.564062 0.0359375 0.034375 0.00436153
1 0.616406 0.996875 0.0296875 0.00625 0.153823
3 0.859375 0.503125 0.03125 0.03125 0.1668
0 0.65 0.54375 0.034375 0.025 0.732075
3 0.888281 0.528125 0.0234375 0.021875 0.823743
2 0.859375 0.501562 0.03125 0.03125 0.882584
