0 0.607031 0.922656 0.0328125 0.0296875 0.00101501
0 0.609375 0.888281 0.0375 0.0359375 0.0018292
0 0.611719 0.786719 0.0328125 0.0296875 0.003555
0 0.607813 0.845312 0.034375 0.0375 0.00510439
0 0.610937 0.863281 0.034375 0.0296875 0.00579638
0 0.610937 0.816406 0.028125 0.0359375 0.0132194
1 0.608594 0.996875 0.0296875 0.00625 0.0591469
3 0.733594 0.730469 0.0328125 0.0328125 0.304459
3 0.721094 0.717969 0.0359375 0.0359375 0.438316
0 0.610937 0.799219 0.03125 0.0265625 0.718855
3 0.74375 0.738281 0.025 0.0265625 0.824971
2 0.721094 0.717188 0.0359375 0.0375 0.880524
