0 0.577344 0.619531 0.0359375 0.0296875 0.00157813
0 0.615625 0.99375 0.03125 0.0125 0.00222341
0 0.567969 0.570312 0.0359375 0.040625 0.00248655
0 0.574219 0.596875 0.0390625 0.0375 0.0025174
0 0.557031 0.525781 0.0421875 0.0296875 0.00351751
0 0.564062 0.548437 0.034375 0.021875 0.0274645
1 0.614844 0.994531 0.0328125 0.0078125 0.0585876
3 0.336719 0.427344 0.0296875 0.0328125 0.35238
0 0.560156 0.539844 0.0390625 0.0265625 0.775211
3 0.307031 0.432813 0.0171875 0.028125 0.807934
2 0.338281 0.426562 0.0265625 0.03125 0.877737
