2 0.480469 0.003125 0.0453125 0.00625 0.00104301
2 0.517187 0.003125 0.046875 0.00625 0.00110279
0 0.626562 0.795313 0.034375 0.03125 0.00114203
3 0.865625 0.648438 0.01875 0.03125 0.00116856
3 0.858594 0.65625 0.0328125 0.078125 0.00129632
0 0.639844 0.728125 0.0359375 0.034375 0.0017102
0 0.625 0.850781 0.034375 0.0359375 0.001872
2 0.975 0.940625 0.05 0.0875 0.0020367
0 0.628906 0.782812 0.0359375 0.028125 0.00248704
0 0.624219 0.821875 0.0328125 0.028125 0.00317676
0 0.628906 0.760938 0.0328125 0.025 0.00546457
0 0.632031 0.735937 0.0390625 0.028125 0.00574015
0 0.630469 0.808594 0.0328125 0.0328125 0.0119289
0 0.623438 0.835156 0.03125 0.0265625 0.0119773
1 0.61875 0.996875 0.028125 0.00625 0.114862
3 0.825 0.638281 0.028125 0.0328125 0.427505
0 0.630469 0.746875 0.0328125 0.025 0.729766
2 0.825 0.638281 0.028125 0.0328125 0.836047
3 0.855469 0.646875 0.0203125 0.03125 0.840605
