0 0.616406 0.871094 0.0328125 0.0234375 0.00101175
2 0.479688 0.00234375 0.04375 0.0046875 0.00101491
1 0.621094 0.99375 0.0296875 0.0125 0.00116625
0 0.611719 0.796875 0.0328125 0.025 0.00251073
0 0.6125 0.817969 0.03125 0.0203125 0.00610407
1 0.620313 0.996875 0.028125 0.00625 0.0453772
3 0.460156 0.569531 0.0265625 0.0265625 0.0899109
3 0.474219 0.579687 0.0328125 0.03125 0.467641
0 0.611719 0.808594 0.0296875 0.0234375 0.769717
3 0.45 0.561719 0.021875 0.0234375 0.810169
2 0.475 0.579687 0.03125 0.03125 0.863482
