2 0.517187 0.00234375 0.046875 0.0046875 0.00104348
0 0.621094 0.98125 0.0359375 0.025 0.0015667
0 0.625781 0.894531 0.0328125 0.0296875 0.00227433
0 0.630469 0.842969 0.0359375 0.0390625 0.00243076
0 0.621875 0.921094 0.03125 0.0296875 0.00245523
1 0.621094 0.992969 0.0296875 0.0140625 0.00330803
0 0.632031 0.871094 0.0296875 0.0328125 0.00346066
0 0.624219 0.910937 0.0328125 0.025 0.00551783
1 0.61875 0.996875 0.028125 0.00625 0.0149351
0 0.633594 0.819531 0.0328125 0.0265625 0.0158718
0 0.638281 0.796094 0.0359375 0.0265625 0.0801148
3 0.797656 0.790625 0.0359375 0.034375 0.180492
3 0.807031 0.8 0.0328125 0.0375 0.448873
0 0.6375 0.805469 0.034375 0.0265625 0.707871
3 0.817969 0.817187 0.0296875 0.025 0.820056
2 0.797656 0.789062 0.0359375 0.034375 0.875312
