0 0.621094 0.784375 0.0390625 0.034375 0.00113479
2 0.321875 0.00234375 0.040625 0.0046875 0.00115879
2 0.478906 0.003125 0.0453125 0.00625 0.00117553
3 0.739062 0.776563 0.040625 0.0375 0.00183315
0 0.6125 0.879687 0.034375 0.028125 0.00313944
0 0.613281 0.86875 0.0328125 0.025 0.00778594
0 0.614844 0.857031 0.0328125 0.0265625 0.00816302
0 0.61875 0.795313 0.034375 0.028125 0.0137976
0 0.614844 0.841406 0.0328125 0.0296875 0.0171375
0 0.615625 0.821094 0.03125 0.0234375 0.0224936
1 0.611719 0.996875 0.0296875 0.00625 0.0314574
3 0.707812 0.74375 0.0375 0.034375 0.15213
0 0.616406 0.810156 0.0328125 0.0265625 0.665788
3 0.727344 0.765625 0.0234375 0.021875 0.746961
2 0.707031 0.742188 0.0359375 0.034375 0.868696
