2 0.692187 0.395312 0.034375 0.03125 0.00121028
0 0.6125 0.536719 0.03125 0.0234375 0.00178913
1 0.604688 0.992969 0.03125 0.0109375 0.003518
0 0.6125 0.503125 0.03125 0.03125 0.00384261
0 0.610156 0.567187 0.0328125 0.03125 0.00399873
0 0.609375 0.607813 0.03125 0.028125 0.00508179
0 0.610937 0.541406 0.034375 0.0484375 0.00843968
0 0.610156 0.5875 0.0328125 0.028125 0.016054
1 0.605469 0.996875 0.0265625 0.00625 0.158205
3 0.683594 0.390625 0.0328125 0.034375 0.458906
0 0.611719 0.525781 0.0296875 0.0265625 0.726878
3 0.702344 0.398438 0.0234375 0.028125 0.811978
2 0.682813 0.390625 0.03125 0.034375 0.865372
