0 0.640625 0.610156 0.0375 0.0265625 0.00100195
3 0.892969 0.519531 0.0203125 0.0296875 0.00102652
2 0.882812 0.7875 0.071875 0.125 0.00162938
0 0.650781 0.552344 0.0359375 0.0234375 0.00359563
0 0.636719 0.636719 0.0328125 0.0234375 0.00370877
0 0.646094 0.572656 0.0359375 0.0515625 0.0044825
0 0.641406 0.598437 0.0328125 0.034375 0.00736738
0 0.639063 0.621094 0.034375 0.0265625 0.00761611
2 0.896094 0.210938 0.0640625 0.034375 0.0145594
3 0.859375 0.489844 0.03125 0.0328125 0.176144
1 0.617969 0.996094 0.0296875 0.0078125 0.177899
0 0.652344 0.542969 0.0359375 0.0265625 0.733222
3 0.889844 0.510938 0.0234375 0.025 0.808913
2 0.859375 0.488281 0.03125 0.0328125 0.879711
