2 0.492969 0.00234375 0.0421875 0.0046875 0.00101394
2 0.516406 0.00234375 0.0453125 0.0046875 0.00103953
0 0.605469 0.8375 0.0328125 0.040625 0.00106946
2 0.401563 0.00234375 0.04375 0.0046875 0.00112604
2 0.478906 0.003125 0.0453125 0.00625 0.00136678
2 0.321094 0.00234375 0.0390625 0.0046875 0.00149268
0 0.605469 0.796875 0.0328125 0.028125 0.00166204
3 0.607813 0.68125 0.03125 0.025 0.00467337
1 0.604688 0.992969 0.03125 0.0109375 0.00545436
1 0.607031 0.995313 0.0296875 0.00625 0.0766098
2 0.616406 0.697656 0.0359375 0.0390625 0.220926
3 0.6125 0.689844 0.034375 0.0328125 0.363982
3 0.617188 0.700781 0.0375 0.0359375 0.411103
3 0.621094 0.711719 0.0296875 0.0265625 0.689083
0 0.604688 0.809375 0.03125 0.025 0.730737
