2 0.321875 0.00234375 0.0375 0.0046875 0.0010662
2 0.478125 0.003125 0.046875 0.00625 0.00107338
2 0.554688 0.003125 0.046875 0.00625 0.00112622
0 0.632031 0.875781 0.0359375 0.0296875 0.00188129
0 0.63125 0.861719 0.03125 0.0265625 0.00511025
0 0.639063 0.822656 0.03125 0.0359375 0.00587571
0 0.645312 0.767969 0.034375 0.0265625 0.00971261
0 0.634375 0.85 0.03125 0.025 0.0310401
0 0.639844 0.797656 0.0328125 0.0328125 0.0400907
1 0.624219 0.996875 0.0296875 0.00625 0.0448628
0 0.633594 0.83125 0.0296875 0.028125 0.0543808
3 0.798437 0.792188 0.040625 0.04375 0.0908849
3 0.789844 0.776563 0.0359375 0.034375 0.124125
0 0.642969 0.778906 0.0328125 0.0265625 0.687597
3 0.808594 0.807031 0.0265625 0.0234375 0.786397
2 0.789844 0.775 0.0359375 0.034375 0.884788
