0 0.6125 0.614062 0.034375 0.03125 0.00155127
0 0.616406 0.495313 0.0328125 0.03125 0.00299487
1 0.605469 0.992969 0.0328125 0.0109375 0.00313541
0 0.6125 0.585156 0.03125 0.0359375 0.00343783
0 0.6125 0.6 0.034375 0.028125 0.00464787
0 0.614844 0.517187 0.0296875 0.028125 0.0167473
1 0.60625 0.996875 0.028125 0.00625 0.128578
3 0.684375 0.408594 0.03125 0.0328125 0.460533
0 0.614062 0.528125 0.028125 0.025 0.730094
3 0.700781 0.417969 0.0234375 0.0265625 0.808688
2 0.683594 0.407031 0.0296875 0.0328125 0.881251
