0 0.6125 0.867188 0.034375 0.028125 0.00156492
0 0.614062 0.821875 0.034375 0.028125 0.00186464
0 0.613281 0.854688 0.0359375 0.034375 0.00198547
0 0.617969 0.786719 0.0328125 0.0296875 0.00294556
1 0.604688 0.995313 0.03125 0.009375 0.00399228
0 0.614062 0.813281 0.028125 0.0265625 0.0220916
3 0.767969 0.557031 0.0328125 0.0328125 0.0316286
1 0.610156 0.996875 0.0296875 0.00625 0.14018
0 0.616406 0.802344 0.0328125 0.0234375 0.711908
3 0.795313 0.535156 0.021875 0.0234375 0.853776
2 0.766406 0.557813 0.0328125 0.034375 0.865652
