0 0.659375 0.525781 0.040625 0.0296875 0.0010793
0 0.621875 0.828125 0.03125 0.025 0.00183577
0 0.6375 0.624219 0.034375 0.0234375 0.00272289
0 0.633594 0.640625 0.0328125 0.025 0.00313474
0 0.639844 0.6 0.0328125 0.0375 0.00472377
0 0.646094 0.567187 0.0359375 0.040625 0.00779157
3 0.865625 0.527344 0.03125 0.0296875 0.00801416
0 0.651563 0.553125 0.034375 0.025 0.0114973
3 0.88125 0.55625 0.034375 0.040625 0.0450851
3 0.8875 0.546094 0.021875 0.0234375 0.0554611
1 0.616406 0.996094 0.0296875 0.0078125 0.122167
3 0.875 0.538281 0.034375 0.0296875 0.211635
0 0.653125 0.542188 0.0375 0.025 0.720389
3 0.889844 0.554688 0.0234375 0.021875 0.82198
2 0.864844 0.527344 0.0296875 0.0296875 0.892073
