2 0.909375 0.20625 0.025 0.0625 0.00108399
0 0.619531 0.883594 0.0359375 0.0296875 0.00139784
0 0.617188 0.8625 0.03125 0.025 0.00177408
0 0.613281 0.796875 0.0328125 0.025 0.00267914
0 0.616406 0.817969 0.0296875 0.0234375 0.00283848
0 0.616406 0.85 0.0328125 0.034375 0.00327696
0 0.617969 0.873438 0.0328125 0.025 0.0042105
3 0.464063 0.570312 0.028125 0.028125 0.041639
1 0.621875 0.996875 0.028125 0.00625 0.0876728
3 0.485156 0.578906 0.0328125 0.0328125 0.430263
0 0.614844 0.808594 0.0296875 0.0234375 0.728088
3 0.458594 0.560156 0.0234375 0.0234375 0.799348
2 0.485156 0.579687 0.0328125 0.03125 0.872649
