2 0.910937 0.213281 0.065625 0.132812 0.00101275
2 0.517187 0.003125 0.046875 0.00625 0.00110845
2 0.480469 0.003125 0.0453125 0.00625 0.00116181
2 0.510938 0.696094 0.05 0.0546875 0.00131508
2 0.322656 0.00234375 0.0421875 0.0046875 0.00153007
0 0.595312 0.772656 0.034375 0.0296875 0.00174875
2 0.885938 0.214062 0.059375 0.040625 0.00186494
0 0.607813 0.841406 0.034375 0.0296875 0.00200868
2 0.885938 0.219531 0.025 0.0734375 0.00244274
2 0.886719 0.239844 0.0703125 0.135937 0.00333154
0 0.603906 0.803125 0.0328125 0.0375 0.0042908
0 0.598437 0.753125 0.034375 0.028125 0.00431599
0 0.60625 0.829687 0.034375 0.028125 0.00474194
0 0.601562 0.780469 0.03125 0.0265625 0.0113813
3 0.496094 0.685156 0.0328125 0.0328125 0.0279577
3 0.489062 0.699219 0.034375 0.0296875 0.0456485
1 0.614062 0.996094 0.03125 0.0078125 0.0879287
0 0.6 0.764844 0.03125 0.0265625 0.721609
3 0.479688 0.701563 0.021875 0.021875 0.79227
2 0.497656 0.684375 0.0328125 0.03125 0.89027
