2 0.442969 0.003125 0.0484375 0.00625 0.00102348
2 0.515625 0.003125 0.046875 0.00625 0.00103664
0 0.624219 0.846094 0.0359375 0.0453125 0.00122648
2 0.764844 0.778906 0.0296875 0.0265625 0.00123776
0 0.621875 0.890625 0.034375 0.025 0.00125829
0 0.619531 0.928125 0.0328125 0.025 0.00131988
2 0.480469 0.003125 0.0453125 0.00625 0.00145209
0 0.616406 0.992188 0.0296875 0.015625 0.00145796
0 0.63125 0.792969 0.0375 0.0296875 0.00157742
0 0.628906 0.861719 0.0328125 0.0390625 0.00160683
0 0.621094 0.909375 0.0328125 0.025 0.00184491
1 0.616406 0.99375 0.0296875 0.0125 0.00435117
0 0.629687 0.819531 0.034375 0.0265625 0.00898855
1 0.614844 0.996875 0.0296875 0.00625 0.0440253
3 0.772656 0.789844 0.0359375 0.0328125 0.190285
0 0.630469 0.803906 0.0328125 0.0265625 0.711496
3 0.790625 0.817969 0.025 0.0234375 0.824525
2 0.772656 0.789062 0.0359375 0.034375 0.853885
