0 0.64375 0.766406 0.0375 0.0296875 0.00106292
2 0.480469 0.00234375 0.0453125 0.0046875 0.00106513
2 0.517187 0.00234375 0.046875 0.0046875 0.00113549
0 0.641406 0.822656 0.0328125 0.0359375 0.00204092
0 0.625 0.992969 0.028125 0.0140625 0.00204467
0 0.639844 0.801562 0.0359375 0.028125 0.00247556
0 0.632031 0.880469 0.0359375 0.0296875 0.00319368
0 0.632031 0.871094 0.0328125 0.0234375 0.00483928
0 0.633594 0.857031 0.0328125 0.0234375 0.0111138
0 0.633594 0.842969 0.0296875 0.0296875 0.0235403
0 0.642187 0.791406 0.034375 0.0234375 0.0270296
1 0.624219 0.996094 0.0296875 0.0078125 0.0438103
3 0.800781 0.779688 0.0359375 0.034375 0.139901
0 0.64375 0.78125 0.034375 0.025 0.739895
3 0.81875 0.809375 0.028125 0.025 0.822284
2 0.799219 0.778906 0.0359375 0.0328125 0.884277
