2 0.553906 0.00234375 0.0453125 0.0046875 0.00101784
1 0.514063 0.00234375 0.040625 0.0046875 0.00113405
2 0.480469 0.00234375 0.0453125 0.0046875 0.00114554
2 0.517969 0.00234375 0.0453125 0.0046875 0.00139612
2 0.465625 0.571875 0.040625 0.065625 0.00194758
0 0.609375 0.797656 0.034375 0.0265625 0.00257659
0 0.610937 0.817969 0.03125 0.0203125 0.00408888
1 0.619531 0.996875 0.0296875 0.00625 0.0379982
2 0.445312 0.572656 0.028125 0.0328125 0.0584935
3 0.460938 0.58125 0.034375 0.03125 0.430951
0 0.610156 0.808594 0.0328125 0.0234375 0.770698
3 0.433594 0.561719 0.0203125 0.0234375 0.797494
2 0.461719 0.58125 0.0328125 0.03125 0.882073
