2 0.221875 0.5625 0.021875 0.05625 0.00100886
2 0.889844 0.232031 0.0265625 0.0796875 0.00112642
2 0.879687 0.242969 0.084375 0.142188 0.00114544
3 0.888281 0.547656 0.0171875 0.0265625 0.00184564
3 0.84375 0.535156 0.025 0.0265625 0.00217696
1 0.604688 0.99375 0.03125 0.009375 0.00226467
0 0.622656 0.675781 0.0328125 0.0234375 0.00241114
0 0.628906 0.642969 0.0359375 0.0265625 0.00265806
3 0.894531 0.560938 0.0171875 0.021875 0.00270436
0 0.617969 0.761719 0.0296875 0.0265625 0.00322603
3 0.882031 0.560938 0.0203125 0.034375 0.0033627
0 0.621094 0.692969 0.0296875 0.0390625 0.00685397
0 0.617969 0.752344 0.0296875 0.0234375 0.0072097
0 0.626562 0.720312 0.03125 0.034375 0.00853209
0 0.61875 0.740625 0.03125 0.025 0.0141151
3 0.853906 0.547656 0.0265625 0.0328125 0.0453143
1 0.610156 0.996875 0.0296875 0.00625 0.121533
0 0.626562 0.657031 0.034375 0.0234375 0.736685
3 0.888281 0.557031 0.0140625 0.0296875 0.763405
2 0.853125 0.546875 0.028125 0.03125 0.866497
