0 0.615625 0.851562 0.034375 0.034375 0.00116685
0 0.617188 0.874219 0.034375 0.0234375 0.00127387
0 0.611719 0.797656 0.0328125 0.0265625 0.00426543
3 0.422656 0.582031 0.0265625 0.0421875 0.00507867
0 0.613281 0.81875 0.0296875 0.021875 0.00880321
3 0.434375 0.5875 0.021875 0.028125 0.0451609
1 0.621875 0.996875 0.028125 0.00625 0.105253
2 0.446875 0.590625 0.04375 0.034375 0.140735
3 0.457031 0.59375 0.0328125 0.034375 0.292244
0 0.6125 0.808594 0.03125 0.0234375 0.751491
3 0.429688 0.579687 0.021875 0.025 0.800673
2 0.457812 0.595312 0.03125 0.03125 0.854741
