3 0.844531 0.469531 0.0265625 0.0234375 0.00103011
0 0.650781 0.553125 0.0359375 0.025 0.00150689
0 0.633594 0.657031 0.0328125 0.0234375 0.00204023
3 0.85625 0.500781 0.03125 0.0421875 0.0024394
0 0.646094 0.56875 0.0359375 0.04375 0.00409617
2 0.8625 0.492188 0.034375 0.03125 0.00415856
0 0.644531 0.589844 0.0328125 0.0328125 0.00534453
0 0.639063 0.630469 0.034375 0.0296875 0.00553949
2 0.892187 0.210156 0.08125 0.0453125 0.00673359
0 0.641406 0.603125 0.0359375 0.025 0.00934408
0 0.635156 0.644531 0.0328125 0.0234375 0.00941648
3 0.869531 0.5 0.0328125 0.028125 0.0217283
1 0.617969 0.996875 0.0296875 0.00625 0.115315
3 0.853906 0.4875 0.0328125 0.03125 0.174558
0 0.650781 0.54375 0.0359375 0.025 0.740264
3 0.883594 0.509375 0.0234375 0.025 0.816572
2 0.853906 0.486719 0.0328125 0.0328125 0.874088
