2 0.478125 0.00234375 0.04375 0.0046875 0.00100216
2 0.842969 0.6 0.0265625 0.03125 0.0011231
0 0.617969 0.784375 0.0328125 0.046875 0.00130382
0 0.620313 0.757812 0.034375 0.028125 0.00131109
0 0.614062 0.83125 0.03125 0.021875 0.00190692
1 0.604688 0.994531 0.03125 0.0109375 0.00204162
0 0.621875 0.803906 0.0375 0.0453125 0.0032261
3 0.875 0.617188 0.034375 0.059375 0.00323997
0 0.614844 0.820312 0.0328125 0.025 0.00327183
0 0.621875 0.739844 0.03125 0.0328125 0.0183462
0 0.627344 0.710938 0.0390625 0.025 0.0246842
3 0.85 0.60625 0.025 0.034375 0.0834575
1 0.610156 0.996875 0.0296875 0.00625 0.140248
0 0.625781 0.71875 0.0359375 0.025 0.71671
3 0.886719 0.613281 0.0140625 0.0296875 0.739614
2 0.85 0.605469 0.025 0.0328125 0.868974
