2 0.479688 0.003125 0.046875 0.00625 0.00107936
0 0.598437 0.86875 0.03125 0.021875 0.00113686
3 0.375781 0.671875 0.0203125 0.0375 0.00227615
1 0.604688 0.994531 0.03125 0.0109375 0.00241332
0 0.588281 0.758594 0.0359375 0.0265625 0.00269868
0 0.596875 0.838281 0.034375 0.0265625 0.00470674
0 0.592969 0.817969 0.0328125 0.0484375 0.0050412
0 0.599219 0.85625 0.0328125 0.025 0.00928801
1 0.609375 0.996875 0.028125 0.00625 0.0763529
3 0.410156 0.666406 0.0328125 0.0328125 0.354767
0 0.589844 0.771875 0.0328125 0.025 0.765876
3 0.384375 0.678906 0.021875 0.0265625 0.78816
2 0.410937 0.667188 0.03125 0.03125 0.874626
