0 0.628906 0.810156 0.0328125 0.0609375 0.00128399
0 0.627344 0.848437 0.0328125 0.028125 0.00148718
0 0.628906 0.8375 0.0359375 0.03125 0.00191988
0 0.632812 0.785156 0.034375 0.0265625 0.00304823
0 0.635156 0.748438 0.0328125 0.025 0.0100468
0 0.633594 0.772656 0.0296875 0.0234375 0.0375654
1 0.619531 0.996094 0.0296875 0.0078125 0.0436988
3 0.666406 0.467969 0.0328125 0.0265625 0.453821
0 0.634375 0.759375 0.03125 0.025 0.718296
3 0.669531 0.433594 0.0296875 0.0140625 0.768226
2 0.666406 0.467969 0.0328125 0.0265625 0.866241
