2 0.864062 0.514844 0.028125 0.0265625 0.00109319
0 0.647656 0.603125 0.0328125 0.021875 0.00118829
0 0.639063 0.6375 0.034375 0.025 0.00135176
0 0.664844 0.535156 0.0390625 0.0203125 0.00375452
0 0.645312 0.6125 0.034375 0.028125 0.00564321
0 0.645312 0.592969 0.03125 0.0296875 0.0152255
0 0.650781 0.579687 0.0359375 0.028125 0.02441
3 0.88125 0.55625 0.034375 0.040625 0.0412566
0 0.65625 0.558594 0.0375 0.0234375 0.0449859
1 0.617969 0.996875 0.0296875 0.00625 0.0718388
3 0.889063 0.546094 0.021875 0.0203125 0.263379
3 0.871875 0.530469 0.0375 0.0296875 0.270452
0 0.657812 0.546875 0.0375 0.025 0.721227
3 0.891406 0.553125 0.0234375 0.021875 0.852089
2 0.865625 0.525 0.03125 0.028125 0.887202
