0 0.620313 0.938281 0.03125 0.0296875 0.00101233
2 0.517969 0.00234375 0.0453125 0.0046875 0.00103144
1 0.621875 0.99375 0.028125 0.0125 0.0012677
2 0.478125 0.00234375 0.04375 0.0046875 0.00133887
0 0.614062 0.81875 0.03125 0.021875 0.00247519
0 0.6125 0.796875 0.03125 0.025 0.00859946
1 0.621094 0.996875 0.0296875 0.00625 0.0599687
3 0.463281 0.567969 0.0265625 0.0265625 0.0764206
3 0.485938 0.580469 0.03125 0.0328125 0.423055
0 0.614844 0.807031 0.0296875 0.0234375 0.725443
3 0.458594 0.560156 0.0234375 0.0234375 0.796026
2 0.485156 0.580469 0.0328125 0.0328125 0.869849
