2 0.944531 0.920313 0.0609375 0.134375 0.00132872
0 0.575 0.570312 0.034375 0.025 0.00162906
0 0.58125 0.608594 0.034375 0.0265625 0.00230208
0 0.582812 0.617969 0.034375 0.0234375 0.00235361
1 0.616406 0.992969 0.0328125 0.0109375 0.00326321
0 0.578125 0.592969 0.034375 0.0328125 0.00404812
0 0.570312 0.540625 0.0375 0.028125 0.00518033
3 0.317187 0.394531 0.0125 0.0265625 0.0146253
0 0.574219 0.559375 0.0359375 0.021875 0.0426452
1 0.617188 0.996094 0.028125 0.0078125 0.139197
3 0.355469 0.395312 0.0234375 0.03125 0.418343
0 0.571094 0.550781 0.0359375 0.0265625 0.754703
3 0.321875 0.395312 0.0125 0.03125 0.776293
2 0.35625 0.395312 0.025 0.03125 0.879142
