0 0.625 0.719531 0.03125 0.0265625 0.00108174
0 0.623438 0.703906 0.0375 0.0359375 0.00112698
0 0.621094 0.784375 0.0296875 0.025 0.00118246
0 0.622656 0.748438 0.0390625 0.059375 0.00133605
0 0.628906 0.660156 0.0359375 0.0453125 0.00135905
0 0.632812 0.629687 0.0375 0.028125 0.0014756
0 0.623438 0.741406 0.03125 0.0265625 0.00234611
0 0.623438 0.757812 0.03125 0.028125 0.00270133
3 0.892187 0.519531 0.0125 0.0296875 0.00313155
0 0.627344 0.675 0.0359375 0.03125 0.00328512
2 0.884375 0.222656 0.075 0.110937 0.00369744
0 0.623438 0.76875 0.03125 0.059375 0.00461376
0 0.621094 0.770312 0.0296875 0.028125 0.0072621
2 0.884375 0.792969 0.05 0.0890625 0.00834433
2 0.875781 0.504687 0.0390625 0.0375 0.0496758
3 0.876562 0.504687 0.0375 0.040625 0.0577194
1 0.616406 0.996094 0.0296875 0.0078125 0.183679
3 0.857031 0.500781 0.0234375 0.0328125 0.243789
0 0.635938 0.611719 0.034375 0.0265625 0.717262
3 0.892187 0.508594 0.015625 0.0296875 0.72644
2 0.857813 0.5 0.025 0.03125 0.865381
