2 0.823438 0.783594 0.05 0.0984375 0.00113843
0 0.628125 0.635938 0.0375 0.03125 0.00119616
0 0.622656 0.703906 0.0328125 0.0640625 0.00163772
0 0.61875 0.751562 0.03125 0.025 0.00167171
0 0.621875 0.714063 0.03125 0.025 0.00170867
0 0.623438 0.726562 0.0375 0.05 0.00178473
0 0.626562 0.664844 0.034375 0.0296875 0.00194072
2 0.879687 0.21875 0.078125 0.1125 0.00216311
0 0.620313 0.740625 0.03125 0.025 0.00277611
0 0.623438 0.694531 0.03125 0.0265625 0.00350817
2 0.892187 0.792969 0.053125 0.0890625 0.00506258
0 0.625 0.678906 0.034375 0.0296875 0.00547274
0 0.635938 0.595312 0.0375 0.025 0.00565634
3 0.894531 0.507031 0.0171875 0.0265625 0.014966
0 0.632031 0.620313 0.0296875 0.025 0.0226093
1 0.610937 0.996875 0.03125 0.00625 0.0348871
3 0.857813 0.495313 0.025 0.03125 0.3955
0 0.633594 0.605469 0.0359375 0.0265625 0.735288
3 0.889844 0.503125 0.0140625 0.028125 0.787419
2 0.857813 0.495313 0.025 0.03125 0.870574
