2 0.223438 0.594531 0.021875 0.0609375 0.00102629
1 0.605469 0.99375 0.0296875 0.0125 0.00136349
2 0.889844 0.21875 0.104687 0.06875 0.00208082
3 0.75 0.446094 0.025 0.0296875 0.0021465
0 0.633594 0.780469 0.0328125 0.0234375 0.00412979
0 0.6375 0.754687 0.034375 0.028125 0.00463322
1 0.607031 0.996875 0.0296875 0.00625 0.0875806
3 0.735156 0.469531 0.0296875 0.0453125 0.182269
0 0.636719 0.765625 0.0328125 0.025 0.722009
3 0.742969 0.446094 0.0265625 0.0171875 0.782203
2 0.729688 0.477344 0.034375 0.0265625 0.86566
