2 0.517187 0.00234375 0.046875 0.0046875 0.00118121
0 0.599219 0.846875 0.0328125 0.025 0.00251924
0 0.597656 0.822656 0.0328125 0.0546875 0.00304505
1 0.603906 0.994531 0.0296875 0.0109375 0.0035809
3 0.403125 0.609375 0.028125 0.03125 0.00673308
0 0.597656 0.835938 0.0359375 0.025 0.00814337
0 0.592188 0.771094 0.03125 0.0234375 0.0266827
1 0.608594 0.996875 0.0296875 0.00625 0.0712686
3 0.382031 0.609375 0.0359375 0.028125 0.315682
0 0.589844 0.763281 0.0328125 0.0234375 0.776396
3 0.371875 0.608594 0.015625 0.0296875 0.829907
2 0.402344 0.609375 0.0265625 0.03125 0.886127
