2 0.892969 0.214062 0.0265625 0.05625 0.00102413
0 0.653906 0.526563 0.0390625 0.028125 0.00110577
3 0.841406 0.472656 0.0265625 0.0234375 0.00145685
0 0.635156 0.636719 0.0328125 0.0234375 0.00230966
0 0.64375 0.580469 0.034375 0.0546875 0.00388562
0 0.638281 0.620313 0.0328125 0.025 0.00528717
0 0.640625 0.596094 0.03125 0.0359375 0.0069519
0 0.640625 0.607031 0.0375 0.0265625 0.00847082
3 0.857813 0.5 0.03125 0.034375 0.0148291
0 0.649219 0.549219 0.0359375 0.0234375 0.0164327
2 0.860156 0.49375 0.0328125 0.03125 0.020861
2 0.899219 0.2125 0.0578125 0.034375 0.0278865
1 0.61875 0.996875 0.03125 0.00625 0.128175
3 0.850781 0.489062 0.0328125 0.03125 0.183873
0 0.651563 0.540625 0.0375 0.025 0.726784
3 0.88125 0.511719 0.025 0.0234375 0.833434
2 0.850781 0.488281 0.0328125 0.0328125 0.897671
