3 0.765625 0.867188 0.01875 0.01875 0.00102245
2 0.21875 0.6375 0.01875 0.05625 0.00108303
0 0.617969 0.621875 0.0390625 0.05625 0.00115854
0 0.614844 0.588281 0.0328125 0.0421875 0.00261549
0 0.614062 0.603125 0.034375 0.028125 0.00358908
0 0.617969 0.517969 0.0328125 0.0296875 0.00801484
3 0.700781 0.410937 0.0328125 0.034375 0.0189273
1 0.60625 0.996875 0.028125 0.00625 0.148781
3 0.689062 0.409375 0.034375 0.034375 0.446486
0 0.616406 0.528906 0.0296875 0.0265625 0.717121
3 0.70625 0.419531 0.025 0.0265625 0.772052
2 0.6875 0.408594 0.03125 0.0328125 0.845689
