1 0.604688 0.992969 0.034375 0.0109375 0.00105403
0 0.596875 0.817187 0.034375 0.025 0.00135071
0 0.596094 0.799219 0.0328125 0.0328125 0.00321426
2 0.53125 0.446875 0.034375 0.021875 0.00770088
0 0.594531 0.782031 0.0328125 0.0234375 0.0174539
0 0.591406 0.757812 0.0328125 0.025 0.020024
1 0.611719 0.996094 0.0296875 0.0078125 0.0741802
3 0.5375 0.470313 0.0375 0.028125 0.331175
0 0.59375 0.767187 0.03125 0.025 0.705797
3 0.528125 0.438281 0.03125 0.0109375 0.716248
2 0.5375 0.471094 0.0375 0.0234375 0.893408
