0 0.589844 0.588281 0.0359375 0.0296875 0.00159843
0 0.592188 0.614844 0.034375 0.0296875 0.00212052
0 0.591406 0.603906 0.0359375 0.0265625 0.00338257
0 0.582812 0.539844 0.034375 0.0265625 0.00455353
0 0.5875 0.571094 0.034375 0.0265625 0.0071395
3 0.364062 0.364062 0.025 0.03125 0.0242712
2 0.364062 0.363281 0.025 0.0328125 0.027132
0 0.585938 0.560156 0.034375 0.0234375 0.0619271
1 0.61875 0.996875 0.028125 0.00625 0.112533
3 0.385156 0.367969 0.0265625 0.0328125 0.427167
0 0.584375 0.550781 0.034375 0.0265625 0.74327
3 0.353906 0.360156 0.0171875 0.0296875 0.832787
2 0.385938 0.367969 0.025 0.0296875 0.88595
