2 0.532031 0.003125 0.0453125 0.00625 0.00101431
2 0.517187 0.003125 0.046875 0.00625 0.00107915
1 0.604688 0.995313 0.03125 0.009375 0.00145976
0 0.596094 0.820312 0.0359375 0.028125 0.00234072
0 0.599219 0.853906 0.0328125 0.0265625 0.00247654
0 0.596875 0.83125 0.034375 0.025 0.00442953
0 0.589063 0.771875 0.034375 0.021875 0.0248665
1 0.610156 0.996875 0.0296875 0.00625 0.0883273
3 0.419531 0.646875 0.0328125 0.034375 0.258391
3 0.392188 0.655469 0.01875 0.0296875 0.769953
0 0.5875 0.7625 0.034375 0.025 0.775135
2 0.420312 0.647656 0.03125 0.0328125 0.897682
