2 0.916406 0.721875 0.0421875 0.125 0.00100369
0 0.619531 0.65 0.0328125 0.028125 0.00121897
2 0.886719 0.702344 0.0578125 0.110937 0.00297589
0 0.621875 0.591406 0.03125 0.0265625 0.00324234
0 0.620313 0.629687 0.03125 0.025 0.00382054
0 0.625781 0.549219 0.0296875 0.0234375 0.00464659
0 0.621875 0.603906 0.03125 0.0328125 0.00567734
0 0.627344 0.528125 0.0328125 0.025 0.0117492
0 0.620313 0.616406 0.028125 0.0234375 0.0464218
1 0.614062 0.996875 0.028125 0.00625 0.129075
3 0.788281 0.41875 0.0265625 0.03125 0.201558
3 0.8 0.421094 0.028125 0.0328125 0.25208
0 0.626562 0.539062 0.03125 0.025 0.7427
3 0.816406 0.425781 0.0140625 0.0328125 0.747686
2 0.7875 0.417188 0.028125 0.03125 0.805604
