2 0.517187 0.003125 0.046875 0.00625 0.00102533
1 0.604688 0.995313 0.03125 0.009375 0.00114051
2 0.480469 0.00234375 0.0453125 0.0046875 0.00126867
0 0.613281 0.885938 0.0359375 0.028125 0.0015426
3 0.740625 0.747656 0.03125 0.0296875 0.00186119
0 0.616406 0.857813 0.0328125 0.025 0.00290974
0 0.614844 0.871094 0.0328125 0.0234375 0.00522111
0 0.616406 0.846875 0.0328125 0.03125 0.0062111
0 0.61875 0.81875 0.028125 0.025 0.0184579
0 0.621875 0.796094 0.03125 0.0265625 0.026824
1 0.610937 0.996875 0.028125 0.00625 0.0871182
3 0.727344 0.744531 0.0359375 0.0359375 0.131946
0 0.620313 0.808594 0.03125 0.0265625 0.713225
3 0.745313 0.766406 0.025 0.0234375 0.792112
2 0.725781 0.742969 0.0359375 0.0359375 0.884815
