0 0.626562 0.757812 0.034375 0.028125 0.00110124
2 0.49375 0.003125 0.04375 0.00625 0.00132895
2 0.479688 0.003125 0.046875 0.00625 0.00134338
0 0.621094 0.791406 0.0328125 0.0234375 0.00173519
0 0.619531 0.817969 0.0328125 0.0265625 0.00194258
0 0.615625 0.880469 0.034375 0.0234375 0.00239946
0 0.617188 0.835156 0.034375 0.0265625 0.00404101
0 0.615625 0.871875 0.03125 0.025 0.00519509
0 0.620313 0.803906 0.03125 0.0359375 0.00623631
0 0.617188 0.861719 0.03125 0.0296875 0.00705849
0 0.617188 0.85 0.028125 0.03125 0.0149557
1 0.610937 0.996875 0.03125 0.00625 0.0434716
3 0.770312 0.746875 0.034375 0.034375 0.0949774
2 0.785156 0.764063 0.0484375 0.0375 0.106272
3 0.777344 0.755469 0.0390625 0.0359375 0.308409
0 0.623438 0.772656 0.03125 0.0265625 0.725798
3 0.789844 0.773438 0.0265625 0.025 0.79069
2 0.76875 0.746875 0.0375 0.034375 0.818547
