0 0.591406 0.813281 0.0328125 0.0234375 0.00107809
2 0.517969 0.003125 0.0484375 0.00625 0.0011063
0 0.560156 0.759375 0.0515625 0.0375 0.00149078
0 0.589844 0.827344 0.0328125 0.0390625 0.00194574
0 0.5875 0.801562 0.034375 0.025 0.00628421
1 0.603906 0.994531 0.0296875 0.0078125 0.00744088
0 0.586719 0.792188 0.0359375 0.021875 0.0291592
1 0.609375 0.996875 0.028125 0.00625 0.10404
0 0.58125 0.767969 0.0375 0.0234375 0.109394
3 0.375 0.721094 0.034375 0.0296875 0.143732
3 0.388281 0.711719 0.0328125 0.0328125 0.428954
0 0.583594 0.777344 0.0359375 0.0265625 0.727631
3 0.361719 0.73125 0.0234375 0.025 0.824301
2 0.388281 0.710938 0.0328125 0.03125 0.895221
