3 0.528906 0.698438 0.0359375 0.05625 0.0010446
2 0.479688 0.003125 0.046875 0.00625 0.00107845
0 0.610156 0.847656 0.0359375 0.0296875 0.00224847
0 0.607031 0.809375 0.0328125 0.05 0.0024974
0 0.604688 0.780469 0.03125 0.0265625 0.00276317
0 0.608594 0.835156 0.0359375 0.0296875 0.00326609
1 0.616406 0.996875 0.0296875 0.00625 0.0854294
3 0.530469 0.675 0.0328125 0.034375 0.134909
3 0.522656 0.684375 0.0359375 0.0375 0.260282
0 0.603906 0.765625 0.0328125 0.025 0.730051
3 0.515625 0.692187 0.021875 0.021875 0.759215
2 0.530469 0.674219 0.0328125 0.0328125 0.901106
