0 0.635156 0.639844 0.0328125 0.0234375 0.00123291
3 0.84375 0.419531 0.025 0.0265625 0.00204909
0 0.639063 0.617188 0.034375 0.028125 0.00350327
0 0.642969 0.573438 0.0328125 0.04375 0.00484076
0 0.65 0.527344 0.0375 0.0265625 0.00495516
0 0.639063 0.592188 0.03125 0.034375 0.00649941
3 0.882812 0.446094 0.021875 0.0328125 0.00975406
0 0.639844 0.603125 0.0359375 0.025 0.0100818
0 0.646094 0.549219 0.0328125 0.0234375 0.0344738
1 0.621875 0.995313 0.028125 0.00625 0.110955
3 0.853125 0.433594 0.028125 0.0328125 0.171918
0 0.648438 0.540625 0.034375 0.025 0.726193
3 0.889844 0.446094 0.0203125 0.0265625 0.772592
2 0.853125 0.434375 0.028125 0.03125 0.879063
