3 0.779688 0.557813 0.01875 0.04375 0.00122086
3 0.780469 0.557031 0.0140625 0.0203125 0.00126692
3 0.489844 0.461719 0.0390625 0.0171875 0.00166523
0 0.585156 0.819531 0.0328125 0.0265625 0.00389371
0 0.582031 0.789062 0.0328125 0.025 0.00533961
3 0.503906 0.503125 0.0359375 0.021875 0.0127286
0 0.584375 0.810156 0.03125 0.0203125 0.0378186
1 0.603906 0.996875 0.0296875 0.00625 0.0642502
0 0.583594 0.802344 0.0328125 0.0234375 0.753514
3 0.490625 0.470313 0.03125 0.0125 0.80094
2 0.504687 0.504687 0.034375 0.021875 0.90601
