2 0.516406 0.003125 0.0453125 0.00625 0.00102729
2 0.3375 0.00234375 0.040625 0.0046875 0.00105841
2 0.323438 0.003125 0.040625 0.00625 0.00148284
0 0.610156 0.861719 0.0328125 0.0265625 0.0014971
0 0.60625 0.780469 0.03125 0.0265625 0.00236776
0 0.6 0.747656 0.0375 0.0359375 0.00328814
0 0.609375 0.825781 0.03125 0.0484375 0.00568648
0 0.610937 0.846875 0.03125 0.025 0.0194395
2 0.530469 0.683594 0.0328125 0.0296875 0.0434608
1 0.616406 0.996094 0.0296875 0.0078125 0.0982308
0 0.540625 0.671875 0.03125 0.034375 0.318901
3 0.539844 0.671875 0.0328125 0.03125 0.399732
0 0.60625 0.764063 0.03125 0.025 0.73396
3 0.528125 0.686719 0.021875 0.0203125 0.821936
2 0.542188 0.670313 0.03125 0.03125 0.873529
