2 0.442187 0.003125 0.046875 0.00625 0.00111233
1 0.605469 0.995313 0.0328125 0.009375 0.00113788
2 0.477344 0.00234375 0.0453125 0.0046875 0.00115298
0 0.6125 0.889063 0.0375 0.03125 0.0015707
0 0.614062 0.870313 0.034375 0.028125 0.0037465
0 0.614844 0.85625 0.0328125 0.028125 0.00415154
0 0.616406 0.839844 0.0328125 0.0296875 0.00947472
0 0.616406 0.81875 0.0296875 0.028125 0.05138
0 0.620313 0.794531 0.03125 0.0265625 0.0524008
1 0.610156 0.996875 0.0296875 0.00625 0.0803947
3 0.741406 0.757812 0.0328125 0.0375 0.129235
3 0.73125 0.750781 0.034375 0.0359375 0.385107
0 0.617969 0.809375 0.0328125 0.025 0.675092
3 0.75 0.774219 0.025 0.0234375 0.766142
2 0.730469 0.750781 0.0359375 0.0359375 0.804619
