0 0.625781 0.691406 0.0453125 0.0484375 0.00125483
0 0.629687 0.635938 0.0375 0.03125 0.00145887
0 0.626562 0.663281 0.034375 0.0296875 0.00150976
1 0.613281 0.992969 0.0328125 0.0109375 0.00153928
0 0.623438 0.714063 0.03125 0.025 0.00191943
2 0.884375 0.792188 0.0625 0.1125 0.00199339
0 0.623438 0.696875 0.03125 0.025 0.00232924
0 0.625781 0.677344 0.0359375 0.0296875 0.00282525
2 0.879687 0.221094 0.075 0.110937 0.00346221
0 0.635938 0.595312 0.0375 0.025 0.00713512
0 0.632812 0.620313 0.03125 0.025 0.0225056
3 0.894531 0.507031 0.0171875 0.0234375 0.0392861
1 0.6125 0.996875 0.03125 0.00625 0.065602
3 0.857813 0.494531 0.025 0.0328125 0.396715
0 0.634375 0.604688 0.034375 0.025 0.72675
3 0.889844 0.503125 0.0140625 0.028125 0.768987
2 0.857813 0.495313 0.025 0.03125 0.86355
