2 0.478906 0.003125 0.0453125 0.00625 0.00111677
0 0.614062 0.853125 0.03125 0.046875 0.00125675
0 0.614062 0.871875 0.034375 0.025 0.00130626
0 0.611719 0.907031 0.0328125 0.0265625 0.0014556
0 0.6125 0.896094 0.034375 0.0296875 0.00168013
0 0.617188 0.840625 0.034375 0.03125 0.00328007
3 0.747656 0.772656 0.0296875 0.0390625 0.00767992
0 0.621094 0.796094 0.0328125 0.0265625 0.0114948
1 0.610156 0.996875 0.0296875 0.00625 0.0596927
3 0.739844 0.753906 0.0359375 0.0359375 0.46472
0 0.619531 0.810156 0.0328125 0.0265625 0.72772
3 0.759375 0.777344 0.025 0.0234375 0.840173
2 0.7375 0.753906 0.0375 0.0359375 0.881345
