2 0.402344 0.00234375 0.0453125 0.0046875 0.00100069
2 0.338281 0.00234375 0.0390625 0.0046875 0.00100596
2 0.440625 0.00234375 0.046875 0.0046875 0.00101195
2 0.478906 0.00234375 0.0453125 0.0046875 0.00113895
2 0.322656 0.003125 0.0390625 0.00625 0.00147867
0 0.603906 0.835156 0.0359375 0.0265625 0.00158119
0 0.599219 0.796875 0.0359375 0.028125 0.00955538
0 0.602344 0.817969 0.0328125 0.0234375 0.019341
1 0.615625 0.996094 0.028125 0.0078125 0.0581183
3 0.394531 0.626562 0.0234375 0.03125 0.421283
0 0.600781 0.807813 0.0328125 0.025 0.755543
3 0.363281 0.621094 0.0140625 0.0296875 0.784254
2 0.396094 0.626562 0.0234375 0.03125 0.876414
