2 0.515625 0.00234375 0.046875 0.0046875 0.00124203
0 0.635156 0.7875 0.0359375 0.028125 0.00127443
1 0.496094 0.00234375 0.0421875 0.0046875 0.00129381
0 0.617188 0.989062 0.028125 0.01875 0.0013644
0 0.619531 0.921875 0.0328125 0.03125 0.00141341
2 0.495313 0.00234375 0.040625 0.0046875 0.00143629
2 0.479688 0.00234375 0.04375 0.0046875 0.00152007
0 0.627344 0.850781 0.0328125 0.0296875 0.00422009
1 0.617969 0.990625 0.0296875 0.0125 0.00436644
0 0.628125 0.869531 0.028125 0.0359375 0.00467703
0 0.621875 0.90625 0.03125 0.025 0.00497729
0 0.623438 0.89375 0.03125 0.025 0.00797661
0 0.63125 0.821875 0.034375 0.028125 0.0161266
1 0.617188 0.996875 0.028125 0.00625 0.0554565
3 0.79375 0.796094 0.040625 0.0359375 0.267811
0 0.633594 0.803125 0.0328125 0.028125 0.68559
2 0.788281 0.7875 0.0359375 0.034375 0.792444
3 0.809375 0.817187 0.028125 0.025 0.824834
