2 0.323438 0.003125 0.040625 0.00625 0.00111164
2 0.478125 0.00234375 0.046875 0.0046875 0.00118126
0 0.600781 0.864062 0.0328125 0.025 0.00164756
0 0.6 0.839844 0.0375 0.0265625 0.00203624
0 0.588281 0.758594 0.0359375 0.0265625 0.00302704
0 0.595312 0.825 0.034375 0.05 0.00601085
0 0.599219 0.85 0.0328125 0.025 0.00708549
3 0.417188 0.710156 0.028125 0.0296875 0.015148
0 0.591406 0.779688 0.0328125 0.021875 0.0179203
1 0.610937 0.996875 0.028125 0.00625 0.0632144
3 0.435156 0.699219 0.0359375 0.0328125 0.292849
0 0.590625 0.770312 0.034375 0.025 0.754315
3 0.4125 0.717188 0.021875 0.025 0.848801
2 0.436719 0.699219 0.0328125 0.0328125 0.889748
