2 0.883594 0.136719 0.0359375 0.0390625 0.00105741
2 0.480469 0.00234375 0.0453125 0.0046875 0.00108611
3 0.414844 0.576563 0.0265625 0.034375 0.00116146
2 0.517187 0.00234375 0.046875 0.0046875 0.00119865
0 0.607031 0.877344 0.0359375 0.0265625 0.00144472
0 0.599219 0.792188 0.0359375 0.028125 0.00207459
0 0.602344 0.81875 0.0328125 0.025 0.00279562
0 0.604688 0.846094 0.034375 0.0328125 0.00292361
0 0.60625 0.865625 0.034375 0.028125 0.00603398
1 0.614062 0.996875 0.028125 0.00625 0.136862
3 0.438281 0.596094 0.0328125 0.0359375 0.260364
0 0.600781 0.803906 0.0328125 0.0265625 0.727418
3 0.409375 0.582031 0.021875 0.0265625 0.813536
2 0.4375 0.596094 0.03125 0.0328125 0.862792
