0 0.600781 0.76875 0.0328125 0.03125 0.00122766
3 0.558594 0.189844 0.0359375 0.0109375 0.00229019
0 0.583594 0.586719 0.0328125 0.0234375 0.00303252
0 0.596875 0.755469 0.03125 0.0234375 0.00314285
3 0.558594 0.200781 0.0359375 0.0140625 0.00333745
0 0.579687 0.523438 0.03125 0.025 0.00367414
0 0.582031 0.550781 0.0296875 0.0265625 0.00654839
1 0.616406 0.996875 0.0296875 0.00625 0.0572281
3 0.552344 0.230469 0.0328125 0.0234375 0.329526
0 0.580469 0.534375 0.0296875 0.021875 0.715121
3 0.551562 0.192969 0.03125 0.0109375 0.780155
2 0.552344 0.229687 0.0328125 0.01875 0.854906
