2 0.480469 0.003125 0.0453125 0.00625 0.001051
0 0.592969 0.783594 0.0328125 0.0296875 0.00264777
0 0.599219 0.86875 0.0296875 0.025 0.003608
0 0.596875 0.819531 0.034375 0.0265625 0.00400786
3 0.529688 0.721875 0.025 0.021875 0.0169481
0 0.596875 0.835156 0.034375 0.0265625 0.0178885
0 0.598437 0.858594 0.03125 0.0265625 0.023209
0 0.538281 0.699219 0.0359375 0.0421875 0.0936006
1 0.607031 0.996094 0.0296875 0.0078125 0.137548
3 0.536719 0.70625 0.0328125 0.03125 0.372196
3 0.532812 0.714063 0.028125 0.021875 0.631297
2 0.540625 0.69375 0.0375 0.040625 0.645029
0 0.591406 0.763281 0.0328125 0.0265625 0.699122
