3 0.602344 0.711719 0.0296875 0.0296875 0.0010526
0 0.603125 0.788281 0.034375 0.0265625 0.00156712
2 0.604688 0.695312 0.034375 0.034375 0.00323561
0 0.602344 0.83125 0.0328125 0.03125 0.00494573
3 0.60625 0.672656 0.034375 0.0171875 0.00814181
0 0.604688 0.853906 0.03125 0.0265625 0.00859738
0 0.601562 0.814062 0.028125 0.028125 0.0242507
1 0.607813 0.996875 0.028125 0.00625 0.106367
3 0.616406 0.710156 0.0359375 0.0359375 0.346995
3 0.609375 0.697656 0.0375 0.0390625 0.375574
0 0.603125 0.801562 0.03125 0.028125 0.592709
3 0.617188 0.719531 0.028125 0.0265625 0.63746
2 0.610937 0.705469 0.0375 0.0359375 0.723583
3 0.607031 0.682031 0.0328125 0.0265625 0.796644
