3 0.355469 0.607031 0.0109375 0.0234375 0.00111314
0 0.588281 0.749219 0.0390625 0.0265625 0.00133461
0 0.59375 0.794531 0.034375 0.0296875 0.00199136
1 0.604688 0.99375 0.03125 0.009375 0.00339668
0 0.596094 0.819531 0.0328125 0.0265625 0.0059632
0 0.596875 0.828125 0.034375 0.025 0.00715701
0 0.591406 0.772656 0.0328125 0.0234375 0.0235742
1 0.609375 0.996875 0.028125 0.00625 0.113771
3 0.396875 0.609375 0.025 0.03125 0.398219
3 0.364062 0.608594 0.015625 0.0265625 0.787455
0 0.589063 0.760938 0.034375 0.025 0.793482
2 0.396875 0.609375 0.025 0.028125 0.88411
