2 0.478906 0.003125 0.0453125 0.00625 0.00102902
0 0.607031 0.747656 0.0328125 0.0265625 0.00187767
1 0.607031 0.989844 0.0328125 0.0140625 0.00253682
3 0.664062 0.64375 0.021875 0.025 0.00280166
0 0.605469 0.853125 0.0328125 0.025 0.00304288
0 0.601562 0.796875 0.03125 0.025 0.00336995
0 0.604688 0.839063 0.034375 0.028125 0.00360867
0 0.603906 0.735937 0.0328125 0.028125 0.00375228
0 0.604688 0.809375 0.03125 0.05 0.00385226
3 0.657031 0.633594 0.0296875 0.0265625 0.00399441
0 0.602344 0.778906 0.0328125 0.0296875 0.00808157
1 0.607813 0.995313 0.028125 0.00625 0.260313
3 0.644531 0.634375 0.0328125 0.034375 0.464245
0 0.602344 0.75625 0.0296875 0.025 0.705733
3 0.655469 0.642969 0.0234375 0.0265625 0.767701
2 0.64375 0.632031 0.03125 0.0328125 0.773408
