0 0.594531 0.630469 0.0328125 0.0234375 0.00107243
0 0.59375 0.632031 0.040625 0.0453125 0.0011244
2 0.913281 0.204688 0.0265625 0.065625 0.00145265
3 0.354688 0.355469 0.015625 0.0265625 0.00207781
0 0.583594 0.5375 0.0359375 0.025 0.00301101
0 0.596094 0.646094 0.0328125 0.0234375 0.00336179
3 0.3625 0.350781 0.021875 0.0296875 0.00710086
0 0.585938 0.560156 0.034375 0.0265625 0.010471
3 0.345313 0.348437 0.01875 0.04375 0.0143534
1 0.619531 0.996875 0.0296875 0.00625 0.0265241
3 0.385156 0.357812 0.0265625 0.034375 0.361039
0 0.584375 0.547656 0.034375 0.0234375 0.782896
3 0.352344 0.347656 0.0140625 0.0296875 0.797408
2 0.385938 0.357812 0.025 0.03125 0.885061
