0 0.588281 0.611719 0.0421875 0.0453125 0.00103303
0 0.583594 0.535937 0.0453125 0.03125 0.0010553
3 0.142969 0.090625 0.0328125 0.08125 0.00114894
2 0.891406 0.207031 0.0578125 0.0484375 0.00133858
1 0.622656 0.99375 0.0328125 0.0125 0.0013978
2 0.890625 0.207813 0.028125 0.08125 0.00230981
2 0.889063 0.230469 0.075 0.135937 0.002354
3 0.342969 0.392969 0.0140625 0.0234375 0.00360145
2 0.910156 0.205469 0.0234375 0.0453125 0.00456269
0 0.582812 0.570312 0.034375 0.025 0.00531747
2 0.357031 0.404687 0.0203125 0.03125 0.00813631
3 0.357031 0.404687 0.0203125 0.03125 0.0117147
0 0.58125 0.559375 0.034375 0.021875 0.0468602
1 0.619531 0.996875 0.0296875 0.00625 0.0510658
3 0.345313 0.400781 0.015625 0.0296875 0.719378
0 0.579687 0.55 0.034375 0.025 0.762082
2 0.377344 0.400781 0.0234375 0.0296875 0.864291
