3 0.34375 0.740625 0.03125 0.05625 0.00102713
2 0.392188 0.714844 0.034375 0.0421875 0.00113014
0 0.596094 0.869531 0.0328125 0.0234375 0.00131649
0 0.596094 0.859375 0.0328125 0.021875 0.00155881
0 0.572656 0.767187 0.0421875 0.028125 0.00313321
0 0.586719 0.800781 0.0359375 0.0359375 0.00411382
1 0.609375 0.996875 0.028125 0.00625 0.108805
2 0.371875 0.720312 0.046875 0.040625 0.175091
3 0.371094 0.720312 0.0453125 0.040625 0.192375
0 0.580469 0.775 0.0359375 0.025 0.754222
3 0.354688 0.732813 0.021875 0.025 0.772004
2 0.38125 0.714063 0.03125 0.03125 0.892014
