3 0.765625 0.992188 0.0375 0.015625 0.00122846
3 0.763281 0.995313 0.0203125 0.009375 0.0023403
0 0.60625 0.620313 0.03125 0.0375 0.00234555
0 0.60625 0.552344 0.03125 0.0296875 0.00375546
2 0.745313 0.403125 0.028125 0.03125 0.00484971
0 0.60625 0.583594 0.03125 0.0453125 0.00578572
0 0.609375 0.517969 0.03125 0.0265625 0.00745782
0 0.607031 0.607813 0.0296875 0.028125 0.00998471
0 0.607031 0.596875 0.0328125 0.028125 0.0220423
0 0.607813 0.541406 0.03125 0.0234375 0.0366437
1 0.609375 0.996875 0.028125 0.00625 0.132902
3 0.730469 0.404687 0.0296875 0.034375 0.252337
0 0.608594 0.53125 0.0296875 0.025 0.722428
3 0.754687 0.410156 0.01875 0.0296875 0.800778
2 0.728906 0.403906 0.0296875 0.0328125 0.843548
