2 0.479688 0.003125 0.046875 0.00625 0.00101402
2 0.440625 0.003125 0.046875 0.00625 0.00102578
2 0.403125 0.003125 0.046875 0.00625 0.00103135
2 0.321875 0.00234375 0.040625 0.0046875 0.00112888
2 0.517969 0.003125 0.0484375 0.00625 0.00119211
3 0.422656 0.720312 0.0359375 0.05625 0.00207009
0 0.600781 0.85 0.0328125 0.025 0.00485596
0 0.596094 0.819531 0.0328125 0.0484375 0.0071132
0 0.599219 0.836719 0.0359375 0.0265625 0.00927167
0 0.59375 0.780469 0.03125 0.0234375 0.0113687
0 0.590625 0.758594 0.034375 0.0265625 0.0267468
1 0.610937 0.996875 0.028125 0.00625 0.0643314
3 0.448438 0.697656 0.034375 0.0328125 0.285692
0 0.592188 0.76875 0.034375 0.025 0.761808
3 0.428906 0.713281 0.0234375 0.0234375 0.800638
2 0.449219 0.697656 0.0328125 0.0328125 0.884951
