0 0.616406 0.827344 0.0328125 0.0234375 0.00102909
0 0.617969 0.800781 0.0328125 0.0265625 0.00129473
2 0.478906 0.003125 0.0453125 0.00625 0.0013131
3 0.878906 0.6375 0.0203125 0.0375 0.00223531
0 0.628125 0.776563 0.0375 0.0375 0.00258316
2 0.844531 0.610937 0.0265625 0.025 0.00340554
0 0.621094 0.767187 0.0296875 0.0375 0.00353934
0 0.616406 0.816406 0.0328125 0.0234375 0.00404469
3 0.84375 0.610156 0.025 0.0265625 0.00418963
1 0.604688 0.99375 0.03125 0.009375 0.00680428
3 0.88125 0.621875 0.015625 0.03125 0.0130953
0 0.627344 0.725 0.0359375 0.025 0.0218577
0 0.63125 0.715625 0.040625 0.025 0.024261
3 0.851562 0.619531 0.025 0.0296875 0.0903193
1 0.610937 0.996094 0.028125 0.0078125 0.261815
3 0.886719 0.629687 0.0140625 0.03125 0.752828
0 0.625 0.735156 0.034375 0.0265625 0.754648
2 0.851562 0.619531 0.025 0.0328125 0.873169
