3 0.3625 0.740625 0.021875 0.025 0.00101481
2 0.442969 0.00234375 0.0453125 0.0046875 0.00108103
2 0.322656 0.00234375 0.0390625 0.0046875 0.00117602
0 0.592969 0.844531 0.0359375 0.0453125 0.0011944
0 0.583594 0.7875 0.0359375 0.021875 0.00136888
2 0.478125 0.00234375 0.04375 0.0046875 0.00144092
0 0.596094 0.869531 0.0328125 0.0234375 0.00146224
0 0.595312 0.858594 0.03125 0.0234375 0.00178026
1 0.604688 0.995313 0.03125 0.009375 0.00326032
0 0.567969 0.764063 0.0453125 0.028125 0.0033423
0 0.586719 0.799219 0.0359375 0.0359375 0.00509832
1 0.609375 0.996875 0.028125 0.00625 0.0762027
3 0.392188 0.714063 0.034375 0.03125 0.457272
0 0.58125 0.773438 0.0375 0.025 0.777313
3 0.367188 0.734375 0.021875 0.025 0.805817
2 0.391406 0.714063 0.0328125 0.03125 0.912611
