1 0.604688 0.994531 0.03125 0.0109375 0.00103264
0 0.588281 0.803125 0.0328125 0.04375 0.00111136
3 0.498437 0.439063 0.040625 0.028125 0.0013886
2 0.221875 0.560938 0.021875 0.053125 0.001907
3 0.503125 0.432031 0.03125 0.0109375 0.00201655
0 0.583594 0.759375 0.0328125 0.025 0.00221302
0 0.585156 0.779688 0.0328125 0.021875 0.0161982
1 0.610156 0.996875 0.0296875 0.00625 0.0587641
3 0.510156 0.439844 0.0328125 0.0203125 0.108177
3 0.513281 0.471875 0.0359375 0.025 0.438219
3 0.503125 0.4375 0.03125 0.0125 0.739175
0 0.584375 0.770312 0.03125 0.021875 0.763048
2 0.513281 0.471094 0.0359375 0.0234375 0.901156
