2 0.553125 0.003125 0.046875 0.00625 0.00109857
2 0.479688 0.003125 0.046875 0.00625 0.00111663
2 0.517969 0.003125 0.0484375 0.00625 0.0011336
0 0.603906 0.850781 0.0328125 0.0265625 0.00191137
0 0.599219 0.810938 0.0328125 0.046875 0.00221603
0 0.602344 0.836719 0.0359375 0.0265625 0.00245775
0 0.592969 0.758594 0.0359375 0.0265625 0.00486242
0 0.598437 0.779688 0.03125 0.025 0.00769517
1 0.613281 0.996875 0.0296875 0.00625 0.0545886
3 0.455469 0.703125 0.0390625 0.03125 0.111784
2 0.458594 0.700781 0.0359375 0.0296875 0.140386
3 0.463281 0.695312 0.0390625 0.034375 0.317811
0 0.596094 0.769531 0.0328125 0.0265625 0.757535
3 0.446094 0.710156 0.0234375 0.0234375 0.783298
2 0.465625 0.692969 0.034375 0.0328125 0.904904
