0 0.610937 0.848437 0.0375 0.028125 0.00110231
0 0.607813 0.807813 0.03125 0.053125 0.00111685
2 0.441406 0.00234375 0.0453125 0.0046875 0.0011244
2 0.516406 0.00234375 0.0453125 0.0046875 0.00122113
2 0.321875 0.00234375 0.040625 0.0046875 0.00130556
0 0.610156 0.833594 0.0359375 0.0296875 0.00135734
2 0.478906 0.00234375 0.0453125 0.0046875 0.00136361
0 0.607031 0.780469 0.0328125 0.0265625 0.00147479
0 0.599219 0.747656 0.0390625 0.0453125 0.0016415
1 0.616406 0.996094 0.0296875 0.0078125 0.153946
0 0.547656 0.664062 0.0328125 0.034375 0.313555
3 0.546875 0.663281 0.034375 0.0328125 0.433267
0 0.60625 0.764063 0.03125 0.025 0.741075
3 0.536719 0.676562 0.0234375 0.021875 0.811453
2 0.548437 0.661719 0.03125 0.0328125 0.833676
