2 0.516406 0.003125 0.0484375 0.00625 0.00102628
2 0.442187 0.00234375 0.046875 0.0046875 0.00105311
2 0.479688 0.003125 0.046875 0.00625 0.00128693
0 0.560938 0.763281 0.05 0.0328125 0.00155671
2 0.396094 0.70625 0.0296875 0.0375 0.00176978
1 0.604688 0.994531 0.03125 0.0109375 0.00246288
0 0.592969 0.847656 0.0328125 0.0390625 0.00417992
0 0.595312 0.8625 0.03125 0.021875 0.00428066
0 0.596094 0.870313 0.0328125 0.021875 0.00661639
0 0.585156 0.795313 0.0359375 0.03125 0.00759545
3 0.367969 0.728906 0.0234375 0.0328125 0.0411406
1 0.609375 0.996875 0.028125 0.00625 0.0560515
3 0.389844 0.716406 0.0328125 0.0328125 0.45883
0 0.580469 0.776563 0.0359375 0.025 0.781361
3 0.363281 0.736719 0.0234375 0.0234375 0.807919
2 0.389062 0.716406 0.034375 0.0328125 0.885895
