2 0.517187 0.00234375 0.046875 0.0046875 0.00105036
1 0.494531 0.00234375 0.0421875 0.0046875 0.00106624
2 0.494531 0.00234375 0.0421875 0.0046875 0.00115366
2 0.478906 0.00234375 0.0453125 0.0046875 0.0014155
0 0.575 0.785156 0.04375 0.0421875 0.00177649
0 0.6 0.876562 0.03125 0.025 0.00195764
0 0.566406 0.7625 0.0453125 0.028125 0.00256436
0 0.594531 0.846875 0.0328125 0.040625 0.00334814
1 0.604688 0.995313 0.03125 0.009375 0.00351464
0 0.588281 0.808594 0.0359375 0.0421875 0.00531836
0 0.596094 0.863281 0.0328125 0.0234375 0.00722237
1 0.609375 0.996875 0.028125 0.00625 0.0961631
3 0.385156 0.722656 0.0296875 0.0359375 0.139012
3 0.397656 0.711719 0.0359375 0.0328125 0.426804
0 0.582031 0.773438 0.0359375 0.025 0.769223
3 0.374219 0.73125 0.0234375 0.025 0.810635
2 0.397656 0.710938 0.0328125 0.03125 0.887754
