0 0.567969 0.765625 0.0484375 0.040625 0.00103993
3 0.34375 0.740625 0.03125 0.053125 0.00134489
0 0.597656 0.864844 0.0359375 0.0328125 0.00151357
0 0.582031 0.785156 0.0359375 0.0203125 0.0016582
0 0.590625 0.846094 0.034375 0.0421875 0.00192266
3 0.371094 0.730469 0.0265625 0.0328125 0.00250465
0 0.582031 0.767969 0.0390625 0.0265625 0.00318055
0 0.596094 0.875 0.0328125 0.021875 0.0037066
0 0.583594 0.794531 0.0359375 0.0296875 0.00479032
1 0.607031 0.996094 0.0296875 0.0078125 0.126387
3 0.373437 0.720312 0.0375 0.0375 0.300676
0 0.580469 0.777344 0.0359375 0.0234375 0.784211
3 0.353906 0.734375 0.0234375 0.025 0.799963
2 0.378906 0.715625 0.0328125 0.03125 0.876952
