2 0.221875 0.482031 0.025 0.0578125 0.00108878
2 0.517969 0.46875 0.0359375 0.028125 0.00110315
1 0.602344 0.994531 0.0296875 0.0109375 0.00140874
0 0.586719 0.782812 0.0328125 0.028125 0.00172535
0 0.583594 0.749219 0.0328125 0.0234375 0.00523457
2 0.521094 0.442969 0.0328125 0.0234375 0.0119425
0 0.585938 0.772656 0.03125 0.0203125 0.016512
1 0.603906 0.996875 0.0296875 0.00625 0.0662033
3 0.525 0.4625 0.034375 0.021875 0.450588
0 0.584375 0.760156 0.03125 0.0234375 0.723318
3 0.513281 0.427344 0.0296875 0.0109375 0.783552
2 0.524219 0.461719 0.0359375 0.0234375 0.85733
