2 0.478125 0.00234375 0.046875 0.0046875 0.00105647
2 0.323438 0.00234375 0.040625 0.0046875 0.00154939
0 0.600781 0.864062 0.0328125 0.025 0.00210982
0 0.586719 0.758594 0.0359375 0.0265625 0.0055317
0 0.595312 0.828906 0.034375 0.0515625 0.00595951
0 0.597656 0.839844 0.0359375 0.0265625 0.00689489
3 0.415625 0.710156 0.03125 0.0296875 0.00852185
0 0.590625 0.779688 0.034375 0.021875 0.00923754
0 0.599219 0.85 0.0328125 0.025 0.010124
1 0.610156 0.996875 0.0296875 0.00625 0.0400629
3 0.430469 0.700781 0.0359375 0.0328125 0.321101
0 0.589063 0.76875 0.034375 0.025 0.760571
3 0.407031 0.719531 0.0234375 0.0234375 0.831332
2 0.43125 0.7 0.03125 0.034375 0.898232
