2 0.48125 0.003125 0.046875 0.00625 0.00101201
3 0.383594 0.748438 0.0421875 0.04375 0.00118577
2 0.517187 0.003125 0.046875 0.00625 0.00126165
0 0.600781 0.877344 0.0328125 0.0265625 0.00249689
0 0.561719 0.759375 0.0421875 0.028125 0.00275508
0 0.595312 0.846094 0.03125 0.0390625 0.00478206
0 0.588281 0.804688 0.0359375 0.040625 0.00681335
3 0.382031 0.719531 0.0234375 0.0296875 0.00807213
0 0.596094 0.863281 0.0328125 0.0234375 0.0109705
1 0.609375 0.996875 0.028125 0.00625 0.0413508
3 0.384375 0.728125 0.028125 0.028125 0.142251
3 0.400781 0.709375 0.0359375 0.034375 0.410687
0 0.583594 0.773438 0.0359375 0.025 0.758933
3 0.375781 0.728906 0.0234375 0.0265625 0.826893
2 0.401563 0.709375 0.034375 0.034375 0.832702
