2 0.478906 0.003125 0.0453125 0.00625 0.00100239
2 0.401563 0.00234375 0.04375 0.0046875 0.00101001
0 0.575781 0.785156 0.0453125 0.0421875 0.00136111
0 0.561719 0.760156 0.0484375 0.0328125 0.00157075
3 0.364844 0.735937 0.0328125 0.025 0.00179395
0 0.59375 0.846875 0.034375 0.04375 0.00200353
0 0.596094 0.860156 0.0328125 0.0234375 0.00370421
0 0.5875 0.801562 0.034375 0.0375 0.00591813
1 0.604688 0.99375 0.03125 0.009375 0.00618157
1 0.609375 0.996875 0.028125 0.00625 0.0863277
3 0.394531 0.713281 0.0359375 0.0328125 0.442221
0 0.582031 0.775 0.0359375 0.025 0.774402
3 0.371875 0.73125 0.021875 0.025 0.808259
2 0.394531 0.7125 0.0328125 0.03125 0.900024
