2 0.478906 0.003125 0.0484375 0.00625 0.00106237
0 0.592969 0.699219 0.0453125 0.0578125 0.00167268
0 0.604688 0.846875 0.034375 0.028125 0.0017335
2 0.482812 0.701563 0.04375 0.0375 0.00196018
0 0.602344 0.817187 0.0328125 0.028125 0.003496
3 0.464844 0.698438 0.0265625 0.03125 0.00397699
0 0.603906 0.834375 0.0359375 0.028125 0.00489874
0 0.600781 0.803906 0.0328125 0.0421875 0.00597241
0 0.594531 0.75625 0.0359375 0.028125 0.0214257
0 0.599219 0.780469 0.0296875 0.0265625 0.0282926
1 0.614062 0.996875 0.028125 0.00625 0.0954492
3 0.477344 0.690625 0.0359375 0.034375 0.380777
0 0.597656 0.767969 0.0328125 0.0265625 0.74101
3 0.457812 0.710156 0.021875 0.0234375 0.77403
2 0.478125 0.689844 0.034375 0.0328125 0.837618
