1 0.604688 0.99375 0.03125 0.009375 0.00147121
0 0.622656 0.549219 0.0296875 0.0234375 0.00221743
0 0.61875 0.591406 0.034375 0.0265625 0.00378479
0 0.617969 0.615625 0.0328125 0.028125 0.00444689
2 0.889063 0.707031 0.046875 0.0859375 0.00825489
0 0.617969 0.603906 0.0328125 0.0265625 0.0123641
1 0.610937 0.996875 0.028125 0.00625 0.0966689
3 0.777344 0.414062 0.0296875 0.034375 0.412111
3 0.805469 0.424219 0.0234375 0.0296875 0.710732
0 0.623438 0.535937 0.03125 0.025 0.758706
2 0.777344 0.414062 0.0296875 0.034375 0.855917
