0 0.610156 0.525 0.0328125 0.028125 0.00124805
3 0.682031 0.255469 0.0296875 0.0234375 0.00617431
0 0.608594 0.597656 0.0328125 0.0265625 0.00987621
0 0.608594 0.580469 0.0328125 0.0265625 0.0119133
0 0.609375 0.564062 0.03125 0.025 0.0189766
0 0.609375 0.536719 0.03125 0.0234375 0.0228818
1 0.621094 0.996875 0.0265625 0.00625 0.0878549
3 0.677344 0.278125 0.0328125 0.03125 0.454663
0 0.610156 0.546094 0.0296875 0.0234375 0.732634
3 0.690625 0.251563 0.025 0.01875 0.79798
2 0.676562 0.278906 0.03125 0.0296875 0.893003
