2 0.497656 0.00234375 0.0421875 0.0046875 0.00104534
2 0.516406 0.003125 0.0453125 0.00625 0.00122232
2 0.482031 0.00234375 0.0453125 0.0046875 0.00126773
0 0.607031 0.84375 0.0359375 0.028125 0.00141763
0 0.603906 0.807031 0.0328125 0.0453125 0.00291515
0 0.607031 0.832031 0.0359375 0.0296875 0.00425067
0 0.602344 0.779688 0.0296875 0.025 0.0064506
2 0.496094 0.691406 0.0296875 0.0296875 0.0193048
1 0.615625 0.996875 0.028125 0.00625 0.06151
3 0.494531 0.692969 0.0296875 0.0296875 0.228574
3 0.505469 0.682031 0.0328125 0.0328125 0.407911
0 0.601562 0.76875 0.03125 0.025 0.74449
3 0.489844 0.699219 0.0203125 0.0203125 0.792101
2 0.505469 0.68125 0.0328125 0.03125 0.862769
