2 0.321875 0.00234375 0.040625 0.0046875 0.00100658
2 0.516406 0.003125 0.0484375 0.00625 0.00104078
0 0.602344 0.850781 0.0328125 0.0265625 0.00340884
0 0.600781 0.836719 0.0359375 0.0265625 0.00345651
0 0.597656 0.811719 0.0328125 0.0453125 0.00378831
0 0.592188 0.758594 0.034375 0.0265625 0.00777103
0 0.595312 0.780469 0.03125 0.0234375 0.0112562
1 0.6125 0.996875 0.028125 0.00625 0.0872393
3 0.457031 0.695312 0.0359375 0.034375 0.319398
0 0.594531 0.770312 0.0328125 0.025 0.756922
3 0.435937 0.7125 0.021875 0.025 0.800073
2 0.457812 0.694531 0.034375 0.0328125 0.875971
