0 0.615625 0.610937 0.034375 0.0625 0.00101094
0 0.614062 0.558594 0.034375 0.0296875 0.00111468
2 0.222656 0.835938 0.0234375 0.059375 0.00121055
2 0.899219 0.213281 0.0890625 0.0609375 0.0014155
0 0.611719 0.615625 0.0359375 0.028125 0.00175007
0 0.613281 0.586719 0.0328125 0.0453125 0.00286202
0 0.6125 0.605469 0.034375 0.0296875 0.00397576
0 0.617969 0.517969 0.0328125 0.0328125 0.00759861
2 0.695312 0.415625 0.03125 0.034375 0.0506044
1 0.607031 0.996094 0.0296875 0.0078125 0.17038
3 0.6875 0.4125 0.034375 0.034375 0.464306
0 0.614844 0.528906 0.0296875 0.0265625 0.719503
3 0.705469 0.423438 0.0234375 0.028125 0.79704
2 0.685156 0.410937 0.0328125 0.034375 0.848275
