2 0.441406 0.00234375 0.0453125 0.0046875 0.00104644
0 0.609375 0.807813 0.03125 0.053125 0.00108165
2 0.476562 0.00234375 0.04375 0.0046875 0.0011883
2 0.338281 0.00234375 0.0390625 0.0046875 0.00130401
0 0.597656 0.746875 0.0359375 0.046875 0.00152075
2 0.322656 0.00234375 0.0390625 0.0046875 0.00155703
0 0.608594 0.779688 0.0328125 0.025 0.00183385
1 0.616406 0.996094 0.0296875 0.0078125 0.123439
0 0.557031 0.6625 0.0296875 0.034375 0.189441
3 0.557031 0.658594 0.0296875 0.0328125 0.374252
2 0.559375 0.65625 0.03125 0.03125 0.734722
0 0.607813 0.765625 0.03125 0.025 0.744562
3 0.550781 0.671094 0.0234375 0.0234375 0.847675
