2 0.878125 0.219531 0.084375 0.123438 0.00110042
0 0.635938 0.653906 0.034375 0.0265625 0.00237508
0 0.65 0.574219 0.034375 0.0390625 0.0036315
0 0.642187 0.60625 0.0375 0.028125 0.00424277
0 0.639063 0.623438 0.034375 0.025 0.00570947
3 0.865625 0.532031 0.03125 0.0296875 0.00859507
0 0.635938 0.641406 0.034375 0.0234375 0.00901981
3 0.894531 0.565625 0.0234375 0.021875 0.0222571
3 0.879687 0.557813 0.034375 0.0375 0.0654377
1 0.615625 0.996875 0.028125 0.00625 0.107189
3 0.874219 0.545313 0.0296875 0.028125 0.25187
0 0.655469 0.54375 0.0359375 0.025 0.747198
3 0.8875 0.561719 0.025 0.0203125 0.816651
2 0.864844 0.532031 0.0296875 0.0296875 0.854031
