0 0.611719 0.825 0.0359375 0.03125 0.00103946
0 0.614062 0.836719 0.03125 0.0234375 0.00116234
0 0.610937 0.807813 0.03125 0.05 0.00116729
2 0.580469 0.474219 0.0421875 0.0265625 0.001589
0 0.609375 0.782031 0.03125 0.0265625 0.0018841
2 0.571094 0.449219 0.0328125 0.0234375 0.00247219
0 0.608594 0.749219 0.0328125 0.0265625 0.00290925
1 0.61875 0.996094 0.03125 0.0078125 0.118928
3 0.574219 0.466406 0.0328125 0.0234375 0.41139
0 0.609375 0.763281 0.03125 0.0234375 0.72794
3 0.566406 0.432031 0.0296875 0.0109375 0.759928
2 0.574219 0.466406 0.0328125 0.0234375 0.879579
