2 0.440625 0.00234375 0.046875 0.0046875 0.00111723
2 0.514844 0.00234375 0.0453125 0.0046875 0.00113607
2 0.49375 0.00234375 0.040625 0.0046875 0.00127861
2 0.478125 0.00234375 0.04375 0.0046875 0.00133926
0 0.613281 0.811719 0.0328125 0.0265625 0.00162497
0 0.611719 0.747656 0.0328125 0.0265625 0.00215422
0 0.610937 0.796875 0.03125 0.028125 0.00406942
0 0.611719 0.780469 0.0328125 0.0234375 0.0136107
0 0.611719 0.758594 0.0328125 0.0234375 0.0607876
1 0.614062 0.996875 0.028125 0.00625 0.126284
3 0.55625 0.554688 0.034375 0.03125 0.297414
0 0.611719 0.767969 0.0296875 0.0234375 0.67478
3 0.540625 0.538281 0.025 0.0203125 0.754179
2 0.555469 0.555469 0.0328125 0.0328125 0.784358
