2 0.88125 0.214844 0.08125 0.117188 0.00168084
0 0.636719 0.632812 0.0328125 0.025 0.00319455
0 0.646094 0.582031 0.0359375 0.0515625 0.007725
3 0.866406 0.532031 0.0296875 0.0296875 0.00896512
0 0.639844 0.621094 0.0296875 0.0234375 0.0105697
0 0.641406 0.611719 0.0359375 0.0265625 0.0115123
3 0.894531 0.564844 0.0234375 0.0203125 0.011804
3 0.879687 0.557813 0.034375 0.0375 0.0630298
1 0.616406 0.996094 0.0296875 0.0078125 0.102563
3 0.872656 0.54375 0.0296875 0.028125 0.248499
0 0.653906 0.545313 0.0359375 0.025 0.745925
3 0.8875 0.560938 0.025 0.021875 0.798883
2 0.864844 0.532031 0.0296875 0.0296875 0.861159
