2 0.479688 0.003125 0.046875 0.00625 0.00100186
2 0.396094 0.703906 0.0296875 0.0359375 0.00100471
0 0.590625 0.840625 0.0375 0.04375 0.00103097
2 0.372656 0.709375 0.0265625 0.028125 0.00145356
0 0.565625 0.764063 0.05 0.034375 0.00176679
0 0.583594 0.794531 0.0359375 0.0296875 0.00526998
1 0.608594 0.996875 0.0296875 0.00625 0.0668256
3 0.383594 0.717969 0.0328125 0.0328125 0.351063
0 0.580469 0.776563 0.0359375 0.025 0.765314
3 0.360156 0.738281 0.0234375 0.0234375 0.804676
2 0.384375 0.71875 0.034375 0.034375 0.873079
