1 0.417969 0.00234375 0.0421875 0.0046875 0.00101008
2 0.417969 0.00234375 0.0421875 0.0046875 0.00104182
2 0.323438 0.003125 0.040625 0.00625 0.0011644
2 0.402344 0.00234375 0.0453125 0.0046875 0.0011993
2 0.430469 0.697656 0.0296875 0.0296875 0.00142207
0 0.59375 0.81875 0.0375 0.028125 0.00196373
0 0.597656 0.861719 0.0328125 0.0234375 0.00200641
1 0.604688 0.994531 0.03125 0.0109375 0.00204692
0 0.584375 0.758594 0.0375 0.0265625 0.00610182
0 0.596094 0.835938 0.0296875 0.028125 0.0282697
0 0.5875 0.779688 0.034375 0.025 0.029125
0 0.596875 0.846094 0.03125 0.0203125 0.0418851
1 0.609375 0.996875 0.028125 0.00625 0.0912063
3 0.417188 0.704687 0.034375 0.034375 0.318529
0 0.585938 0.769531 0.034375 0.0265625 0.74599
3 0.39375 0.721875 0.021875 0.025 0.835525
2 0.417188 0.703906 0.034375 0.0328125 0.892316
