2 0.479688 0.00234375 0.046875 0.0046875 0.00104722
0 0.597656 0.86875 0.0328125 0.021875 0.00142567
0 0.592969 0.842188 0.0328125 0.040625 0.00265797
0 0.596094 0.861719 0.0328125 0.0234375 0.00384274
1 0.604688 0.994531 0.03125 0.0078125 0.00712456
0 0.586719 0.794531 0.0359375 0.0296875 0.0116621
1 0.609375 0.996875 0.028125 0.00625 0.0913604
2 0.377344 0.71875 0.0359375 0.03125 0.0940639
3 0.377344 0.71875 0.0359375 0.03125 0.132312
3 0.3875 0.711719 0.034375 0.0328125 0.419519
0 0.582812 0.776563 0.0375 0.025 0.763057
3 0.361719 0.730469 0.0234375 0.0234375 0.831671
2 0.388281 0.710938 0.0328125 0.03125 0.884599
