0 0.602344 0.5625 0.0328125 0.025 0.00109366
0 0.607031 0.617969 0.0328125 0.0265625 0.0019456
0 0.60625 0.575781 0.03125 0.0546875 0.00218736
0 0.607031 0.60625 0.0328125 0.028125 0.00280579
3 0.692187 0.257031 0.028125 0.0265625 0.00560912
0 0.607031 0.55 0.0328125 0.025 0.00830404
1 0.620313 0.996875 0.028125 0.00625 0.0873341
3 0.683594 0.276563 0.0328125 0.03125 0.438746
0 0.607813 0.536719 0.03125 0.0234375 0.728538
3 0.698438 0.250781 0.025 0.0203125 0.814998
2 0.683594 0.276563 0.0328125 0.03125 0.855346
