0 0.59375 0.813281 0.034375 0.0390625 0.00168315
0 0.594531 0.835938 0.0328125 0.021875 0.00170907
0 0.589844 0.782031 0.0328125 0.0265625 0.00237026
0 0.588281 0.748438 0.0328125 0.025 0.0061764
1 0.604688 0.994531 0.03125 0.0078125 0.00952329
0 0.590625 0.772656 0.03125 0.0203125 0.0448506
1 0.608594 0.996875 0.0296875 0.00625 0.0824455
3 0.520312 0.463281 0.0375 0.0234375 0.44762
0 0.589063 0.761719 0.03125 0.0234375 0.714215
3 0.507812 0.428906 0.03125 0.0109375 0.775705
2 0.519531 0.4625 0.0359375 0.021875 0.847502
