2 0.389844 0.355469 0.0265625 0.0328125 0.00115321
0 0.585156 0.570312 0.0359375 0.025 0.00126425
0 0.595312 0.633594 0.034375 0.0359375 0.00179066
3 0.355469 0.345313 0.0203125 0.034375 0.00223374
0 0.58125 0.539062 0.034375 0.025 0.00305587
0 0.594531 0.644531 0.0328125 0.0234375 0.00329773
0 0.584375 0.559375 0.034375 0.021875 0.0271232
1 0.619531 0.996094 0.0296875 0.0078125 0.0775287
3 0.346875 0.350781 0.015625 0.0296875 0.782741
0 0.582812 0.55 0.034375 0.025 0.790099
2 0.380469 0.357812 0.0265625 0.03125 0.894266
