2 0.885938 0.230469 0.075 0.135937 0.00102635
2 0.442187 0.00234375 0.04375 0.0046875 0.00106813
2 0.478125 0.00234375 0.04375 0.0046875 0.0011291
0 0.617969 0.749219 0.0328125 0.0296875 0.00131514
0 0.617188 0.850781 0.03125 0.0234375 0.00164542
2 0.321875 0.00234375 0.0375 0.0046875 0.00166428
0 0.617188 0.835156 0.03125 0.0265625 0.00181909
1 0.619531 0.996094 0.0296875 0.0078125 0.0474091
3 0.625781 0.567969 0.0296875 0.0296875 0.412955
3 0.625 0.553125 0.025 0.01875 0.707843
0 0.617188 0.760938 0.03125 0.025 0.721903
2 0.625 0.56875 0.03125 0.03125 0.809475
