2 0.495313 0.00234375 0.0375 0.0046875 0.00100618
2 0.515625 0.00234375 0.04375 0.0046875 0.00102634
1 0.610156 0.99375 0.0328125 0.0125 0.00108599
2 0.479688 0.00234375 0.040625 0.0046875 0.00110838
2 0.321094 0.00234375 0.0359375 0.0046875 0.0012422
0 0.542969 0.552344 0.0359375 0.0203125 0.00145846
0 0.547656 0.567187 0.0359375 0.034375 0.00188049
1 0.611719 0.996875 0.0296875 0.00625 0.057034
3 0.416406 0.238281 0.0328125 0.0265625 0.0619463
3 0.423438 0.255469 0.0375 0.0296875 0.432238
0 0.540625 0.542188 0.0375 0.025 0.772681
3 0.40625 0.223438 0.03125 0.01875 0.792444
2 0.423438 0.255469 0.034375 0.0265625 0.863551
