2 0.478906 0.003125 0.0453125 0.00625 0.00107821
2 0.395312 0.705469 0.034375 0.0296875 0.0010789
2 0.51875 0.003125 0.046875 0.00625 0.00113462
0 0.598437 0.875781 0.03125 0.0265625 0.0011778
0 0.5625 0.761719 0.05 0.0359375 0.00208563
0 0.592969 0.835938 0.0328125 0.025 0.00219714
0 0.590625 0.827344 0.034375 0.0265625 0.00305865
1 0.604688 0.99375 0.03125 0.009375 0.00846877
0 0.595312 0.860156 0.03125 0.0234375 0.00984919
0 0.589844 0.814062 0.0328125 0.021875 0.0384779
0 0.589063 0.804688 0.034375 0.025 0.0853614
1 0.609375 0.995313 0.028125 0.00625 0.10312
0 0.5875 0.794531 0.034375 0.0234375 0.110975
0 0.58125 0.767969 0.0375 0.0234375 0.112457
3 0.386719 0.713281 0.0328125 0.0328125 0.425788
0 0.582812 0.777344 0.034375 0.0265625 0.698953
3 0.361719 0.732813 0.0234375 0.025 0.819042
2 0.386719 0.713281 0.0328125 0.0328125 0.879633
