1 0.623438 0.99375 0.03125 0.0125 0.001246
0 0.611719 0.557031 0.0296875 0.0234375 0.00227595
0 0.611719 0.525 0.0328125 0.025 0.00393756
0 0.609375 0.600781 0.034375 0.0265625 0.00462601
0 0.608594 0.585156 0.0328125 0.0265625 0.00467558
0 0.609375 0.566406 0.03125 0.0296875 0.00778964
1 0.621094 0.996875 0.0265625 0.00625 0.0510284
3 0.682031 0.277344 0.0328125 0.0328125 0.440266
0 0.610156 0.54375 0.0296875 0.021875 0.740903
3 0.695312 0.250781 0.025 0.0203125 0.822216
2 0.680469 0.277344 0.0328125 0.0296875 0.837547
