0 0.609375 0.588281 0.034375 0.0296875 0.00118334
0 0.609375 0.6 0.034375 0.028125 0.00156817
0 0.607813 0.573438 0.03125 0.040625 0.00184419
0 0.608594 0.548437 0.0296875 0.021875 0.0105774
0 0.607031 0.527344 0.0328125 0.0265625 0.0139096
3 0.549219 0.297656 0.0328125 0.0265625 0.0400978
1 0.621875 0.996875 0.028125 0.00625 0.151898
3 0.553906 0.314063 0.0328125 0.03125 0.418925
0 0.608594 0.539844 0.0296875 0.0234375 0.748637
3 0.542969 0.29375 0.0265625 0.01875 0.775742
2 0.553906 0.313281 0.0328125 0.0296875 0.880487
