0 0.589844 0.6625 0.0328125 0.021875 0.00130784
0 0.589844 0.635156 0.0359375 0.0359375 0.00187883
0 0.617188 0.99375 0.03125 0.0125 0.00190093
0 0.58125 0.610156 0.04375 0.0390625 0.00195702
0 0.589063 0.645312 0.03125 0.021875 0.00204873
0 0.577344 0.569531 0.0328125 0.0390625 0.00227787
0 0.569531 0.534375 0.0390625 0.021875 0.00380268
3 0.317187 0.396094 0.0125 0.0265625 0.00753202
1 0.616406 0.996094 0.0296875 0.0078125 0.059111
3 0.355469 0.396875 0.0234375 0.03125 0.426504
3 0.322656 0.397656 0.0140625 0.0296875 0.753427
0 0.573438 0.551562 0.034375 0.025 0.763899
2 0.35625 0.396875 0.025 0.03125 0.876132
