0 0.617969 0.869531 0.0328125 0.0234375 0.00104698
0 0.61875 0.85625 0.034375 0.025 0.00111026
2 0.226562 0.95 0.028125 0.059375 0.00156305
2 0.890625 0.227344 0.071875 0.117188 0.00301488
0 0.628906 0.779688 0.0328125 0.021875 0.00341616
0 0.629687 0.758594 0.034375 0.0234375 0.0350059
1 0.607813 0.995313 0.028125 0.00625 0.266138
3 0.697656 0.477344 0.0328125 0.0265625 0.432716
0 0.629687 0.767969 0.03125 0.0234375 0.731546
3 0.709375 0.445312 0.028125 0.015625 0.775636
2 0.698438 0.478125 0.03125 0.025 0.874727
