2 0.517187 0.003125 0.046875 0.00625 0.00101849
1 0.417969 0.00234375 0.0421875 0.0046875 0.00102221
2 0.417188 0.00234375 0.040625 0.0046875 0.00108669
2 0.403125 0.00234375 0.04375 0.0046875 0.0010931
3 0.39375 0.7375 0.034375 0.059375 0.00122025
0 0.582812 0.757812 0.0375 0.028125 0.00135185
0 0.589844 0.789844 0.0328125 0.0265625 0.00137486
0 0.59375 0.819531 0.0375 0.0296875 0.00151357
0 0.597656 0.863281 0.0328125 0.0234375 0.00162786
1 0.604688 0.994531 0.03125 0.0109375 0.00219972
0 0.558594 0.757031 0.0421875 0.0296875 0.00280337
1 0.609375 0.996875 0.028125 0.00625 0.0610806
0 0.592969 0.834375 0.0328125 0.03125 0.0640474
0 0.596094 0.845312 0.0328125 0.021875 0.0691939
3 0.409375 0.707031 0.034375 0.0328125 0.222156
0 0.585938 0.772656 0.034375 0.0265625 0.753629
3 0.388281 0.724219 0.0234375 0.0234375 0.782979
2 0.410937 0.70625 0.034375 0.03125 0.880356
