0 0.614844 0.614062 0.0359375 0.028125 0.00108136
1 0.624219 0.99375 0.0296875 0.0125 0.00126334
0 0.614062 0.602344 0.034375 0.0265625 0.00246911
0 0.613281 0.578125 0.0328125 0.025 0.00334286
0 0.614844 0.564062 0.0296875 0.028125 0.0137814
3 0.689062 0.25 0.03125 0.03125 0.0188395
1 0.621875 0.996875 0.028125 0.00625 0.0682808
3 0.682031 0.271094 0.0328125 0.0296875 0.437799
0 0.614062 0.546875 0.03125 0.021875 0.715824
3 0.695312 0.239844 0.028125 0.0171875 0.793197
2 0.682813 0.271094 0.034375 0.0296875 0.862537
