0 0.60625 0.604688 0.034375 0.059375 0.00108435
0 0.60625 0.614062 0.034375 0.028125 0.00146141
0 0.604688 0.592188 0.034375 0.028125 0.00166005
0 0.603906 0.578125 0.0296875 0.05 0.00194451
0 0.605469 0.602344 0.0359375 0.0265625 0.00321105
0 0.602344 0.549219 0.0296875 0.0234375 0.00426675
1 0.622656 0.996875 0.0265625 0.00625 0.0926384
3 0.538281 0.373437 0.0296875 0.03125 0.432018
3 0.523438 0.36875 0.025 0.028125 0.691508
0 0.603125 0.535937 0.03125 0.025 0.738695
2 0.539062 0.373437 0.028125 0.03125 0.879597
