0 0.596094 0.575781 0.0328125 0.0453125 0.00170234
0 0.61875 0.99375 0.03125 0.0125 0.00171068
0 0.599219 0.602344 0.0359375 0.0265625 0.00171711
0 0.591406 0.528125 0.0328125 0.025 0.00487755
2 0.417188 0.279687 0.025 0.03125 0.00918779
0 0.595312 0.549219 0.03125 0.0203125 0.00960824
3 0.439063 0.296094 0.034375 0.0328125 0.0160603
1 0.617969 0.996094 0.0296875 0.0078125 0.0414304
0 0.59375 0.539844 0.03125 0.0234375 0.769249
3 0.410937 0.275 0.025 0.025 0.802748
2 0.439844 0.294531 0.0328125 0.0328125 0.874444
