0 0.621094 0.508594 0.0328125 0.0265625 0.00137804
2 0.900781 0.2125 0.0921875 0.059375 0.00143957
0 0.61875 0.5625 0.03125 0.028125 0.00150598
0 0.617188 0.614062 0.03125 0.028125 0.00557367
0 0.620313 0.520312 0.03125 0.028125 0.00925027
0 0.617188 0.599219 0.03125 0.0265625 0.00960128
0 0.617188 0.589063 0.03125 0.025 0.0126643
0 0.617969 0.544531 0.0296875 0.0296875 0.0309374
1 0.605469 0.996875 0.0296875 0.00625 0.110842
3 0.703906 0.410156 0.0359375 0.0328125 0.303252
0 0.620313 0.530469 0.03125 0.0265625 0.733162
3 0.71875 0.417969 0.021875 0.0265625 0.840693
2 0.7 0.407813 0.03125 0.034375 0.876158
