0 0.621875 0.794531 0.03125 0.0234375 0.00102513
0 0.620313 0.838281 0.034375 0.0265625 0.00136246
2 0.7125 0.470313 0.04375 0.025 0.00136315
3 0.710938 0.45 0.034375 0.01875 0.00173885
0 0.629687 0.750781 0.034375 0.0265625 0.00541669
0 0.625 0.78125 0.03125 0.025 0.00564076
0 0.621094 0.809375 0.0328125 0.028125 0.00742843
0 0.621875 0.819531 0.034375 0.0234375 0.0121855
1 0.603906 0.996875 0.0296875 0.00625 0.0395239
3 0.707031 0.478125 0.0328125 0.028125 0.444532
0 0.628125 0.766406 0.03125 0.0234375 0.718217
3 0.721094 0.446094 0.0296875 0.0171875 0.811563
2 0.707031 0.478125 0.0328125 0.025 0.876865
