0 0.577344 0.821094 0.0359375 0.0296875 0.00144719
0 0.575781 0.805469 0.0328125 0.0484375 0.00170032
0 0.578125 0.830469 0.034375 0.0234375 0.00201532
0 0.571094 0.779688 0.0296875 0.021875 0.00264384
2 0.504687 0.485156 0.040625 0.0296875 0.00305994
0 0.569531 0.759375 0.0328125 0.025 0.00818632
1 0.595312 0.996875 0.03125 0.00625 0.0926334
3 0.498437 0.475781 0.034375 0.0234375 0.363616
0 0.570312 0.767969 0.03125 0.0234375 0.757197
3 0.489062 0.445312 0.03125 0.0125 0.802528
2 0.498437 0.477344 0.034375 0.0234375 0.890361
