0 0.596875 0.639063 0.03125 0.025 0.00127657
0 0.592188 0.594531 0.034375 0.0296875 0.00150982
1 0.614062 0.99375 0.03125 0.0125 0.00241012
0 0.592188 0.557813 0.03125 0.025 0.00298542
0 0.588281 0.527344 0.0328125 0.0265625 0.00558991
0 0.595312 0.620313 0.03125 0.021875 0.00611514
0 0.594531 0.607031 0.0328125 0.0234375 0.00787389
0 0.592188 0.578125 0.03125 0.040625 0.012837
1 0.614844 0.996875 0.0265625 0.00625 0.109081
3 0.466406 0.296094 0.0359375 0.0328125 0.409267
0 0.589063 0.541406 0.03125 0.0234375 0.701717
3 0.441406 0.271094 0.0265625 0.0234375 0.792159
2 0.466406 0.296094 0.0359375 0.0328125 0.862162
