2 0.515625 0.003125 0.046875 0.00625 0.00106954
2 0.495313 0.00234375 0.04375 0.0046875 0.0011916
2 0.480469 0.00234375 0.0453125 0.0046875 0.00129092
1 0.604688 0.995313 0.03125 0.009375 0.00142843
0 0.599219 0.864844 0.0328125 0.0234375 0.00303838
0 0.596094 0.822656 0.0359375 0.0296875 0.00373153
0 0.6 0.853906 0.03125 0.0265625 0.00539177
2 0.414844 0.710156 0.0328125 0.0296875 0.00987283
0 0.585938 0.758594 0.0375 0.0265625 0.0193937
0 0.596094 0.832031 0.0296875 0.0296875 0.0230664
0 0.589844 0.779688 0.0328125 0.025 0.027034
0 0.597656 0.842188 0.0296875 0.025 0.0387911
1 0.609375 0.996875 0.028125 0.00625 0.0596275
3 0.425781 0.702344 0.0359375 0.0328125 0.350313
0 0.5875 0.769531 0.034375 0.0265625 0.746826
3 0.404687 0.720312 0.021875 0.025 0.824647
2 0.425781 0.701563 0.0359375 0.03125 0.896943
