1 0.569531 0.0015625 0.0328125 0.003125 0.00103457
1 0.49375 0.0015625 0.03125 0.003125 0.00114808
1 0.453125 0.0015625 0.03125 0.003125 0.00131421
0 0.573438 0.836719 0.034375 0.0328125 0.00131454
1 0.59375 0.0015625 0.040625 0.003125 0.0013176
1 0.416406 0.0015625 0.0296875 0.003125 0.00135328
1 0.378125 0.0015625 0.03125 0.003125 0.00137027
1 0.55625 0.0015625 0.0375 0.003125 0.00144139
1 0.327344 0.0015625 0.0359375 0.003125 0.00148694
1 0.3375 0.0015625 0.028125 0.003125 0.00150307
1 0.478125 0.0015625 0.0375 0.003125 0.00169354
1 0.517187 0.0015625 0.0375 0.003125 0.00170406
1 0.439844 0.0015625 0.0359375 0.003125 0.00188093
1 0.364844 0.0015625 0.0359375 0.003125 0.00198191
1 0.402344 0.0015625 0.0359375 0.003125 0.00211052
1 0.566406 0.991406 0.0328125 0.0171875 0.00230419
0 0.573438 0.871094 0.03125 0.0265625 0.00230873
3 0.711719 0.760156 0.0234375 0.0265625 0.00231574
0 0.573438 0.857031 0.028125 0.0328125 0.0061637
0 0.575781 0.800781 0.0296875 0.0265625 0.00771291
3 0.7 0.745313 0.03125 0.028125 0.0105241
0 0.572656 0.821875 0.0296875 0.034375 0.0137627
1 0.571094 0.996875 0.0296875 0.00625 0.0292977
3 0.686719 0.735156 0.0359375 0.0328125 0.43118
0 0.576563 0.790625 0.03125 0.025 0.749856
3 0.704687 0.757812 0.021875 0.021875 0.802283
2 0.685938 0.735156 0.034375 0.0328125 0.880479
