1 0.454688 0.0015625 0.03125 0.003125 0.00116595
0 0.0492188 0.164844 0.0421875 0.0921875 0.00125499
1 0.557031 0.0015625 0.0390625 0.003125 0.0012941
1 0.59375 0.0015625 0.040625 0.003125 0.0013104
1 0.416406 0.0015625 0.0296875 0.003125 0.00132592
1 0.517187 0.0015625 0.0375 0.003125 0.00147808
1 0.477344 0.0015625 0.0359375 0.003125 0.0016126
1 0.402344 0.0015625 0.0359375 0.003125 0.00168848
1 0.3625 0.0015625 0.0375 0.003125 0.00172851
0 0.570312 0.882031 0.034375 0.0328125 0.00178914
1 0.326562 0.0015625 0.034375 0.003125 0.00185463
0 0.571875 0.857031 0.03125 0.0265625 0.00202219
1 0.338281 0.0015625 0.0296875 0.003125 0.00202729
1 0.440625 0.0015625 0.0375 0.003125 0.00205607
0 0.571094 0.86875 0.0328125 0.03125 0.0046352
1 0.567969 0.99375 0.0296875 0.0125 0.00633224
0 0.571875 0.822656 0.03125 0.0390625 0.0107234
1 0.570312 0.996875 0.028125 0.00625 0.0481245
3 0.680469 0.730469 0.0328125 0.0328125 0.411779
0 0.574219 0.79375 0.0328125 0.025 0.731388
3 0.696875 0.751562 0.021875 0.021875 0.770453
2 0.679688 0.728906 0.034375 0.0328125 0.863937
