1 0.595312 0.0015625 0.040625 0.003125 0.00104103
1 0.284375 0.0015625 0.0375 0.003125 0.00110882
1 0.53125 0.0015625 0.03125 0.003125 0.00118298
1 0.553906 0.0015625 0.0390625 0.003125 0.00145801
1 0.453906 0.0015625 0.0296875 0.003125 0.00147969
1 0.51875 0.0015625 0.0375 0.003125 0.00151975
1 0.416406 0.0015625 0.0296875 0.003125 0.00152417
1 0.327344 0.0015625 0.0359375 0.003125 0.00153842
1 0.478125 0.0015625 0.0375 0.003125 0.00154581
1 0.260938 0.0015625 0.028125 0.003125 0.00167344
1 0.339844 0.0015625 0.0296875 0.003125 0.00179578
0 0.579687 0.777344 0.034375 0.0296875 0.00187405
1 0.402344 0.0015625 0.0359375 0.003125 0.00187793
1 0.357031 0.0015625 0.0296875 0.003125 0.00188708
1 0.439844 0.0015625 0.0359375 0.003125 0.0020821
0 0.0507812 0.166406 0.0578125 0.0546875 0.00237815
0 0.0632813 0.16875 0.0765625 0.09375 0.0031463
1 0.56875 0.992188 0.03125 0.015625 0.00433919
0 0.572656 0.879687 0.0328125 0.03125 0.00511082
0 0.575 0.839063 0.03125 0.040625 0.012359
0 0.577344 0.800781 0.0328125 0.0234375 0.0146419
0 0.573438 0.863281 0.03125 0.0296875 0.0156139
1 0.571094 0.996875 0.0296875 0.00625 0.0412785
3 0.703125 0.732031 0.034375 0.0328125 0.267977
0 0.578906 0.791406 0.0328125 0.0265625 0.738545
3 0.720312 0.753125 0.025 0.021875 0.841865
2 0.701563 0.73125 0.034375 0.03125 0.893248
