1 0.2875 0.0015625 0.0375 0.003125 0.00100807
1 0.338281 0.00078125 0.0296875 0.0015625 0.00102511
1 0.59375 0.0015625 0.040625 0.003125 0.00105216
0 0.575 0.835938 0.034375 0.03125 0.00106923
0 0.572656 0.911719 0.0296875 0.0234375 0.00107258
1 0.416406 0.0015625 0.0296875 0.003125 0.00122093
1 0.56875 0.0015625 0.034375 0.003125 0.00132757
1 0.31875 0.00078125 0.028125 0.0015625 0.00138492
1 0.517969 0.0015625 0.0390625 0.003125 0.00144292
1 0.555469 0.0015625 0.0390625 0.003125 0.00149855
1 0.375781 0.0015625 0.0296875 0.003125 0.00156646
2 0.714844 0.735937 0.0296875 0.03125 0.00156719
1 0.478125 0.0015625 0.0375 0.003125 0.00161806
1 0.327344 0.0015625 0.0359375 0.003125 0.00166281
1 0.453906 0.0015625 0.0296875 0.003125 0.0017174
1 0.364062 0.0015625 0.0375 0.003125 0.00197685
1 0.401563 0.0015625 0.0375 0.003125 0.00204517
1 0.440625 0.0015625 0.0375 0.003125 0.00207428
0 0.572656 0.889844 0.0328125 0.0296875 0.00211103
3 0.732813 0.760156 0.03125 0.0359375 0.00288645
0 0.573438 0.872656 0.034375 0.0296875 0.00335487
1 0.567969 0.992188 0.0328125 0.015625 0.00359097
0 0.575 0.851562 0.034375 0.04375 0.00540967
0 0.576563 0.8 0.03125 0.025 0.0128642
1 0.571094 0.996875 0.0296875 0.00625 0.0287493
3 0.705469 0.728906 0.0359375 0.0328125 0.272102
0 0.579687 0.7875 0.03125 0.025 0.73959
3 0.724219 0.750781 0.0234375 0.0234375 0.780177
2 0.705469 0.728906 0.0328125 0.0328125 0.875793
