1 0.671875 0.0015625 0.040625 0.003125 0.00101035
1 0.594531 0.0015625 0.0421875 0.003125 0.00104296
1 0.357812 0.00078125 0.028125 0.0015625 0.00105603
0 0.572656 0.910156 0.0296875 0.0234375 0.00111679
1 0.377344 0.0015625 0.0296875 0.003125 0.00117196
1 0.554688 0.0015625 0.0375 0.003125 0.00124162
1 0.338281 0.00078125 0.0296875 0.0015625 0.00129405
1 0.453906 0.0015625 0.0296875 0.003125 0.00135754
1 0.479688 0.0015625 0.0375 0.003125 0.00153626
1 0.517187 0.0015625 0.0375 0.003125 0.00154844
0 0.584375 0.775 0.0375 0.025 0.00165854
1 0.31875 0.0015625 0.028125 0.003125 0.00176846
1 0.439063 0.0015625 0.0375 0.003125 0.00186024
1 0.414062 0.0015625 0.03125 0.003125 0.00188877
1 0.364844 0.0015625 0.0359375 0.003125 0.00196659
0 0.574219 0.89375 0.0328125 0.03125 0.00197165
1 0.396875 0.0015625 0.03125 0.003125 0.00214366
0 0.576563 0.863281 0.034375 0.0421875 0.00498133
0 0.580469 0.8 0.0328125 0.025 0.00502139
1 0.56875 0.99375 0.03125 0.0125 0.0109837
1 0.570312 0.996875 0.028125 0.00625 0.0560766
3 0.788281 0.700781 0.0296875 0.0328125 0.250265
0 0.583594 0.783594 0.0328125 0.0265625 0.747674
3 0.817969 0.715625 0.0203125 0.028125 0.837686
2 0.785937 0.7 0.03125 0.034375 0.869919
