0 0.0507812 0.166406 0.0421875 0.0953125 0.00104879
1 0.492188 0.0015625 0.03125 0.003125 0.00106729
1 0.594531 0.0015625 0.0390625 0.003125 0.00116517
1 0.452344 0.00078125 0.0296875 0.0015625 0.00118608
1 0.557031 0.0015625 0.0390625 0.003125 0.0012736
1 0.377344 0.0015625 0.0296875 0.003125 0.00134113
1 0.478125 0.0015625 0.0375 0.003125 0.00143671
1 0.517969 0.0015625 0.0390625 0.003125 0.0014841
1 0.326562 0.0015625 0.034375 0.003125 0.00176625
1 0.3375 0.0015625 0.028125 0.003125 0.00182411
1 0.416406 0.0015625 0.0296875 0.003125 0.00187965
0 0.573438 0.835156 0.034375 0.0328125 0.00190189
1 0.364062 0.0015625 0.0375 0.003125 0.00206149
0 0.571875 0.867969 0.034375 0.0328125 0.00230604
1 0.403906 0.0015625 0.0359375 0.003125 0.0023077
1 0.434375 0.00078125 0.03125 0.0015625 0.00240843
0 0.572656 0.857031 0.0296875 0.0359375 0.00385514
1 0.56875 0.992969 0.03125 0.0140625 0.00515547
0 0.574219 0.822656 0.0296875 0.0390625 0.00864034
1 0.571094 0.996875 0.0296875 0.00625 0.0457152
0 0.580469 0.792188 0.0515625 0.053125 0.0630191
3 0.69375 0.732031 0.034375 0.0359375 0.339714
0 0.577344 0.792188 0.0328125 0.025 0.744041
3 0.709375 0.753125 0.021875 0.021875 0.766164
2 0.692187 0.732031 0.034375 0.0359375 0.778393
