1 0.49375 0.0015625 0.03125 0.003125 0.00105718
1 0.595312 0.0015625 0.040625 0.003125 0.00119519
0 0.577344 0.840625 0.0328125 0.028125 0.00120031
1 0.417969 0.0015625 0.0296875 0.003125 0.0012007
1 0.319531 0.00078125 0.0296875 0.0015625 0.00126033
1 0.550781 0.0015625 0.0328125 0.003125 0.00133836
1 0.478906 0.0015625 0.0390625 0.003125 0.00149242
1 0.338281 0.0015625 0.0296875 0.003125 0.00150234
1 0.376563 0.0015625 0.03125 0.003125 0.00152635
0 0.059375 0.167187 0.096875 0.06875 0.00159638
0 0.575781 0.817187 0.0359375 0.0375 0.00165666
1 0.517969 0.0015625 0.0390625 0.003125 0.00168214
1 0.327344 0.0015625 0.0359375 0.003125 0.0017357
1 0.434375 0.0015625 0.03125 0.003125 0.00198153
1 0.402344 0.0015625 0.0359375 0.003125 0.00199569
1 0.364062 0.0015625 0.0375 0.003125 0.00202495
0 0.579687 0.799219 0.03125 0.0265625 0.00223206
0 0.588281 0.767187 0.0296875 0.034375 0.00227164
0 0.0523437 0.164062 0.0421875 0.0875 0.0024807
3 0.774219 0.728906 0.0265625 0.0296875 0.00298813
0 0.574219 0.883594 0.0296875 0.0328125 0.00604274
1 0.570312 0.99375 0.028125 0.0125 0.00754283
1 0.571094 0.996875 0.0296875 0.00625 0.0502739
0 0.575 0.867969 0.028125 0.0265625 0.0512863
3 0.746875 0.716406 0.034375 0.0328125 0.37227
0 0.58125 0.785156 0.03125 0.0265625 0.726272
3 0.769531 0.735156 0.0234375 0.0234375 0.755686
2 0.746094 0.714844 0.0328125 0.0328125 0.890299
