1 0.635156 0.0015625 0.0390625 0.003125 0.00107673
0 0.564062 0.800781 0.03125 0.0265625 0.00108028
0 0.566406 0.76875 0.0328125 0.03125 0.00110938
1 0.563281 0.992969 0.0296875 0.0140625 0.00114756
1 0.595312 0.0015625 0.0375 0.003125 0.00116003
1 0.338281 0.00078125 0.0265625 0.0015625 0.00118488
1 0.414844 0.00078125 0.0265625 0.0015625 0.00124745
1 0.554688 0.0015625 0.0375 0.003125 0.00133325
1 0.326562 0.0015625 0.034375 0.003125 0.00135848
1 0.477344 0.0015625 0.0359375 0.003125 0.00136695
1 0.378125 0.00078125 0.028125 0.0015625 0.00137396
1 0.454688 0.00078125 0.028125 0.0015625 0.00139985
1 0.51875 0.0015625 0.0375 0.003125 0.00158136
0 0.561719 0.827344 0.0359375 0.0421875 0.00164787
1 0.439844 0.0015625 0.0359375 0.003125 0.00168748
1 0.401563 0.0015625 0.034375 0.003125 0.001767
1 0.364062 0.0015625 0.034375 0.003125 0.00187895
2 0.714844 0.539844 0.0546875 0.0421875 0.00192953
3 0.192969 0.992188 0.0203125 0.009375 0.00425252
1 0.564844 0.996875 0.0296875 0.00625 0.0516006
3 0.740625 0.521094 0.025 0.0296875 0.0990636
3 0.721094 0.535937 0.0328125 0.03125 0.335905
0 0.564844 0.782031 0.0296875 0.0234375 0.773814
3 0.747656 0.514844 0.0234375 0.0234375 0.831036
2 0.71875 0.535156 0.03125 0.0328125 0.885702
