0 0.577344 0.835156 0.0328125 0.0296875 0.00103599
1 0.532812 0.0015625 0.03125 0.003125 0.00107537
1 0.59375 0.0015625 0.040625 0.003125 0.00113251
0 0.586719 0.765625 0.0359375 0.0375 0.00119553
1 0.492188 0.0015625 0.03125 0.003125 0.00123954
1 0.555469 0.0015625 0.0390625 0.003125 0.00139251
1 0.363281 0.0015625 0.0359375 0.003125 0.00159827
1 0.327344 0.0015625 0.0359375 0.003125 0.00166527
1 0.339063 0.0015625 0.028125 0.003125 0.00168359
1 0.517187 0.0015625 0.0375 0.003125 0.00177541
1 0.478906 0.0015625 0.0390625 0.003125 0.00178936
1 0.416406 0.0015625 0.0296875 0.003125 0.00180411
1 0.403906 0.0015625 0.0359375 0.003125 0.00193777
2 0.780469 0.710156 0.0296875 0.0296875 0.00199287
1 0.440625 0.0015625 0.0375 0.003125 0.00206863
0 0.574219 0.882031 0.0328125 0.0296875 0.00379951
0 0.578906 0.810156 0.0359375 0.0328125 0.00395032
0 0.574219 0.870313 0.0328125 0.028125 0.00913713
1 0.569531 0.99375 0.0296875 0.0125 0.0107737
0 0.576563 0.852344 0.03125 0.0390625 0.011883
0 0.579687 0.799219 0.03125 0.0234375 0.0378604
0 0.584375 0.776563 0.034375 0.025 0.0695049
1 0.570312 0.996875 0.028125 0.00625 0.0771613
0 0.582812 0.7875 0.034375 0.025 0.708661
3 0.79375 0.725781 0.021875 0.0265625 0.821125
2 0.765625 0.710156 0.03125 0.0328125 0.867419
