0 0.569531 0.991406 0.0296875 0.0171875 0.00105275
1 0.594531 0.0015625 0.0421875 0.003125 0.00109973
1 0.416406 0.0015625 0.0296875 0.003125 0.00115537
1 0.555469 0.0015625 0.0390625 0.003125 0.00121481
1 0.453125 0.0015625 0.03125 0.003125 0.00125177
1 0.517969 0.0015625 0.0390625 0.003125 0.00136349
0 0.0609375 0.171094 0.1 0.0703125 0.00146419
1 0.478125 0.0015625 0.0375 0.003125 0.00147676
1 0.338281 0.00078125 0.0296875 0.0015625 0.00154325
0 0.571875 0.901563 0.034375 0.028125 0.00162102
1 0.377344 0.0015625 0.0296875 0.003125 0.00162623
1 0.440625 0.0015625 0.0375 0.003125 0.00170025
1 0.326562 0.0015625 0.034375 0.003125 0.00171769
1 0.401563 0.0015625 0.0375 0.003125 0.00175981
1 0.364062 0.0015625 0.0375 0.003125 0.00191735
0 0.0507812 0.166406 0.0421875 0.0890625 0.00217794
0 0.575 0.840625 0.034375 0.03125 0.00251075
3 0.73125 0.738281 0.025 0.0234375 0.00618032
1 0.569531 0.992969 0.0296875 0.0140625 0.00624934
0 0.572656 0.892187 0.0296875 0.025 0.00696149
0 0.580469 0.777344 0.0328125 0.0296875 0.00860148
0 0.577344 0.799219 0.0296875 0.0265625 0.0156197
0 0.573438 0.880469 0.03125 0.0265625 0.0178916
0 0.573438 0.866406 0.03125 0.0296875 0.0265588
1 0.571094 0.996875 0.0296875 0.00625 0.0425284
3 0.715625 0.726562 0.034375 0.034375 0.219945
0 0.578125 0.788281 0.03125 0.0265625 0.720543
3 0.735156 0.746875 0.0234375 0.021875 0.817217
2 0.714844 0.725 0.0328125 0.034375 0.876461
