1 0.379687 0.0015625 0.03125 0.003125 0.00100492
1 0.594531 0.0015625 0.0421875 0.003125 0.00108781
1 0.454688 0.0015625 0.03125 0.003125 0.00121617
1 0.555469 0.0015625 0.0390625 0.003125 0.00125895
1 0.414844 0.0015625 0.0296875 0.003125 0.00129511
0 0.572656 0.910156 0.0296875 0.0234375 0.00133412
1 0.492188 0.0015625 0.03125 0.003125 0.00140273
1 0.325781 0.0015625 0.0359375 0.003125 0.0014038
1 0.53125 0.0015625 0.03125 0.003125 0.00141835
1 0.338281 0.0015625 0.0296875 0.003125 0.00150599
3 0.770312 0.689844 0.028125 0.0265625 0.00156765
1 0.516406 0.0015625 0.0390625 0.003125 0.00170459
1 0.365625 0.0015625 0.0375 0.003125 0.00172229
3 0.808594 0.732813 0.0328125 0.059375 0.00174597
1 0.440625 0.0015625 0.0375 0.003125 0.00188407
0 0.583594 0.775 0.0359375 0.025 0.00188771
1 0.478906 0.0015625 0.0390625 0.003125 0.00188939
1 0.396094 0.0015625 0.0296875 0.003125 0.00226448
0 0.575 0.857031 0.03125 0.0265625 0.00257125
0 0.580469 0.8 0.0328125 0.025 0.0037253
0 0.573438 0.891406 0.03125 0.0296875 0.00423807
0 0.575781 0.871094 0.0328125 0.0390625 0.00854017
1 0.56875 0.994531 0.03125 0.0109375 0.0196843
2 0.786719 0.710938 0.0359375 0.03125 0.0260121
1 0.569531 0.996875 0.0296875 0.00625 0.0815317
3 0.778906 0.705469 0.0328125 0.0328125 0.182176
0 0.583594 0.784375 0.0328125 0.025 0.745306
3 0.807031 0.722656 0.0203125 0.0265625 0.841143
2 0.777344 0.705469 0.0328125 0.0328125 0.89315
