1 0.530469 0.0015625 0.0296875 0.003125 0.0010389
1 0.569531 0.0015625 0.0296875 0.003125 0.00106698
1 0.59375 0.0015625 0.0375 0.003125 0.00108924
1 0.45625 0.00078125 0.028125 0.0015625 0.00110194
0 0.560938 0.773438 0.03125 0.028125 0.00112847
2 0.86875 0.104687 0.075 0.1125 0.00113047
1 0.325781 0.00078125 0.0328125 0.0015625 0.00125135
1 0.414844 0.00078125 0.0265625 0.0015625 0.0013929
1 0.554688 0.0015625 0.0375 0.003125 0.00140485
1 0.365625 0.00078125 0.034375 0.0015625 0.00144971
1 0.478906 0.0015625 0.0359375 0.003125 0.00148891
1 0.517969 0.0015625 0.0359375 0.003125 0.00150699
1 0.403125 0.0015625 0.034375 0.003125 0.00158996
1 0.441406 0.0015625 0.0359375 0.003125 0.00174967
3 0.725781 0.5125 0.0234375 0.03125 0.00180795
1 0.564062 0.992969 0.03125 0.0140625 0.00190002
0 0.558594 0.823438 0.0359375 0.040625 0.00200472
0 0.559375 0.799219 0.03125 0.0265625 0.00471471
3 0.73125 0.519531 0.021875 0.0296875 0.014206
1 0.566406 0.996875 0.0296875 0.00625 0.0789084
3 0.707812 0.534375 0.03125 0.034375 0.219651
0 0.560938 0.785156 0.03125 0.0234375 0.733994
3 0.736719 0.514844 0.0203125 0.0234375 0.845085
2 0.70625 0.535937 0.03125 0.03125 0.892412
