0 0.574219 0.896094 0.0328125 0.0296875 0.00104039
1 0.59375 0.0015625 0.040625 0.003125 0.00110221
1 0.377344 0.0015625 0.0296875 0.003125 0.00112235
1 0.49375 0.0015625 0.03125 0.003125 0.00120955
1 0.555469 0.0015625 0.0390625 0.003125 0.00123067
0 0.580469 0.813281 0.0359375 0.0296875 0.00123347
1 0.414844 0.0015625 0.0296875 0.003125 0.00126745
1 0.517969 0.0015625 0.0390625 0.003125 0.00147815
0 0.585156 0.775 0.0359375 0.025 0.00149886
1 0.453906 0.0015625 0.0296875 0.003125 0.00175492
1 0.402344 0.0015625 0.0359375 0.003125 0.00177208
1 0.325781 0.0015625 0.0359375 0.003125 0.001781
1 0.338281 0.0015625 0.0296875 0.003125 0.00179424
1 0.478125 0.0015625 0.0375 0.003125 0.00181101
1 0.363281 0.0015625 0.0359375 0.003125 0.00186878
1 0.440625 0.0015625 0.0375 0.003125 0.00190122
2 0.803125 0.703125 0.03125 0.03125 0.00327711
0 0.578125 0.850781 0.034375 0.0421875 0.00369377
0 0.582031 0.8 0.0328125 0.025 0.00748556
1 0.56875 0.99375 0.03125 0.009375 0.0201823
1 0.570312 0.996875 0.028125 0.00625 0.0800844
3 0.796875 0.698438 0.034375 0.03125 0.367887
3 0.823438 0.711719 0.021875 0.0265625 0.733238
0 0.584375 0.785156 0.034375 0.0265625 0.745474
2 0.792969 0.698438 0.0296875 0.034375 0.885253
