1 0.635938 0.0015625 0.040625 0.003125 0.00100147
1 0.53125 0.0015625 0.03125 0.003125 0.00101633
1 0.289062 0.0015625 0.0375 0.003125 0.00105125
1 0.49375 0.0015625 0.03125 0.003125 0.00108096
1 0.569531 0.0015625 0.0328125 0.003125 0.00112084
1 0.453906 0.00078125 0.0296875 0.0015625 0.0011337
1 0.59375 0.0015625 0.040625 0.003125 0.00122604
0 0.570312 0.884375 0.034375 0.03125 0.00135018
1 0.555469 0.0015625 0.0390625 0.003125 0.00136639
1 0.339063 0.0015625 0.028125 0.003125 0.0014113
1 0.317969 0.00078125 0.0296875 0.0015625 0.00144744
1 0.479688 0.0015625 0.0375 0.003125 0.00161155
1 0.415625 0.0015625 0.03125 0.003125 0.00163907
1 0.516406 0.0015625 0.0390625 0.003125 0.00169206
1 0.364062 0.0015625 0.0375 0.003125 0.00174787
1 0.326562 0.0015625 0.034375 0.003125 0.00178023
0 0.575 0.802344 0.03125 0.0265625 0.00184846
1 0.439063 0.0015625 0.0375 0.003125 0.00192329
1 0.403906 0.0015625 0.0359375 0.003125 0.00197377
0 0.571875 0.871875 0.03125 0.025 0.00509278
1 0.569531 0.992969 0.0296875 0.0140625 0.00528121
0 0.571875 0.861719 0.03125 0.0265625 0.0166784
0 0.572656 0.828906 0.0296875 0.0359375 0.0174847
3 0.6875 0.739844 0.04375 0.0453125 0.0333622
1 0.571094 0.996875 0.0296875 0.00625 0.0527383
3 0.679688 0.729688 0.034375 0.034375 0.413091
0 0.575 0.792969 0.03125 0.0265625 0.736529
3 0.696875 0.751562 0.021875 0.021875 0.754629
2 0.679688 0.728906 0.034375 0.0328125 0.870829
