1 0.2875 0.0015625 0.0375 0.003125 0.00100662
1 0.377344 0.0015625 0.0296875 0.003125 0.00106701
1 0.595312 0.0015625 0.040625 0.003125 0.00118253
1 0.555469 0.0015625 0.0390625 0.003125 0.00125475
1 0.454688 0.0015625 0.03125 0.003125 0.00139072
1 0.336719 0.0015625 0.0296875 0.003125 0.00146134
1 0.516406 0.0015625 0.0390625 0.003125 0.00148948
1 0.477344 0.0015625 0.0390625 0.003125 0.0016186
1 0.416406 0.0015625 0.0296875 0.003125 0.0016585
0 0.571875 0.889844 0.03125 0.0234375 0.00168545
1 0.363281 0.0015625 0.0359375 0.003125 0.00169345
0 0.576563 0.800781 0.03125 0.0265625 0.00171167
1 0.31875 0.0015625 0.028125 0.003125 0.00171934
1 0.403906 0.0015625 0.0359375 0.003125 0.00202821
1 0.440625 0.0015625 0.0375 0.003125 0.0022562
1 0.56875 0.992188 0.03125 0.015625 0.00341165
0 0.573438 0.866406 0.034375 0.0296875 0.00807721
0 0.572656 0.852344 0.0328125 0.0359375 0.0146663
0 0.571875 0.877344 0.03125 0.0265625 0.0213241
1 0.571094 0.996875 0.0296875 0.00625 0.029823
3 0.692187 0.727344 0.034375 0.0359375 0.361882
3 0.709375 0.749219 0.025 0.0234375 0.714528
0 0.575781 0.790625 0.0328125 0.025 0.747857
2 0.692187 0.726562 0.034375 0.034375 0.84178
