1 0.454688 0.0015625 0.03125 0.003125 0.00107698
1 0.59375 0.0015625 0.040625 0.003125 0.0011835
1 0.55625 0.0015625 0.040625 0.003125 0.00135415
1 0.517969 0.0015625 0.0390625 0.003125 0.0014374
1 0.477344 0.0015625 0.0390625 0.003125 0.00150819
1 0.414844 0.0015625 0.0296875 0.003125 0.00180067
1 0.396094 0.0015625 0.0296875 0.003125 0.00182885
1 0.339844 0.0015625 0.0296875 0.003125 0.00187326
1 0.35625 0.0015625 0.028125 0.003125 0.0018965
2 0.685156 0.70625 0.0296875 0.028125 0.00190731
1 0.326562 0.0015625 0.034375 0.003125 0.00192609
1 0.439844 0.0015625 0.0359375 0.003125 0.00192858
0 0.571875 0.871875 0.03125 0.025 0.0042561
1 0.567969 0.992188 0.0296875 0.0125 0.00621258
0 0.571875 0.860937 0.03125 0.028125 0.00804183
0 0.572656 0.826563 0.0296875 0.0375 0.00945894
0 0.578125 0.800781 0.034375 0.0265625 0.0180864
3 0.703906 0.720312 0.0296875 0.03125 0.0406656
1 0.571094 0.996875 0.0296875 0.00625 0.0521099
3 0.69375 0.714844 0.034375 0.0328125 0.303848
3 0.711719 0.732031 0.0234375 0.0203125 0.718255
0 0.575 0.791406 0.03125 0.0265625 0.73046
2 0.69375 0.714063 0.034375 0.034375 0.868384
