1 0.339063 0.0015625 0.028125 0.003125 0.00107486
1 0.377344 0.0015625 0.0296875 0.003125 0.00109012
0 0.580469 0.820312 0.0359375 0.0375 0.00111033
1 0.557813 0.0015625 0.040625 0.003125 0.00112015
1 0.49375 0.0015625 0.03125 0.003125 0.00131341
1 0.594531 0.0015625 0.0390625 0.003125 0.00132988
0 0.578125 0.839063 0.034375 0.028125 0.00136157
1 0.324219 0.0015625 0.0359375 0.003125 0.00146097
1 0.515625 0.0015625 0.0375 0.003125 0.00153632
1 0.365625 0.0015625 0.0375 0.003125 0.00153851
1 0.478906 0.0015625 0.0390625 0.003125 0.00169155
0 0.58125 0.801562 0.034375 0.028125 0.00180158
1 0.416406 0.0015625 0.0296875 0.003125 0.00182337
1 0.439063 0.0015625 0.0375 0.003125 0.00197867
1 0.403906 0.0015625 0.0359375 0.003125 0.00217591
0 0.589063 0.767969 0.040625 0.0265625 0.00257732
0 0.575781 0.874219 0.0328125 0.0296875 0.00319855
2 0.796875 0.670313 0.021875 0.03125 0.00329172
0 0.575 0.889063 0.03125 0.028125 0.00339777
0 0.575781 0.860937 0.0328125 0.040625 0.00810153
1 0.566406 0.99375 0.0296875 0.009375 0.0101961
0 0.583594 0.790625 0.0328125 0.025 0.0236678
1 0.570312 0.996875 0.028125 0.00625 0.133551
3 0.807031 0.679688 0.0265625 0.034375 0.221822
0 0.585156 0.78125 0.0359375 0.025 0.753797
3 0.840625 0.689062 0.01875 0.03125 0.831299
2 0.80625 0.678906 0.028125 0.0328125 0.861257
