1 0.2875 0.0015625 0.0375 0.003125 0.00100582
1 0.453125 0.0015625 0.03125 0.003125 0.00111766
1 0.376563 0.0015625 0.03125 0.003125 0.00120268
1 0.339844 0.0015625 0.0296875 0.003125 0.00121546
1 0.49375 0.0015625 0.03125 0.003125 0.00128691
1 0.55625 0.0015625 0.040625 0.003125 0.00128858
1 0.417188 0.0015625 0.03125 0.003125 0.00130806
1 0.594531 0.0015625 0.0390625 0.003125 0.0013137
0 0.575781 0.889063 0.0328125 0.03125 0.00141411
1 0.327344 0.0015625 0.0359375 0.003125 0.00146915
3 0.840625 0.703125 0.021875 0.040625 0.0015947
0 0.5875 0.772656 0.0375 0.0265625 0.00172501
1 0.440625 0.0015625 0.0375 0.003125 0.00174116
1 0.479688 0.0015625 0.0375 0.003125 0.00177718
1 0.402344 0.0015625 0.0359375 0.003125 0.00178047
1 0.516406 0.0015625 0.0390625 0.003125 0.00178093
1 0.358594 0.00078125 0.0296875 0.0015625 0.00191131
0 0.575781 0.870313 0.0328125 0.028125 0.00349311
0 0.582812 0.8 0.034375 0.025 0.00408188
0 0.577344 0.855469 0.0328125 0.0421875 0.00587205
1 0.56875 0.99375 0.03125 0.009375 0.0184953
1 0.570312 0.996875 0.028125 0.00625 0.0902932
3 0.805469 0.691406 0.0296875 0.0328125 0.423882
0 0.585938 0.784375 0.034375 0.025 0.748969
3 0.834375 0.703125 0.01875 0.03125 0.774544
2 0.803125 0.691406 0.028125 0.0328125 0.869661
