3 0.811719 0.710938 0.0234375 0.03125 0.0010596
1 0.53125 0.0015625 0.03125 0.003125 0.0010722
1 0.339063 0.0015625 0.028125 0.003125 0.00113485
1 0.595312 0.0015625 0.040625 0.003125 0.00116543
1 0.55625 0.0015625 0.040625 0.003125 0.00121309
1 0.325781 0.0015625 0.0359375 0.003125 0.00136336
1 0.492188 0.0015625 0.03125 0.003125 0.00144152
1 0.375781 0.0015625 0.0296875 0.003125 0.00155608
0 0.574219 0.885938 0.0328125 0.028125 0.00164096
1 0.515625 0.0015625 0.0375 0.003125 0.00169749
1 0.478906 0.0015625 0.0390625 0.003125 0.00173917
1 0.417188 0.0015625 0.03125 0.003125 0.00176603
1 0.439063 0.0015625 0.0375 0.003125 0.00176692
1 0.364062 0.0015625 0.0375 0.003125 0.00183333
1 0.403125 0.0015625 0.0375 0.003125 0.00199852
0 0.580469 0.811719 0.0359375 0.0328125 0.00213798
0 0.585938 0.774219 0.0375 0.0234375 0.0024849
0 0.575781 0.865625 0.0328125 0.03125 0.00327287
0 0.577344 0.85 0.0328125 0.040625 0.00618081
1 0.569531 0.992969 0.0296875 0.0140625 0.0103439
0 0.580469 0.799219 0.0328125 0.0234375 0.0198723
1 0.571094 0.996875 0.0296875 0.00625 0.0643682
3 0.783594 0.704687 0.0296875 0.03125 0.197659
0 0.583594 0.785156 0.0328125 0.0265625 0.732222
3 0.811719 0.720312 0.0203125 0.025 0.826517
2 0.782812 0.703906 0.03125 0.0328125 0.877801
