1 0.632812 0.0015625 0.0375 0.003125 0.00100764
1 0.607813 0.0015625 0.028125 0.003125 0.00102472
1 0.454688 0.00078125 0.028125 0.0015625 0.00115886
0 0.546875 0.854688 0.034375 0.028125 0.00116031
1 0.594531 0.0015625 0.0359375 0.003125 0.00123306
1 0.366406 0.00078125 0.0328125 0.0015625 0.0012539
1 0.477344 0.0015625 0.0359375 0.003125 0.00127876
1 0.557031 0.0015625 0.0359375 0.003125 0.00129755
1 0.517969 0.0015625 0.0359375 0.003125 0.00131313
1 0.395312 0.00078125 0.025 0.0015625 0.00150435
1 0.440625 0.0015625 0.034375 0.003125 0.00153397
3 0.582031 0.442187 0.0328125 0.015625 0.00171113
0 0.541406 0.791406 0.0328125 0.0234375 0.00834342
1 0.557813 0.996094 0.03125 0.0078125 0.0537025
3 0.578906 0.454688 0.0296875 0.01875 0.114273
3 0.571094 0.482031 0.0328125 0.0265625 0.435225
0 0.541406 0.779688 0.0296875 0.025 0.75136
3 0.582031 0.448438 0.0296875 0.015625 0.795111
2 0.571094 0.482812 0.0328125 0.025 0.874548
