1 0.567969 0.0015625 0.0328125 0.003125 0.00103554
1 0.532031 0.0015625 0.0328125 0.003125 0.00113099
0 0.577344 0.839063 0.0328125 0.028125 0.00118831
1 0.59375 0.0015625 0.040625 0.003125 0.00120394
1 0.453906 0.0015625 0.0296875 0.003125 0.00122219
1 0.492188 0.0015625 0.03125 0.003125 0.00124658
1 0.416406 0.0015625 0.0296875 0.003125 0.0012793
0 0.5875 0.765625 0.0375 0.034375 0.00132329
1 0.377344 0.0015625 0.0296875 0.003125 0.00138556
1 0.554688 0.0015625 0.0375 0.003125 0.00147647
1 0.339063 0.0015625 0.028125 0.003125 0.00158481
0 0.572656 0.910937 0.0296875 0.021875 0.00160687
1 0.478125 0.0015625 0.0375 0.003125 0.00170216
1 0.517187 0.0015625 0.0375 0.003125 0.00170895
1 0.326562 0.0015625 0.034375 0.003125 0.00172969
0 0.578906 0.810156 0.0359375 0.0328125 0.00174552
1 0.402344 0.0015625 0.0359375 0.003125 0.00180286
0 0.574219 0.894531 0.0328125 0.0296875 0.00184985
1 0.441406 0.0015625 0.0359375 0.003125 0.00189706
1 0.363281 0.0015625 0.0359375 0.003125 0.00199601
0 0.575 0.870313 0.034375 0.03125 0.00235865
2 0.773438 0.719531 0.03125 0.0328125 0.0032789
1 0.56875 0.992188 0.03125 0.015625 0.00503621
0 0.576563 0.85625 0.034375 0.04375 0.00540235
0 0.579687 0.799219 0.03125 0.0234375 0.00736168
1 0.571094 0.996875 0.0296875 0.00625 0.0322963
3 0.757812 0.713281 0.034375 0.0328125 0.452538
0 0.582812 0.785937 0.034375 0.025 0.72449
3 0.783594 0.73125 0.0234375 0.025 0.835792
2 0.757812 0.713281 0.034375 0.0328125 0.886658
