1 0.3375 0.00078125 0.028125 0.0015625 0.00102825
1 0.49375 0.0015625 0.03125 0.003125 0.00106927
1 0.635156 0.0015625 0.0421875 0.003125 0.00109057
1 0.453125 0.0015625 0.03125 0.003125 0.00112827
1 0.2875 0.0015625 0.0375 0.003125 0.00113742
1 0.594531 0.0015625 0.0390625 0.003125 0.0013947
1 0.557031 0.0015625 0.0390625 0.003125 0.00150552
1 0.378125 0.0015625 0.028125 0.003125 0.00157432
0 0.0523437 0.166406 0.0421875 0.0921875 0.00159921
1 0.440625 0.0015625 0.0375 0.003125 0.00160017
1 0.517187 0.0015625 0.0375 0.003125 0.00160431
1 0.31875 0.00078125 0.028125 0.0015625 0.00164316
1 0.478125 0.0015625 0.0375 0.003125 0.00169917
0 0.56875 0.988281 0.034375 0.0203125 0.00186179
1 0.571875 0.985937 0.040625 0.025 0.00190756
1 0.365625 0.0015625 0.034375 0.003125 0.00195429
1 0.402344 0.0015625 0.0359375 0.003125 0.00199747
0 0.572656 0.908594 0.0296875 0.0234375 0.00242629
0 0.575 0.8375 0.034375 0.03125 0.00249184
0 0.580469 0.777344 0.0359375 0.0296875 0.00338391
0 0.575 0.855469 0.034375 0.0296875 0.00648179
0 0.575 0.872656 0.034375 0.0390625 0.0113279
3 0.732813 0.738281 0.025 0.0265625 0.013809
0 0.572656 0.892187 0.0296875 0.028125 0.0181903
1 0.571094 0.996875 0.0296875 0.00625 0.0185824
0 0.577344 0.8 0.0296875 0.025 0.0207274
3 0.715625 0.725781 0.034375 0.0328125 0.226086
0 0.578906 0.789844 0.0328125 0.0265625 0.723427
3 0.735937 0.746875 0.025 0.021875 0.820727
2 0.715625 0.725 0.034375 0.034375 0.878718
