2 0.895661 0.516529 0.0599174 0.0578512 0.0010705
0 0.572314 0.910124 0.0289256 0.0227273 0.00109374
1 0.530992 0.00103306 0.0330578 0.00206612 0.00119265
0 0.579545 0.813017 0.035124 0.035124 0.00120701
1 0.453512 0.00103306 0.0309917 0.00206612 0.00121036
1 0.592975 0.00206612 0.0413223 0.00413223 0.00121781
1 0.570248 0.00103306 0.0330578 0.00206612 0.00124049
0 0.572314 0.879132 0.0454545 0.035124 0.00133669
1 0.556818 0.00206612 0.0392562 0.00413223 0.0014738
1 0.492769 0.00103306 0.0309917 0.00206612 0.00159431
1 0.417355 0.00103306 0.0289256 0.00206612 0.00161144
1 0.338843 0.00103306 0.0289256 0.00206612 0.00161766
1 0.320248 0.00103306 0.0289256 0.00206612 0.00180901
0 0.584711 0.774793 0.0371901 0.0247934 0.00183532
1 0.515496 0.00103306 0.0392562 0.00206612 0.00184596
1 0.478306 0.00103306 0.0392562 0.00206612 0.00189004
1 0.440083 0.00103306 0.0371901 0.00206612 0.00208481
1 0.376033 0.00103306 0.0289256 0.00206612 0.00213128
1 0.401859 0.00103306 0.035124 0.00206612 0.00222319
1 0.363636 0.00103306 0.0371901 0.00206612 0.00225175
0 0.573347 0.886364 0.0309917 0.0289256 0.00292328
0 0.576446 0.863636 0.0330578 0.0413223 0.00748538
0 0.580579 0.799587 0.0330578 0.0247934 0.00888111
1 0.569215 0.993802 0.0309917 0.0123967 0.0136296
1 0.570248 0.996901 0.0289256 0.00619835 0.0703463
3 0.786157 0.702479 0.0309917 0.0330578 0.225108
0 0.582645 0.784091 0.0330578 0.0268595 0.747058
3 0.81405 0.716942 0.0206612 0.0247934 0.869958
2 0.786157 0.702479 0.0309917 0.0330578 0.880649
