1 0.592975 0.00103306 0.0371901 0.00206612 0.00111246
1 0.568182 0.00103306 0.0289256 0.00206612 0.00119306
1 0.415289 0.00103306 0.0247934 0.00206612 0.00125432
1 0.364669 0.00103306 0.035124 0.00206612 0.001336
1 0.555785 0.00103306 0.0371901 0.00206612 0.00142004
0 0.592975 0.77376 0.0330578 0.0268595 0.00144137
1 0.402893 0.00103306 0.0330578 0.00206612 0.00150293
1 0.480372 0.00103306 0.035124 0.00206612 0.00164114
1 0.43905 0.00103306 0.035124 0.00206612 0.00165881
1 0.492769 0.00103306 0.0268595 0.00206612 0.00175964
1 0.517562 0.00103306 0.035124 0.00206612 0.00182523
0 0.582645 0.882231 0.0330578 0.0289256 0.00256123
0 0.583678 0.852273 0.035124 0.0475207 0.00287862
0 0.583678 0.869835 0.0309917 0.0247934 0.0044224
1 0.572314 0.993802 0.0289256 0.0123967 0.0123317
1 0.576446 0.996901 0.0289256 0.00619835 0.146348
3 0.667355 0.48657 0.0330578 0.0268595 0.429327
0 0.591942 0.783058 0.0309917 0.0247934 0.759677
3 0.678719 0.452479 0.0309917 0.0165289 0.82165
2 0.666322 0.487603 0.035124 0.0247934 0.874337
