0 0.528926 0.770661 0.0371901 0.0330578 0.00102632
2 0.873967 0.100207 0.0785124 0.126033 0.00106847
1 0.530992 0.00103306 0.0289256 0.00206612 0.00108335
1 0.453512 0.00103306 0.0268595 0.00206612 0.0011166
1 0.570248 0.00103306 0.0289256 0.00206612 0.00115851
1 0.594008 0.00103306 0.035124 0.00206612 0.00116055
1 0.415289 0.00103306 0.0247934 0.00206612 0.00116893
0 0.533058 0.83781 0.0371901 0.0392562 0.00124203
1 0.478306 0.00103306 0.035124 0.00206612 0.00124248
1 0.364669 0.00103306 0.035124 0.00206612 0.00131211
1 0.555785 0.00103306 0.0371901 0.00206612 0.00149923
1 0.519628 0.00103306 0.035124 0.00206612 0.00150198
1 0.402893 0.00103306 0.0330578 0.00206612 0.00152031
1 0.43905 0.00103306 0.035124 0.00206612 0.0015656
0 0.530992 0.80062 0.0371901 0.0268595 0.00183428
1 0.555785 0.994835 0.0330578 0.0103306 0.00204725
3 0.423554 0.456612 0.0330578 0.0165289 0.0100535
0 0.528926 0.790289 0.0371901 0.0227273 0.0244185
1 0.56095 0.996901 0.0309917 0.00619835 0.0470279
3 0.432851 0.485537 0.035124 0.0247934 0.438658
0 0.527893 0.780992 0.035124 0.0247934 0.776159
3 0.417355 0.453512 0.0289256 0.0144628 0.781131
2 0.432851 0.48657 0.035124 0.0227273 0.882249
