1 0.453512 0.00103306 0.0268595 0.00206612 0.00108242
1 0.569215 0.00103306 0.0268595 0.00206612 0.0011569
1 0.594008 0.00103306 0.035124 0.00206612 0.0012051
0 0.52686 0.834711 0.0371901 0.0371901 0.00122129
1 0.415289 0.00103306 0.0247934 0.00206612 0.00124891
1 0.363636 0.00103306 0.0330578 0.00206612 0.00129843
1 0.478306 0.00103306 0.035124 0.00206612 0.00130303
1 0.517562 0.00103306 0.035124 0.00206612 0.00139312
1 0.402893 0.00103306 0.0330578 0.00206612 0.00139613
1 0.555785 0.00103306 0.0371901 0.00206612 0.00140015
1 0.554752 0.993802 0.0309917 0.0123967 0.00145299
1 0.440083 0.00103306 0.0330578 0.00206612 0.001508
0 0.52376 0.799587 0.035124 0.0247934 0.00223305
1 0.553719 0.996901 0.0289256 0.00619835 0.0549754
3 0.432851 0.48657 0.035124 0.0268595 0.4423
0 0.520661 0.783058 0.0330578 0.0247934 0.78208
3 0.420455 0.454545 0.0309917 0.0123967 0.798879
2 0.432851 0.48657 0.035124 0.0227273 0.851417
