1 0.530992 0.00103306 0.0289256 0.00206612 0.00100456
1 0.377066 0.00103306 0.0268595 0.00206612 0.00100965
1 0.635331 0.00103306 0.0392562 0.00206612 0.00111347
1 0.326446 0.00103306 0.0330578 0.00206612 0.00114974
1 0.595041 0.00103306 0.0371901 0.00206612 0.00120297
1 0.556818 0.00103306 0.035124 0.00206612 0.00137257
1 0.414256 0.00103306 0.0268595 0.00206612 0.00138538
1 0.56095 0.992769 0.0309917 0.0144628 0.00141728
1 0.515496 0.00103306 0.035124 0.00206612 0.00150053
1 0.491736 0.00103306 0.0289256 0.00206612 0.00151341
1 0.365702 0.00103306 0.0330578 0.00206612 0.0015879
1 0.478306 0.00103306 0.035124 0.00206612 0.00167878
1 0.43905 0.00103306 0.035124 0.00206612 0.00170243
3 0.518595 0.448347 0.0289256 0.0123967 0.00199117
1 0.395661 0.00103306 0.0268595 0.00206612 0.0021474
0 0.548554 0.793388 0.0309917 0.0289256 0.00450722
0 0.549587 0.768595 0.0330578 0.0247934 0.00538515
1 0.561983 0.996901 0.0289256 0.00619835 0.0382003
3 0.525826 0.487603 0.0309917 0.0247934 0.422944
0 0.548554 0.777893 0.0309917 0.0227273 0.759248
3 0.522727 0.452479 0.0289256 0.0123967 0.778554
2 0.525826 0.487603 0.0309917 0.0247934 0.865282
