1 0.336777 0.00103306 0.0247934 0.00206612 0.0010256
1 0.633264 0.00103306 0.035124 0.00206612 0.00112799
1 0.326446 0.00103306 0.0330578 0.00206612 0.00115745
1 0.529959 0.00103306 0.0268595 0.00206612 0.00116965
1 0.377066 0.00103306 0.0268595 0.00206612 0.00118988
1 0.453512 0.00103306 0.0268595 0.00206612 0.00119983
1 0.594008 0.00103306 0.035124 0.00206612 0.00123896
1 0.478306 0.00103306 0.035124 0.00206612 0.00143601
1 0.563017 0.993802 0.0309917 0.0123967 0.00145478
1 0.554752 0.00103306 0.035124 0.00206612 0.00148255
0 0.556818 0.891529 0.0309917 0.0268595 0.00149271
1 0.440083 0.00103306 0.0330578 0.00206612 0.00153075
1 0.363636 0.00103306 0.0330578 0.00206612 0.00154577
1 0.517562 0.00103306 0.035124 0.00206612 0.00158738
1 0.400826 0.00103306 0.0330578 0.00206612 0.00163769
0 0.553719 0.855372 0.0413223 0.0413223 0.00185519
0 0.556818 0.873967 0.0309917 0.0247934 0.00189549
0 0.0619835 0.170455 0.0826446 0.105372 0.00239367
0 0.55062 0.794421 0.0309917 0.0309917 0.00306388
0 0.551653 0.768595 0.0330578 0.0247934 0.0082858
3 0.533058 0.489669 0.0289256 0.0247934 0.0139836
1 0.561983 0.996901 0.0289256 0.00619835 0.0450747
0 0.55062 0.777893 0.0309917 0.0227273 0.772812
3 0.530992 0.456612 0.0289256 0.0123967 0.786037
2 0.533058 0.490702 0.0289256 0.0268595 0.86855
