1 0.28719 0.00103306 0.0371901 0.00206612 0.00100547
1 0.492769 0.00103306 0.0309917 0.00206612 0.00101211
1 0.532025 0.00103306 0.0309917 0.00206612 0.00113214
1 0.377066 0.00103306 0.0309917 0.00206612 0.00115479
1 0.595041 0.00206612 0.0413223 0.00413223 0.00126458
1 0.554752 0.00206612 0.0392562 0.00413223 0.00134041
1 0.517562 0.00103306 0.0392562 0.00206612 0.00158521
1 0.455579 0.00103306 0.0309917 0.00206612 0.00161623
1 0.318182 0.00103306 0.0289256 0.00206612 0.00167331
1 0.336777 0.00103306 0.0289256 0.00206612 0.00169259
0 0.575413 0.80062 0.0309917 0.0268595 0.00170312
1 0.477273 0.00103306 0.0371901 0.00206612 0.0017244
1 0.416322 0.00103306 0.0309917 0.00206612 0.00172612
0 0.572314 0.88843 0.0289256 0.0371901 0.0018311
1 0.363636 0.00103306 0.0371901 0.00206612 0.00184844
1 0.403926 0.00103306 0.035124 0.00206612 0.00215682
1 0.440083 0.00103306 0.0371901 0.00206612 0.00243727
1 0.567149 0.991736 0.0309917 0.0165289 0.00283538
0 0.573347 0.864669 0.035124 0.0309917 0.0039525
0 0.572314 0.842975 0.0330578 0.0413223 0.00690678
0 0.571281 0.873967 0.0309917 0.0247934 0.00835675
1 0.570248 0.996901 0.0289256 0.00619835 0.0279599
3 0.692149 0.728306 0.0330578 0.035124 0.361295
3 0.708678 0.748967 0.0247934 0.0227273 0.709277
0 0.576446 0.791322 0.0330578 0.0247934 0.751615
2 0.693182 0.72624 0.035124 0.035124 0.838915
