1 0.570248 0.00103306 0.0330578 0.00206612 0.00101346
1 0.673554 0.00206612 0.0413223 0.00413223 0.00106423
1 0.289256 0.00103306 0.0371901 0.00206612 0.0011024
1 0.530992 0.00103306 0.0330578 0.00206612 0.00112212
1 0.454545 0.00103306 0.0289256 0.00206612 0.00126718
1 0.377066 0.00103306 0.0309917 0.00206612 0.001298
1 0.594008 0.00206612 0.0392562 0.00413223 0.00129872
1 0.415289 0.00103306 0.0289256 0.00206612 0.00131037
1 0.556818 0.00103306 0.0392562 0.00206612 0.00140208
1 0.338843 0.00103306 0.0289256 0.00206612 0.00146735
1 0.477273 0.00103306 0.0371901 0.00206612 0.00163062
1 0.517562 0.00103306 0.0392562 0.00206612 0.00163249
1 0.363636 0.00103306 0.0371901 0.00206612 0.00182093
1 0.325413 0.00103306 0.035124 0.00206612 0.00183286
1 0.401859 0.00103306 0.035124 0.00206612 0.00186064
1 0.440083 0.00103306 0.0371901 0.00206612 0.00191221
0 0.572314 0.858471 0.0330578 0.0309917 0.00202302
0 0.571281 0.893595 0.0309917 0.0227273 0.00346599
1 0.567149 0.991736 0.0309917 0.0165289 0.00347475
0 0.571281 0.873967 0.035124 0.0330578 0.00398437
0 0.575413 0.803719 0.0309917 0.0247934 0.00659611
3 0.681818 0.742769 0.0578512 0.072314 0.00674968
0 0.572314 0.826446 0.0330578 0.0413223 0.00870524
1 0.570248 0.996901 0.0289256 0.00619835 0.0302726
3 0.681818 0.730372 0.0330578 0.035124 0.429776
0 0.57438 0.793388 0.0330578 0.0247934 0.720487
3 0.69938 0.751033 0.0227273 0.0227273 0.77725
2 0.680785 0.729339 0.035124 0.0330578 0.866493
