1 0.279959 0.00103306 0.0309917 0.00206612 0.00100132
3 0.811983 0.710744 0.0247934 0.0330578 0.00100427
0 0.578512 0.834711 0.0330578 0.0289256 0.0011741
1 0.530992 0.00103306 0.0330578 0.00206612 0.00125163
1 0.595041 0.00206612 0.0413223 0.00413223 0.00125748
1 0.555785 0.00206612 0.0413223 0.00413223 0.00128821
1 0.338843 0.00103306 0.0289256 0.00206612 0.00133726
0 0.57438 0.889463 0.0330578 0.0309917 0.00139871
1 0.326446 0.00103306 0.0371901 0.00206612 0.00146041
1 0.376033 0.00103306 0.0289256 0.00206612 0.0015577
1 0.492769 0.00103306 0.0309917 0.00206612 0.00158504
1 0.516529 0.00103306 0.0371901 0.00206612 0.00186441
1 0.416322 0.00103306 0.0309917 0.00206612 0.00191465
1 0.479339 0.00103306 0.0371901 0.00206612 0.00192146
1 0.440083 0.00103306 0.0371901 0.00206612 0.00193935
1 0.363636 0.00103306 0.0371901 0.00206612 0.00194311
1 0.402893 0.00103306 0.0371901 0.00206612 0.00213341
0 0.580579 0.81095 0.0371901 0.0309917 0.0022484
0 0.584711 0.774793 0.0371901 0.0247934 0.00240599
0 0.576446 0.863636 0.0330578 0.0330578 0.00292547
0 0.576446 0.847107 0.0330578 0.0413223 0.00609121
1 0.569215 0.993802 0.0309917 0.0123967 0.0106108
0 0.580579 0.799587 0.0330578 0.0247934 0.0231138
1 0.570248 0.996901 0.0289256 0.00619835 0.0665044
3 0.784091 0.704545 0.0309917 0.0330578 0.195306
0 0.582645 0.786157 0.0330578 0.0268595 0.736272
3 0.81095 0.719008 0.018595 0.0247934 0.827968
2 0.782025 0.704545 0.0309917 0.0330578 0.879048
