1 0.288223 0.00103306 0.0392562 0.00206612 0.00102549
1 0.491736 0.00103306 0.0289256 0.00206612 0.00105677
0 0.0495868 0.164256 0.0413223 0.0929752 0.00112639
0 0.570248 0.884298 0.0371901 0.0330578 0.00119029
1 0.454545 0.00103306 0.0289256 0.00206612 0.00134575
0 0.572314 0.858471 0.0330578 0.0268595 0.00136237
1 0.556818 0.00103306 0.0392562 0.00206612 0.00140411
1 0.415289 0.00103306 0.0289256 0.00206612 0.00143514
1 0.594008 0.00103306 0.0392562 0.00206612 0.00145427
1 0.516529 0.00103306 0.0371901 0.00206612 0.0016016
1 0.477273 0.00103306 0.0371901 0.00206612 0.00177412
1 0.401859 0.00103306 0.035124 0.00206612 0.00177571
1 0.327479 0.00103306 0.035124 0.00206612 0.00192882
1 0.355372 0.00103306 0.0289256 0.00206612 0.00194884
1 0.338843 0.00103306 0.0289256 0.00206612 0.00216956
1 0.440083 0.00103306 0.0371901 0.00206612 0.00221745
0 0.571281 0.868802 0.035124 0.0309917 0.00332404
1 0.567149 0.992769 0.0309917 0.0144628 0.00493443
0 0.572314 0.821281 0.0330578 0.0392562 0.00868199
1 0.570248 0.996901 0.0289256 0.00619835 0.0414314
3 0.679752 0.730372 0.0330578 0.035124 0.411954
0 0.57438 0.793388 0.0330578 0.0247934 0.733129
3 0.697314 0.752066 0.0227273 0.0206612 0.772861
2 0.679752 0.729339 0.0330578 0.0330578 0.862808
