1 0.492769 0.00103306 0.0309917 0.00206612 0.00104914
1 0.530992 0.00103306 0.0330578 0.00206612 0.00109621
1 0.570248 0.00103306 0.0330578 0.00206612 0.00125112
1 0.453512 0.00103306 0.0309917 0.00206612 0.00127189
1 0.318182 0.00103306 0.0289256 0.00206612 0.00128361
1 0.594008 0.00103306 0.0392562 0.00206612 0.0013417
0 0.586777 0.77376 0.0371901 0.0268595 0.00142479
1 0.416322 0.00103306 0.0309917 0.00206612 0.00146558
1 0.556818 0.00103306 0.0392562 0.00206612 0.00148148
1 0.326446 0.00103306 0.0371901 0.00206612 0.00150732
1 0.478306 0.00103306 0.0392562 0.00206612 0.0015942
0 0.573347 0.878099 0.0433884 0.0330578 0.00164239
1 0.517562 0.00103306 0.0392562 0.00206612 0.00166762
1 0.376033 0.00103306 0.0289256 0.00206612 0.0017906
1 0.440083 0.00103306 0.0371901 0.00206612 0.00183165
1 0.364669 0.00103306 0.035124 0.00206612 0.00194708
1 0.401859 0.00103306 0.035124 0.00206612 0.00199991
0 0.582645 0.799587 0.0330578 0.0247934 0.00322702
0 0.575413 0.886364 0.0309917 0.0289256 0.00660632
0 0.577479 0.868802 0.0309917 0.035124 0.0132387
1 0.569215 0.992769 0.0309917 0.0103306 0.0221435
1 0.570248 0.996901 0.0289256 0.00619835 0.0976466
3 0.801653 0.694215 0.0289256 0.0330578 0.301034
0 0.584711 0.785124 0.0330578 0.0247934 0.752364
3 0.831612 0.706612 0.018595 0.0289256 0.779106
2 0.799587 0.694215 0.0289256 0.0330578 0.888689
