1 0.568182 0.00103306 0.0330578 0.00206612 0.00103395
1 0.453512 0.00103306 0.0309917 0.00206612 0.00120341
0 0.577479 0.838843 0.035124 0.0289256 0.00122102
1 0.594008 0.00206612 0.0392562 0.00413223 0.00123433
1 0.492769 0.00103306 0.0309917 0.00206612 0.0013758
1 0.532025 0.00103306 0.0309917 0.00206612 0.00140694
0 0.573347 0.910124 0.0309917 0.0227273 0.00141675
1 0.416322 0.00103306 0.0309917 0.00206612 0.00150066
1 0.554752 0.00206612 0.0392562 0.00413223 0.00154633
1 0.377066 0.00103306 0.0309917 0.00206612 0.00155093
0 0.586777 0.766529 0.0371901 0.0330578 0.00161623
1 0.479339 0.00103306 0.0371901 0.00206612 0.0017759
0 0.57438 0.893595 0.0330578 0.0309917 0.00177827
1 0.338843 0.00103306 0.0289256 0.00206612 0.00179899
0 0.579545 0.808884 0.035124 0.035124 0.00184678
1 0.327479 0.00103306 0.035124 0.00206612 0.0018553
1 0.516529 0.00103306 0.0371901 0.00206612 0.00192072
1 0.401859 0.00103306 0.035124 0.00206612 0.00201051
1 0.440083 0.00103306 0.0371901 0.00206612 0.00201272
1 0.363636 0.00103306 0.0371901 0.00206612 0.00219732
0 0.575413 0.869835 0.035124 0.0289256 0.00268097
2 0.77376 0.719008 0.0309917 0.0330578 0.00346086
0 0.576446 0.854339 0.0330578 0.0433884 0.00583367
1 0.569215 0.992769 0.0309917 0.0144628 0.00595603
0 0.579545 0.799587 0.0309917 0.0247934 0.00794119
1 0.570248 0.996901 0.0289256 0.00619835 0.0359084
3 0.758264 0.71281 0.0330578 0.0330578 0.45307
0 0.582645 0.785124 0.0330578 0.0247934 0.722134
3 0.782025 0.731405 0.0227273 0.0247934 0.835921
2 0.757231 0.71281 0.035124 0.0330578 0.886092
