1 0.326446 0.00103306 0.0330578 0.00206612 0.00101387
1 0.336777 0.00103306 0.0247934 0.00206612 0.00103343
1 0.568182 0.00103306 0.0289256 0.00206612 0.00103368
1 0.377066 0.00103306 0.0268595 0.00206612 0.00107635
1 0.635331 0.00103306 0.035124 0.00206612 0.00110255
1 0.490702 0.00103306 0.0268595 0.00206612 0.00118129
1 0.594008 0.00103306 0.035124 0.00206612 0.00125449
1 0.478306 0.00103306 0.035124 0.00206612 0.00140776
1 0.549587 0.00103306 0.0289256 0.00206612 0.00148939
1 0.364669 0.00103306 0.035124 0.00206612 0.00150444
1 0.43905 0.00103306 0.035124 0.00206612 0.00150816
1 0.415289 0.00103306 0.0247934 0.00206612 0.00156201
1 0.517562 0.00103306 0.035124 0.00206612 0.00157254
1 0.402893 0.00103306 0.0330578 0.00206612 0.00170976
0 0.530992 0.767562 0.0330578 0.0268595 0.00406544
0 0.534091 0.791322 0.035124 0.0247934 0.00600685
1 0.552686 0.996901 0.0309917 0.00619835 0.0309718
3 0.467975 0.484504 0.035124 0.0227273 0.104015
3 0.458678 0.450413 0.0289256 0.0123967 0.763667
0 0.532025 0.777893 0.0309917 0.0227273 0.767237
2 0.467975 0.484504 0.035124 0.0227273 0.876216
