1 0.636364 0.00206612 0.0413223 0.00413223 0.00101822
1 0.336777 0.00103306 0.0289256 0.00206612 0.00108068
0 0.572314 0.879132 0.0413223 0.0433884 0.0011466
1 0.532025 0.00103306 0.0309917 0.00206612 0.00114903
1 0.454545 0.00103306 0.0289256 0.00206612 0.00120141
1 0.568182 0.00103306 0.0330578 0.00206612 0.00126979
0 0.573347 0.911157 0.0309917 0.0247934 0.00128905
1 0.492769 0.00103306 0.0309917 0.00206612 0.00129487
1 0.378099 0.00103306 0.0289256 0.00206612 0.00130522
0 0.576446 0.838843 0.0330578 0.0289256 0.0013303
1 0.302686 0.00103306 0.0309917 0.00206612 0.00133744
1 0.594008 0.00206612 0.0392562 0.00413223 0.00135984
1 0.415289 0.00103306 0.0289256 0.00206612 0.00145368
1 0.260331 0.00103306 0.0289256 0.00206612 0.00146539
1 0.28719 0.00103306 0.0371901 0.00206612 0.00160235
1 0.55062 0.00206612 0.035124 0.00413223 0.00178339
1 0.479339 0.00103306 0.0371901 0.00206612 0.00179848
1 0.365702 0.00103306 0.0371901 0.00206612 0.0018581
1 0.440083 0.00103306 0.0371901 0.00206612 0.00193608
1 0.518595 0.00103306 0.0371901 0.00206612 0.00205911
1 0.396694 0.00103306 0.0289256 0.00206612 0.00220966
0 0.57438 0.873967 0.0289256 0.0247934 0.00280551
0 0.57438 0.893595 0.0289256 0.035124 0.00295912
1 0.317149 0.00103306 0.0268595 0.00206612 0.00305993
0 0.579545 0.799587 0.0309917 0.0247934 0.0047546
0 0.576446 0.86157 0.0330578 0.0413223 0.00631995
1 0.569215 0.992769 0.0309917 0.0144628 0.00863073
1 0.570248 0.996901 0.0289256 0.00619835 0.0528441
3 0.744835 0.733471 0.035124 0.0289256 0.173393
0 0.579545 0.786157 0.0309917 0.0268595 0.774302
3 0.753099 0.742769 0.0227273 0.0227273 0.813041
2 0.730372 0.721074 0.035124 0.0330578 0.88958
