0 0.570248 0.891529 0.0330578 0.0309917 0.00100958
1 0.28719 0.00103306 0.0371901 0.00206612 0.00102356
1 0.634298 0.00206612 0.0413223 0.00413223 0.0010252
1 0.377066 0.00103306 0.0309917 0.00206612 0.00109005
1 0.320248 0.00103306 0.0289256 0.00206612 0.00116137
1 0.453512 0.00103306 0.0309917 0.00206612 0.00122798
1 0.532025 0.00103306 0.0309917 0.00206612 0.0014314
1 0.594008 0.00103306 0.0392562 0.00206612 0.00153331
1 0.568182 0.00103306 0.0330578 0.00206612 0.00154056
1 0.477273 0.00103306 0.0371901 0.00206612 0.00154663
1 0.417355 0.00103306 0.0289256 0.00206612 0.00170096
1 0.340909 0.00103306 0.0289256 0.00206612 0.00170161
1 0.554752 0.00103306 0.0392562 0.00206612 0.00178722
1 0.517562 0.00103306 0.0392562 0.00206612 0.0018477
1 0.327479 0.00103306 0.035124 0.00206612 0.00191339
1 0.403926 0.00103306 0.035124 0.00206612 0.00195321
1 0.357438 0.00103306 0.0289256 0.00206612 0.0021273
1 0.433884 0.00103306 0.0289256 0.00206612 0.00236756
3 0.661157 0.755165 0.0702479 0.10124 0.00290915
1 0.566116 0.993802 0.0330578 0.0123967 0.00453274
0 0.572314 0.823347 0.0330578 0.0433884 0.00465124
1 0.570248 0.996901 0.0289256 0.00619835 0.0437322
3 0.681818 0.729339 0.0330578 0.0330578 0.438018
0 0.57438 0.793388 0.0330578 0.0247934 0.727109
3 0.69938 0.751033 0.0227273 0.0227273 0.785028
2 0.680785 0.728306 0.035124 0.035124 0.872726
