1 0.634298 0.00103306 0.0371901 0.00206612 0.00100987
1 0.569215 0.00103306 0.0268595 0.00206612 0.00101513
1 0.328512 0.00103306 0.0330578 0.00206612 0.00102424
2 0.873967 0.100207 0.0785124 0.126033 0.00103873
1 0.547521 0.994835 0.0330578 0.0103306 0.00110621
1 0.529959 0.00103306 0.0268595 0.00206612 0.00111109
1 0.490702 0.00103306 0.0268595 0.00206612 0.00114527
0 0.529959 0.838843 0.0392562 0.0413223 0.00121289
1 0.363636 0.00103306 0.0330578 0.00206612 0.00135568
1 0.478306 0.00103306 0.035124 0.00206612 0.00137021
1 0.555785 0.00103306 0.0371901 0.00206612 0.00141174
1 0.594008 0.00103306 0.035124 0.00206612 0.00145944
1 0.517562 0.00103306 0.035124 0.00206612 0.00152452
0 0.52686 0.803719 0.0371901 0.0289256 0.00155537
1 0.43905 0.00103306 0.035124 0.00206612 0.0016496
1 0.402893 0.00103306 0.0330578 0.00206612 0.0017064
1 0.416322 0.00103306 0.0268595 0.00206612 0.00172472
0 0.524793 0.768595 0.0371901 0.0247934 0.00219144
2 0.43595 0.473141 0.0371901 0.0247934 0.00292327
0 0.524793 0.790289 0.0371901 0.0227273 0.00947607
1 0.554752 0.996901 0.0309917 0.00619835 0.0738863
3 0.43905 0.485537 0.035124 0.0247934 0.427811
0 0.522727 0.778926 0.0330578 0.0247934 0.753911
3 0.426653 0.452479 0.0309917 0.0123967 0.800221
2 0.43905 0.48657 0.035124 0.0227273 0.878265
