1 0.636364 0.00206612 0.0413223 0.00413223 0.00102336
1 0.568182 0.00103306 0.0330578 0.00206612 0.00113892
1 0.594008 0.00206612 0.0392562 0.00413223 0.00120569
0 0.572314 0.91219 0.0289256 0.0227273 0.00127233
1 0.377066 0.00103306 0.0309917 0.00206612 0.00134359
1 0.555785 0.00206612 0.0371901 0.00413223 0.00136912
0 0.580579 0.813017 0.0371901 0.0309917 0.00137842
1 0.492769 0.00103306 0.0309917 0.00206612 0.00143766
1 0.415289 0.00103306 0.0289256 0.00206612 0.00151491
0 0.584711 0.774793 0.0371901 0.0247934 0.00156426
1 0.517562 0.00103306 0.0392562 0.00206612 0.00165604
1 0.325413 0.00103306 0.035124 0.00206612 0.00188712
1 0.338843 0.00103306 0.0289256 0.00206612 0.00198281
1 0.477273 0.00103306 0.0371901 0.00206612 0.00198961
1 0.401859 0.00103306 0.035124 0.00206612 0.00200284
1 0.453512 0.00103306 0.0309917 0.00206612 0.0020108
1 0.362603 0.00103306 0.035124 0.00206612 0.00206086
1 0.440083 0.00103306 0.0371901 0.00206612 0.00211186
2 0.802686 0.703512 0.0309917 0.0309917 0.00294482
0 0.577479 0.847107 0.035124 0.0454545 0.00319287
0 0.581612 0.799587 0.0309917 0.0247934 0.00817604
1 0.568182 0.993802 0.0289256 0.0123967 0.018379
1 0.570248 0.996901 0.0289256 0.00619835 0.0785352
3 0.796488 0.698347 0.035124 0.0330578 0.3694
3 0.82438 0.711777 0.0206612 0.0268595 0.724362
0 0.584711 0.786157 0.0330578 0.0268595 0.746306
2 0.792355 0.698347 0.0309917 0.0330578 0.888153
