1 0.634298 0.00103306 0.0371901 0.00206612 0.00106815
1 0.530992 0.00103306 0.0289256 0.00206612 0.00112762
1 0.492769 0.00103306 0.0268595 0.00206612 0.00119035
1 0.326446 0.00103306 0.0330578 0.00206612 0.00127698
1 0.336777 0.00103306 0.0247934 0.00206612 0.00128504
1 0.416322 0.00103306 0.0268595 0.00206612 0.00133113
1 0.594008 0.00103306 0.035124 0.00206612 0.00138564
1 0.556818 0.00103306 0.035124 0.00206612 0.00147328
1 0.480372 0.00103306 0.035124 0.00206612 0.00148732
1 0.363636 0.00103306 0.0330578 0.00206612 0.00151358
1 0.402893 0.00103306 0.0330578 0.00206612 0.00165338
1 0.43905 0.00103306 0.035124 0.00206612 0.00171821
0 0.558884 0.871901 0.0309917 0.0247934 0.00174439
1 0.517562 0.00103306 0.035124 0.00206612 0.00182182
0 0.557851 0.838843 0.0413223 0.0413223 0.00183805
0 0.558884 0.860537 0.0309917 0.0268595 0.00205931
0 0.555785 0.792355 0.0289256 0.0268595 0.0044369
0 0.556818 0.766529 0.0309917 0.0247934 0.0101905
1 0.561983 0.996901 0.0289256 0.00619835 0.0290953
3 0.553719 0.488636 0.0289256 0.0268595 0.416885
3 0.553719 0.455579 0.0289256 0.0103306 0.755135
0 0.556818 0.77686 0.0309917 0.0247934 0.761418
2 0.552686 0.488636 0.0309917 0.0268595 0.879187
