1 0.28719 0.00103306 0.0371901 0.00206612 0.00106251
0 0.600207 0.78719 0.0764463 0.115702 0.00110183
1 0.569215 0.00103306 0.0309917 0.00206612 0.00117353
1 0.453512 0.00103306 0.0309917 0.00206612 0.0012296
1 0.492769 0.00103306 0.0309917 0.00206612 0.00126642
1 0.416322 0.00103306 0.0309917 0.00206612 0.00126866
1 0.594008 0.00206612 0.0392562 0.00413223 0.00128116
1 0.532025 0.00103306 0.0309917 0.00206612 0.001296
1 0.376033 0.00103306 0.0289256 0.00206612 0.00135235
0 0.573347 0.836777 0.0309917 0.0289256 0.00144829
1 0.554752 0.00103306 0.0392562 0.00206612 0.00151758
1 0.320248 0.00103306 0.0289256 0.00206612 0.00171305
1 0.363636 0.00103306 0.0371901 0.00206612 0.00179127
1 0.478306 0.00103306 0.035124 0.00206612 0.00186904
1 0.336777 0.00103306 0.0289256 0.00206612 0.00191696
1 0.517562 0.00103306 0.0392562 0.00206612 0.00194159
0 0.570248 0.890496 0.0330578 0.0289256 0.00201973
1 0.401859 0.00103306 0.035124 0.00206612 0.00207719
1 0.433884 0.00103306 0.0289256 0.00206612 0.00221065
0 0.570248 0.870868 0.0330578 0.0309917 0.00249202
0 0.572314 0.85124 0.0330578 0.0289256 0.00403595
1 0.568182 0.993802 0.0289256 0.0123967 0.00662768
0 0.573347 0.823347 0.0309917 0.0392562 0.00914628
1 0.570248 0.996901 0.0289256 0.00619835 0.05406
3 0.684917 0.728306 0.035124 0.035124 0.445336
0 0.575413 0.793388 0.0309917 0.0247934 0.73489
3 0.702479 0.75 0.0247934 0.0206612 0.821179
2 0.684917 0.727273 0.035124 0.0330578 0.882968
