1 0.376033 0.00103306 0.0247934 0.00206612 0.00100315
1 0.609504 0.00103306 0.0289256 0.00206612 0.00102431
1 0.490702 0.00103306 0.0268595 0.00206612 0.00103258
1 0.33781 0.00103306 0.0268595 0.00206612 0.00106617
1 0.626033 0.00103306 0.0289256 0.00206612 0.0010939
1 0.328512 0.00103306 0.0330578 0.00206612 0.00110611
1 0.453512 0.00103306 0.0268595 0.00206612 0.00113511
1 0.568182 0.00103306 0.0289256 0.00206612 0.00125655
0 0.540289 0.849174 0.035124 0.0247934 0.00128525
1 0.530992 0.00103306 0.0289256 0.00206612 0.00132202
1 0.478306 0.00103306 0.035124 0.00206612 0.00144166
1 0.363636 0.00103306 0.0330578 0.00206612 0.00144788
0 0.530992 0.771694 0.0330578 0.035124 0.00147007
0 0.539256 0.838843 0.0330578 0.0247934 0.00148972
1 0.595041 0.00103306 0.0371901 0.00206612 0.00153208
1 0.402893 0.00103306 0.0330578 0.00206612 0.00153541
1 0.441116 0.00103306 0.035124 0.00206612 0.00161704
1 0.518595 0.00103306 0.0371901 0.00206612 0.00165075
1 0.555785 0.00103306 0.0371901 0.00206612 0.00168725
0 0.534091 0.822314 0.0309917 0.0371901 0.00245749
2 0.475207 0.472107 0.0330578 0.0227273 0.00367685
0 0.534091 0.790289 0.0309917 0.0227273 0.0269842
3 0.479339 0.48657 0.0330578 0.0227273 0.0316724
1 0.554752 0.995868 0.0309917 0.00826446 0.052237
0 0.532025 0.782025 0.0309917 0.0227273 0.760519
3 0.472107 0.452479 0.0268595 0.0123967 0.77915
2 0.478306 0.48657 0.0309917 0.0227273 0.868251
