1 0.530992 0.00103306 0.0289256 0.00206612 0.00100568
1 0.492769 0.00103306 0.0309917 0.00206612 0.00100646
1 0.319215 0.00103306 0.0268595 0.00206612 0.00100754
1 0.28719 0.00103306 0.0371901 0.00206612 0.00103291
1 0.454545 0.00103306 0.0289256 0.00206612 0.00116047
1 0.33781 0.00103306 0.0268595 0.00206612 0.00126875
1 0.591942 0.00103306 0.0392562 0.00206612 0.00137465
0 0.566116 0.825413 0.0371901 0.0433884 0.00143685
1 0.479339 0.00103306 0.0371901 0.00206612 0.00164766
1 0.376033 0.00103306 0.0289256 0.00206612 0.00174467
1 0.555785 0.00103306 0.0371901 0.00206612 0.00174668
1 0.326446 0.00103306 0.0330578 0.00206612 0.00175281
1 0.518595 0.00103306 0.0371901 0.00206612 0.00193672
1 0.43905 0.00103306 0.035124 0.00206612 0.00200573
1 0.364669 0.00103306 0.035124 0.00206612 0.00206818
1 0.568182 0.00103306 0.0330578 0.00206612 0.00208423
1 0.415289 0.00103306 0.0289256 0.00206612 0.00220821
1 0.401859 0.00103306 0.035124 0.00206612 0.00222218
0 0.569215 0.799587 0.0309917 0.0247934 0.00326264
0 0.570248 0.777893 0.0330578 0.0268595 0.0103652
1 0.567149 0.994835 0.0309917 0.0103306 0.018197
1 0.570248 0.996901 0.0289256 0.00619835 0.0748514
3 0.737603 0.60124 0.0289256 0.0330578 0.265073
0 0.569215 0.78719 0.0309917 0.0247934 0.733866
3 0.765496 0.594008 0.018595 0.0268595 0.833992
2 0.735537 0.600207 0.0289256 0.0309917 0.897826
