1 0.326446 0.00103306 0.0330578 0.00206612 0.0010066
1 0.608471 0.00103306 0.0268595 0.00206612 0.0010747
1 0.633264 0.00103306 0.035124 0.00206612 0.00110025
1 0.414256 0.00103306 0.0268595 0.00206612 0.00113611
1 0.454545 0.00103306 0.0289256 0.00206612 0.00123922
1 0.594008 0.00103306 0.035124 0.00206612 0.00133157
1 0.365702 0.00103306 0.0330578 0.00206612 0.00135521
1 0.478306 0.00103306 0.035124 0.00206612 0.00135523
1 0.517562 0.00103306 0.035124 0.00206612 0.0013894
1 0.556818 0.00103306 0.035124 0.00206612 0.0014024
1 0.401859 0.00103306 0.035124 0.00206612 0.00152354
1 0.440083 0.00103306 0.0330578 0.00206612 0.00167267
0 0.547521 0.858471 0.0330578 0.0268595 0.00178807
3 0.581612 0.441116 0.035124 0.0144628 0.00178835
0 0.541322 0.791322 0.0330578 0.0247934 0.00951942
1 0.558884 0.996901 0.0309917 0.00619835 0.0456097
3 0.578512 0.455579 0.0289256 0.018595 0.0900065
3 0.571281 0.482438 0.035124 0.0268595 0.43459
0 0.540289 0.779959 0.0309917 0.0227273 0.757214
3 0.581612 0.447314 0.0309917 0.0144628 0.797622
2 0.571281 0.482438 0.035124 0.0227273 0.875071
