1 0.570248 0.00103306 0.0289256 0.00206612 0.00100232
1 0.328512 0.00103306 0.0330578 0.00206612 0.0010591
3 0.791322 0.132231 0.0330578 0.0743802 0.00111297
1 0.627066 0.00103306 0.0268595 0.00206612 0.00117978
1 0.377066 0.00103306 0.0268595 0.00206612 0.00118116
1 0.453512 0.00103306 0.0268595 0.00206612 0.00127378
1 0.595041 0.00103306 0.0371901 0.00206612 0.00130543
1 0.556818 0.00103306 0.035124 0.00206612 0.00136346
1 0.491736 0.00103306 0.0289256 0.00206612 0.00148365
1 0.364669 0.00103306 0.035124 0.00206612 0.00151997
1 0.515496 0.00103306 0.035124 0.00206612 0.00153734
1 0.401859 0.00103306 0.035124 0.00206612 0.00159307
1 0.441116 0.00103306 0.035124 0.00206612 0.00171405
1 0.478306 0.00103306 0.035124 0.00206612 0.0017508
3 0.497934 0.483471 0.0330578 0.0247934 0.00568843
0 0.540289 0.791322 0.0309917 0.0247934 0.00644776
1 0.554752 0.995868 0.0309917 0.00826446 0.0347611
3 0.492769 0.451446 0.0268595 0.0103306 0.745594
0 0.539256 0.778926 0.0330578 0.0247934 0.758334
2 0.497934 0.483471 0.0330578 0.0247934 0.857889
