1 0.327479 0.00103306 0.0309917 0.00206612 0.00105168
0 0.547521 0.855372 0.0330578 0.0289256 0.00105909
1 0.635331 0.00103306 0.035124 0.00206612 0.00114463
1 0.645661 0.00103306 0.0268595 0.00206612 0.00122517
1 0.556818 0.00103306 0.035124 0.00206612 0.00123716
1 0.595041 0.00103306 0.0371901 0.00206612 0.00129713
1 0.363636 0.00103306 0.0330578 0.00206612 0.00140619
1 0.492769 0.00103306 0.0268595 0.00206612 0.00142554
1 0.515496 0.00103306 0.035124 0.00206612 0.00143981
1 0.415289 0.00103306 0.0247934 0.00206612 0.00151769
1 0.402893 0.00103306 0.0330578 0.00206612 0.00154192
1 0.440083 0.00103306 0.0330578 0.00206612 0.00160861
1 0.479339 0.00103306 0.0330578 0.00206612 0.00161586
3 0.505165 0.459711 0.0268595 0.018595 0.0019008
0 0.543388 0.793388 0.0330578 0.0289256 0.00405739
1 0.554752 0.995868 0.0309917 0.00826446 0.0178605
3 0.510331 0.488636 0.0330578 0.0268595 0.424333
0 0.541322 0.77686 0.0330578 0.0247934 0.747663
3 0.506198 0.454545 0.0289256 0.0123967 0.796592
2 0.511364 0.488636 0.0309917 0.0268595 0.857437
