0 0.547521 0.844008 0.0371901 0.0475207 0.00107557
1 0.672521 0.00103306 0.035124 0.00206612 0.00108651
1 0.326446 0.00103306 0.0330578 0.00206612 0.00108713
1 0.635331 0.00103306 0.035124 0.00206612 0.0012898
1 0.595041 0.00103306 0.0330578 0.00206612 0.00135542
1 0.454545 0.00103306 0.0247934 0.00206612 0.00136912
1 0.517562 0.00103306 0.035124 0.00206612 0.00145433
1 0.556818 0.00103306 0.035124 0.00206612 0.00146271
1 0.478306 0.00103306 0.035124 0.00206612 0.00148256
1 0.365702 0.00103306 0.0330578 0.00206612 0.00148466
0 0.544421 0.768595 0.0309917 0.0247934 0.00153214
1 0.413223 0.00103306 0.0247934 0.00206612 0.00158711
1 0.440083 0.00103306 0.0330578 0.00206612 0.0017083
1 0.396694 0.00103306 0.0247934 0.00206612 0.00199066
3 0.495868 0.442149 0.0289256 0.0123967 0.00354981
0 0.546488 0.792355 0.0309917 0.0268595 0.00585316
2 0.504132 0.466942 0.0330578 0.0247934 0.034155
1 0.555785 0.995868 0.0289256 0.00826446 0.0638433
3 0.505165 0.481405 0.0309917 0.0247934 0.4364
3 0.5 0.448347 0.0289256 0.0123967 0.744815
0 0.546488 0.777893 0.0309917 0.0227273 0.793996
2 0.505165 0.482438 0.0309917 0.0227273 0.852885
