1 0.636364 0.00103306 0.0371901 0.00206612 0.00105666
0 0.52686 0.836777 0.0371901 0.0413223 0.00106561
1 0.327479 0.00103306 0.0309917 0.00206612 0.00119736
1 0.594008 0.00103306 0.035124 0.00206612 0.00120426
1 0.568182 0.00103306 0.0289256 0.00206612 0.00120683
1 0.362603 0.00103306 0.035124 0.00206612 0.00122462
1 0.336777 0.00103306 0.0247934 0.00206612 0.00123611
1 0.452479 0.00103306 0.0247934 0.00206612 0.00123895
1 0.478306 0.00103306 0.035124 0.00206612 0.00135543
1 0.554752 0.00103306 0.035124 0.00206612 0.00149541
1 0.517562 0.00103306 0.035124 0.00206612 0.00152274
1 0.404959 0.00103306 0.0330578 0.00206612 0.00156866
1 0.415289 0.00103306 0.0247934 0.00206612 0.00159254
1 0.43905 0.00103306 0.035124 0.00206612 0.00178765
3 0.422521 0.450413 0.0309917 0.0123967 0.00251809
0 0.521694 0.790289 0.035124 0.0227273 0.0141773
1 0.55062 0.996901 0.0309917 0.00619835 0.0732311
3 0.438017 0.485537 0.0330578 0.0247934 0.42815
3 0.42562 0.454545 0.0289256 0.0123967 0.766172
0 0.520661 0.780992 0.0330578 0.0247934 0.771856
2 0.438017 0.48657 0.0330578 0.0227273 0.898953
