1 0.453512 0.00103306 0.0268595 0.00206612 0.0010084
1 0.634298 0.00103306 0.0371901 0.00206612 0.00110536
1 0.492769 0.00103306 0.0268595 0.00206612 0.00115172
1 0.320248 0.00103306 0.0247934 0.00206612 0.0011557
1 0.415289 0.00103306 0.0247934 0.00206612 0.00117757
1 0.594008 0.00103306 0.035124 0.00206612 0.00125551
1 0.556818 0.00103306 0.035124 0.00206612 0.00132908
1 0.517562 0.00103306 0.035124 0.00206612 0.00139055
1 0.326446 0.00103306 0.0330578 0.00206612 0.00141692
1 0.478306 0.00103306 0.035124 0.00206612 0.00146613
1 0.336777 0.00103306 0.0247934 0.00206612 0.00146734
0 0.547521 0.846074 0.0371901 0.0475207 0.00147505
1 0.363636 0.00103306 0.0330578 0.00206612 0.00149776
3 0.502066 0.441116 0.0289256 0.0144628 0.00151649
1 0.440083 0.00103306 0.0330578 0.00206612 0.00154595
1 0.402893 0.00103306 0.0330578 0.00206612 0.00155626
0 0.551653 0.871901 0.0289256 0.0247934 0.00156737
0 0.55062 0.857438 0.0309917 0.0247934 0.00224995
0 0.545455 0.766529 0.0330578 0.0247934 0.00343555
0 0.546488 0.794421 0.0309917 0.0309917 0.00585806
3 0.494835 0.441116 0.0268595 0.0103306 0.00926679
1 0.555785 0.996901 0.0289256 0.00619835 0.0459896
3 0.504132 0.480372 0.0330578 0.0227273 0.428877
3 0.496901 0.446281 0.0268595 0.0123967 0.729125
0 0.544421 0.77686 0.0309917 0.0247934 0.789734
2 0.504132 0.480372 0.0330578 0.0227273 0.855372
