1 0.492769 0.00103306 0.0309917 0.00206612 0.00112687
1 0.28719 0.00103306 0.0371901 0.00206612 0.00115285
1 0.453512 0.00103306 0.0309917 0.00206612 0.00116751
0 0.0516529 0.165289 0.0413223 0.0950413 0.00121705
1 0.634298 0.00206612 0.0413223 0.00413223 0.00126669
1 0.33781 0.00103306 0.0268595 0.00206612 0.00127738
1 0.646694 0.00206612 0.0330578 0.00413223 0.00128614
1 0.318182 0.00103306 0.0289256 0.00206612 0.00136814
1 0.594008 0.00206612 0.0392562 0.00413223 0.00155531
1 0.568182 0.989669 0.0330578 0.0206612 0.00160699
1 0.556818 0.00103306 0.0392562 0.00206612 0.00163785
1 0.378099 0.00103306 0.0289256 0.00206612 0.00165084
1 0.517562 0.00103306 0.0392562 0.00206612 0.0017364
1 0.479339 0.00103306 0.0371901 0.00206612 0.00173923
1 0.440083 0.00103306 0.0371901 0.00206612 0.00175129
0 0.572314 0.909091 0.0289256 0.0247934 0.00176823
1 0.325413 0.00103306 0.035124 0.00206612 0.00182402
1 0.364669 0.00103306 0.035124 0.00206612 0.00211727
1 0.401859 0.00103306 0.035124 0.00206612 0.00213251
0 0.575413 0.83781 0.035124 0.0309917 0.00221289
0 0.579545 0.777893 0.035124 0.0309917 0.00391503
0 0.573347 0.872934 0.035124 0.0309917 0.00539636
0 0.573347 0.892562 0.0309917 0.0289256 0.00599247
0 0.575413 0.857438 0.035124 0.0413223 0.00810128
3 0.733471 0.737603 0.0247934 0.0247934 0.0175917
0 0.577479 0.799587 0.0309917 0.0247934 0.0186497
1 0.570248 0.996901 0.0289256 0.00619835 0.0188072
3 0.715909 0.725207 0.035124 0.0330578 0.227342
0 0.578512 0.789256 0.0330578 0.0247934 0.72201
3 0.735537 0.746901 0.0247934 0.0227273 0.821223
2 0.714876 0.725207 0.0330578 0.0330578 0.878346
