1 0.356405 0.00103306 0.0268595 0.00206612 0.00101887
1 0.635331 0.00103306 0.035124 0.00206612 0.00103712
1 0.672521 0.00103306 0.035124 0.00206612 0.00103735
0 0.0516529 0.166322 0.0413223 0.0971074 0.00106576
1 0.326446 0.00103306 0.0330578 0.00206612 0.00106927
1 0.570248 0.00103306 0.0289256 0.00206612 0.00109553
1 0.453512 0.00103306 0.0268595 0.00206612 0.0011821
1 0.492769 0.00103306 0.0268595 0.00206612 0.00120774
0 0.578512 0.853306 0.0330578 0.0247934 0.00125783
1 0.592975 0.00103306 0.0371901 0.00206612 0.00135175
1 0.365702 0.00103306 0.0330578 0.00206612 0.001386
1 0.556818 0.00103306 0.035124 0.00206612 0.00153842
1 0.402893 0.00103306 0.0330578 0.00206612 0.00158448
1 0.517562 0.00103306 0.035124 0.00206612 0.00158495
1 0.478306 0.00103306 0.035124 0.00206612 0.00168478
1 0.441116 0.00103306 0.035124 0.00206612 0.00170489
0 0.579545 0.839876 0.035124 0.0475207 0.00216723
0 0.583678 0.765496 0.035124 0.0309917 0.00263853
1 0.571281 0.993802 0.0309917 0.0123967 0.00607646
0 0.581612 0.791322 0.0309917 0.0247934 0.0106426
1 0.575413 0.995868 0.0309917 0.00826446 0.0725537
3 0.622934 0.484504 0.0309917 0.0268595 0.426084
3 0.629132 0.451446 0.0309917 0.0144628 0.803468
0 0.582645 0.779959 0.0330578 0.0227273 0.805495
2 0.621901 0.485537 0.0330578 0.0247934 0.873896
