1 0.634298 0.00206612 0.0413223 0.00413223 0.00102812
1 0.532025 0.00103306 0.0309917 0.00206612 0.00109786
1 0.492769 0.00103306 0.0309917 0.00206612 0.00120049
1 0.452479 0.00103306 0.0289256 0.00206612 0.00120762
0 0.579545 0.777893 0.035124 0.0309917 0.00123941
1 0.594008 0.00103306 0.0392562 0.00206612 0.00126379
1 0.556818 0.00103306 0.0392562 0.00206612 0.00135286
1 0.378099 0.00103306 0.0289256 0.00206612 0.00143667
1 0.478306 0.00103306 0.0392562 0.00206612 0.00154656
1 0.517562 0.00103306 0.0392562 0.00206612 0.0016548
1 0.320248 0.00103306 0.0289256 0.00206612 0.00186231
1 0.336777 0.00103306 0.0289256 0.00206612 0.00199955
1 0.417355 0.00103306 0.0289256 0.00206612 0.00208177
1 0.363636 0.00103306 0.0371901 0.00206612 0.00216526
0 0.572314 0.868802 0.0330578 0.0309917 0.00241551
1 0.403926 0.00103306 0.035124 0.00206612 0.00242425
1 0.433884 0.00103306 0.0289256 0.00206612 0.00261964
1 0.568182 0.992769 0.0330578 0.0144628 0.00379221
0 0.572314 0.856405 0.0289256 0.035124 0.00394371
0 0.573347 0.823347 0.0309917 0.0392562 0.00777347
1 0.570248 0.996901 0.0289256 0.00619835 0.0375154
0 0.579545 0.791322 0.0475207 0.0454545 0.107014
3 0.693182 0.732438 0.035124 0.035124 0.339297
0 0.576446 0.791322 0.0330578 0.0247934 0.744998
3 0.709711 0.753099 0.0227273 0.018595 0.768888
2 0.692149 0.732438 0.0330578 0.035124 0.772646
