3 0.466942 0.457645 0.0289256 0.018595 0.00100921
1 0.326446 0.00103306 0.0330578 0.00206612 0.00101172
1 0.453512 0.00103306 0.0268595 0.00206612 0.00104737
1 0.636364 0.00103306 0.0371901 0.00206612 0.00107395
1 0.492769 0.00103306 0.0268595 0.00206612 0.00110832
0 0.540289 0.835744 0.035124 0.0268595 0.00113458
1 0.594008 0.00103306 0.035124 0.00206612 0.00122356
1 0.364669 0.00103306 0.035124 0.00206612 0.00129342
1 0.568182 0.00103306 0.0289256 0.00206612 0.00130441
1 0.415289 0.00103306 0.0247934 0.00206612 0.00132739
1 0.478306 0.00103306 0.035124 0.00206612 0.00150134
1 0.554752 0.00103306 0.035124 0.00206612 0.0015045
1 0.517562 0.00103306 0.035124 0.00206612 0.00152415
0 0.536157 0.81405 0.0309917 0.0413223 0.00157918
1 0.402893 0.00103306 0.0330578 0.00206612 0.00158946
1 0.440083 0.00103306 0.0330578 0.00206612 0.0016654
0 0.53719 0.792355 0.0330578 0.0268595 0.00507577
0 0.533058 0.768595 0.0330578 0.0247934 0.00736802
1 0.552686 0.996901 0.0309917 0.00619835 0.0171239
3 0.475207 0.483471 0.0330578 0.0247934 0.422257
0 0.534091 0.777893 0.0309917 0.0227273 0.79348
3 0.466942 0.44938 0.0289256 0.0103306 0.802311
2 0.475207 0.482438 0.0330578 0.0227273 0.861832
