0 0.573347 0.910124 0.0309917 0.0227273 0.00115783
1 0.594008 0.00206612 0.0392562 0.00413223 0.00118223
1 0.453512 0.00103306 0.0309917 0.00206612 0.00121358
1 0.318182 0.00103306 0.0289256 0.00206612 0.00122837
1 0.556818 0.00103306 0.0392562 0.00206612 0.00122886
0 0.573347 0.878099 0.0392562 0.0413223 0.00126915
0 0.580579 0.819215 0.0371901 0.035124 0.00130886
1 0.417355 0.00103306 0.0289256 0.00206612 0.00132316
0 0.585744 0.774793 0.0392562 0.0247934 0.00132772
1 0.338843 0.00103306 0.0289256 0.00206612 0.00136305
1 0.492769 0.00103306 0.0309917 0.00206612 0.00165824
1 0.516529 0.00103306 0.0371901 0.00206612 0.00169754
1 0.325413 0.00103306 0.035124 0.00206612 0.00178137
1 0.376033 0.00103306 0.0289256 0.00206612 0.00188672
1 0.479339 0.00103306 0.0371901 0.00206612 0.00189029
1 0.401859 0.00103306 0.035124 0.00206612 0.00204419
0 0.582645 0.799587 0.0330578 0.0247934 0.00208545
1 0.363636 0.00103306 0.0371901 0.00206612 0.00211999
1 0.433884 0.00103306 0.0289256 0.00206612 0.00218462
0 0.575413 0.889463 0.0309917 0.0309917 0.00395436
0 0.577479 0.862603 0.0309917 0.0392562 0.00996241
1 0.569215 0.993802 0.0309917 0.00826446 0.0238258
1 0.570248 0.996901 0.0289256 0.00619835 0.0896074
3 0.799587 0.696281 0.0330578 0.0330578 0.404904
3 0.829545 0.710744 0.018595 0.0289256 0.701984
0 0.584711 0.786157 0.0330578 0.0227273 0.763476
2 0.797521 0.696281 0.0289256 0.0330578 0.887412
