1 0.375 0.00103306 0.0268595 0.00206612 0.00101967
1 0.416322 0.00103306 0.0268595 0.00206612 0.00106014
1 0.634298 0.00103306 0.0371901 0.00206612 0.00113726
1 0.491736 0.00103306 0.0289256 0.00206612 0.00115272
1 0.532025 0.00103306 0.0268595 0.00206612 0.00115774
1 0.453512 0.00103306 0.0268595 0.00206612 0.0011708
3 0.789256 0.137397 0.0289256 0.072314 0.00118474
1 0.326446 0.00103306 0.0330578 0.00206612 0.00120059
1 0.336777 0.00103306 0.0247934 0.00206612 0.00120606
1 0.568182 0.00103306 0.0289256 0.00206612 0.00131778
0 0.534091 0.838843 0.035124 0.0413223 0.00133946
1 0.592975 0.00103306 0.0371901 0.00206612 0.00134183
3 0.84814 0.996901 0.018595 0.00619835 0.00139498
1 0.362603 0.00103306 0.035124 0.00206612 0.00148124
1 0.402893 0.00103306 0.0330578 0.00206612 0.00150794
1 0.478306 0.00103306 0.035124 0.00206612 0.00160357
1 0.554752 0.00103306 0.035124 0.00206612 0.00164896
1 0.517562 0.00103306 0.035124 0.00206612 0.001765
1 0.442149 0.00103306 0.0330578 0.00206612 0.00185437
0 0.525826 0.778926 0.035124 0.0247934 0.00608459
0 0.527893 0.798554 0.035124 0.0227273 0.0122619
1 0.552686 0.996901 0.0309917 0.00619835 0.0326973
3 0.456612 0.484504 0.0371901 0.035124 0.114877
2 0.457645 0.483471 0.035124 0.0371901 0.148887
3 0.461777 0.495868 0.035124 0.0247934 0.163798
3 0.452479 0.460744 0.0289256 0.0123967 0.753727
0 0.52686 0.78719 0.0330578 0.0247934 0.771399
2 0.460744 0.494835 0.0330578 0.0227273 0.873317
