1 0.492769 0.00103306 0.0309917 0.00206612 0.00101828
1 0.532025 0.00103306 0.0309917 0.00206612 0.00104705
1 0.28719 0.00103306 0.0371901 0.00206612 0.00105433
1 0.338843 0.00103306 0.0289256 0.00206612 0.00109874
1 0.592975 0.00206612 0.0413223 0.00413223 0.00114073
0 0.0485537 0.161157 0.0433884 0.0909091 0.00117626
1 0.416322 0.00103306 0.0309917 0.00206612 0.00142159
2 0.714876 0.735537 0.0289256 0.0289256 0.00144547
0 0.572314 0.88843 0.0330578 0.0289256 0.00149955
1 0.568182 0.00103306 0.0330578 0.00206612 0.00153753
1 0.518595 0.00103306 0.0371901 0.00206612 0.0016095
1 0.555785 0.00103306 0.0371901 0.00206612 0.00163028
1 0.318182 0.00103306 0.0289256 0.00206612 0.00165601
1 0.477273 0.00103306 0.0371901 0.00206612 0.00172501
1 0.326446 0.00103306 0.0371901 0.00206612 0.00178878
1 0.376033 0.00103306 0.0289256 0.00206612 0.00179663
1 0.453512 0.00103306 0.0309917 0.00206612 0.00186319
1 0.364669 0.00103306 0.035124 0.00206612 0.00214738
1 0.440083 0.00103306 0.0371901 0.00206612 0.00225098
1 0.401859 0.00103306 0.035124 0.00206612 0.00226946
1 0.567149 0.990702 0.035124 0.018595 0.00243354
0 0.573347 0.871901 0.035124 0.0289256 0.00293927
3 0.732438 0.759298 0.0309917 0.035124 0.00335645
0 0.575413 0.849174 0.035124 0.0454545 0.00479707
0 0.579545 0.777893 0.035124 0.0268595 0.00882885
0 0.577479 0.799587 0.0309917 0.0247934 0.0140834
1 0.570248 0.996901 0.0289256 0.00619835 0.0247316
3 0.705579 0.729339 0.035124 0.0330578 0.274914
0 0.579545 0.78719 0.0309917 0.0247934 0.74064
3 0.724174 0.751033 0.0227273 0.0227273 0.781406
2 0.705579 0.729339 0.035124 0.0330578 0.875888
