1 0.672521 0.00206612 0.0392562 0.00413223 0.00104423
1 0.636364 0.00206612 0.0413223 0.00413223 0.00109568
1 0.595041 0.00103306 0.0413223 0.00206612 0.00110674
1 0.492769 0.00103306 0.0309917 0.00206612 0.00118351
1 0.532025 0.00103306 0.0309917 0.00206612 0.00126361
1 0.548554 0.00103306 0.0309917 0.00206612 0.0013825
1 0.454545 0.00103306 0.0289256 0.00206612 0.00147736
1 0.415289 0.00103306 0.0289256 0.00206612 0.00149139
1 0.378099 0.00103306 0.0289256 0.00206612 0.00151799
1 0.338843 0.00103306 0.0289256 0.00206612 0.00155015
1 0.326446 0.00103306 0.0371901 0.00206612 0.00157831
0 0.578512 0.799587 0.0330578 0.0247934 0.00161271
1 0.517562 0.00103306 0.0392562 0.00206612 0.00177802
1 0.479339 0.00103306 0.0371901 0.00206612 0.00190008
1 0.401859 0.00103306 0.035124 0.00206612 0.00193538
1 0.440083 0.00103306 0.0371901 0.00206612 0.0020317
1 0.364669 0.00103306 0.035124 0.00206612 0.00217463
0 0.584711 0.766529 0.0371901 0.0289256 0.00226613
0 0.575413 0.84814 0.035124 0.0433884 0.00405002
1 0.567149 0.993802 0.0309917 0.0123967 0.0100596
1 0.568182 0.996901 0.0289256 0.00619835 0.0454934
3 0.802686 0.645661 0.0227273 0.0309917 0.230305
0 0.582645 0.782025 0.0330578 0.0268595 0.761206
3 0.83781 0.64876 0.0144628 0.0289256 0.80317
2 0.802686 0.645661 0.0227273 0.0309917 0.86481
