1 0.326446 0.00103306 0.0330578 0.00206612 0.0010014
1 0.634298 0.00103306 0.0371901 0.00206612 0.00101221
0 0.521694 0.765496 0.0433884 0.0309917 0.00101697
1 0.492769 0.00103306 0.0268595 0.00206612 0.00102963
2 0.434917 0.471074 0.035124 0.0247934 0.0012483
1 0.363636 0.00103306 0.0330578 0.00206612 0.00125345
1 0.480372 0.00103306 0.035124 0.00206612 0.00134026
1 0.568182 0.00103306 0.0289256 0.00206612 0.00144449
1 0.592975 0.00103306 0.0371901 0.00206612 0.00148626
1 0.517562 0.00103306 0.035124 0.00206612 0.00153605
1 0.556818 0.00103306 0.035124 0.00206612 0.00161685
1 0.436983 0.00103306 0.035124 0.00206612 0.00162438
1 0.402893 0.00103306 0.0330578 0.00206612 0.00189322
1 0.415289 0.00103306 0.0247934 0.00206612 0.00236898
1 0.546488 0.994835 0.0309917 0.0103306 0.00447091
0 0.52376 0.790289 0.035124 0.0227273 0.0137965
1 0.553719 0.996901 0.0289256 0.00619835 0.0925719
3 0.436983 0.484504 0.035124 0.0227273 0.435081
0 0.522727 0.779959 0.0330578 0.0227273 0.766437
3 0.42562 0.452479 0.0289256 0.0123967 0.780988
2 0.436983 0.485537 0.035124 0.0247934 0.888606
