1 0.672521 0.00103306 0.035124 0.00206612 0.00102328
1 0.634298 0.00103306 0.0371901 0.00206612 0.00111156
1 0.532025 0.00103306 0.0268595 0.00206612 0.00111865
1 0.595041 0.00103306 0.0371901 0.00206612 0.00117211
0 0.552686 0.846074 0.0392562 0.0475207 0.00119859
1 0.326446 0.00103306 0.0330578 0.00206612 0.00130141
1 0.336777 0.00103306 0.0247934 0.00206612 0.00135021
1 0.36157 0.00103306 0.0330578 0.00206612 0.00141171
1 0.490702 0.00103306 0.0268595 0.00206612 0.00141574
1 0.478306 0.00103306 0.035124 0.00206612 0.00147931
1 0.555785 0.00103306 0.0371901 0.00206612 0.00148656
1 0.403926 0.00103306 0.035124 0.00206612 0.00160025
1 0.561983 0.992769 0.0289256 0.0144628 0.0016778
1 0.416322 0.00103306 0.0268595 0.00206612 0.00170227
1 0.517562 0.00103306 0.035124 0.00206612 0.00170547
1 0.43905 0.00103306 0.035124 0.00206612 0.00174363
0 0.55062 0.794421 0.0309917 0.0309917 0.00425852
0 0.55062 0.768595 0.0309917 0.0247934 0.00578726
3 0.530992 0.485537 0.0289256 0.0247934 0.0100473
1 0.561983 0.996901 0.0289256 0.00619835 0.0553875
3 0.528926 0.452479 0.0289256 0.0123967 0.770016
0 0.55062 0.777893 0.0309917 0.0227273 0.782249
2 0.530992 0.48657 0.0289256 0.0268595 0.865892
