1 0.414256 0.00103306 0.0268595 0.00206612 0.00108394
1 0.357438 0.00103306 0.0247934 0.00206612 0.00109382
1 0.532025 0.00103306 0.0268595 0.00206612 0.00110877
1 0.595041 0.00103306 0.0371901 0.00206612 0.00115492
1 0.326446 0.00103306 0.0330578 0.00206612 0.00116778
1 0.453512 0.00103306 0.0268595 0.00206612 0.0011798
1 0.627066 0.00103306 0.0268595 0.00206612 0.00124123
1 0.478306 0.00103306 0.035124 0.00206612 0.00124687
1 0.365702 0.00103306 0.0330578 0.00206612 0.00150076
1 0.402893 0.00103306 0.0330578 0.00206612 0.00156136
1 0.519628 0.00103306 0.035124 0.00206612 0.00159712
1 0.441116 0.00103306 0.035124 0.00206612 0.00167197
1 0.548554 0.00103306 0.0268595 0.00206612 0.00169684
0 0.541322 0.847107 0.0371901 0.0289256 0.00180957
0 0.534091 0.807851 0.035124 0.0289256 0.001845
1 0.547521 0.994835 0.0330578 0.0103306 0.00212125
0 0.534091 0.826446 0.0309917 0.0330578 0.00444532
0 0.530992 0.769628 0.0330578 0.0268595 0.00451372
0 0.538223 0.835744 0.035124 0.0268595 0.0071147
0 0.534091 0.792355 0.035124 0.0227273 0.0214328
1 0.552686 0.996901 0.0309917 0.00619835 0.0791367
3 0.525826 0.47624 0.0309917 0.0227273 0.455087
0 0.532025 0.779959 0.0309917 0.0227273 0.736711
3 0.528926 0.43905 0.0289256 0.0103306 0.831018
2 0.524793 0.47624 0.0289256 0.0227273 0.874043
