1 0.288223 0.00103306 0.0392562 0.00206612 0.00109688
1 0.570248 0.00103306 0.0330578 0.00206612 0.00115042
0 0.580579 0.818182 0.0371901 0.0371901 0.00120684
1 0.377066 0.00103306 0.0309917 0.00206612 0.00135263
1 0.453512 0.00103306 0.0309917 0.00206612 0.00135668
1 0.493802 0.00103306 0.0330578 0.00206612 0.0013927
1 0.594008 0.00206612 0.0392562 0.00413223 0.00139914
1 0.338843 0.00103306 0.0289256 0.00206612 0.00140587
1 0.417355 0.00103306 0.0289256 0.00206612 0.00145293
1 0.556818 0.00103306 0.0392562 0.00206612 0.00147291
3 0.839876 0.703512 0.0227273 0.0392562 0.00149263
1 0.326446 0.00103306 0.0371901 0.00206612 0.0016072
0 0.586777 0.77376 0.0371901 0.0268595 0.00161333
0 0.576446 0.887397 0.0330578 0.0309917 0.00180897
1 0.479339 0.00103306 0.0371901 0.00206612 0.00186275
1 0.440083 0.00103306 0.0371901 0.00206612 0.00190476
1 0.516529 0.00103306 0.0371901 0.00206612 0.00190678
1 0.402893 0.00103306 0.0371901 0.00206612 0.00194453
1 0.363636 0.00103306 0.0371901 0.00206612 0.0020572
1 0.569215 0.992769 0.0309917 0.0144628 0.00293876
0 0.582645 0.799587 0.0330578 0.0247934 0.00407124
0 0.576446 0.869835 0.0330578 0.0289256 0.00460816
0 0.577479 0.854339 0.0309917 0.0392562 0.00788855
1 0.570248 0.996901 0.0289256 0.00619835 0.0946218
3 0.804752 0.691116 0.0309917 0.0309917 0.423153
0 0.585744 0.785124 0.035124 0.0247934 0.751221
3 0.833678 0.702479 0.018595 0.0289256 0.774785
2 0.802686 0.691116 0.0268595 0.0309917 0.875246
