1 0.414256 0.00103306 0.0268595 0.00206612 0.00104413
1 0.529959 0.00103306 0.0268595 0.00206612 0.00110697
1 0.326446 0.00103306 0.0330578 0.00206612 0.00111475
1 0.554752 0.993802 0.0309917 0.0123967 0.0011245
1 0.666322 0.00103306 0.0268595 0.00206612 0.00122912
1 0.492769 0.00103306 0.0268595 0.00206612 0.00130669
1 0.607438 0.00103306 0.0289256 0.00206612 0.00131782
1 0.554752 0.00103306 0.035124 0.00206612 0.00135518
1 0.634298 0.00103306 0.0371901 0.00206612 0.00139767
1 0.596074 0.00103306 0.035124 0.00206612 0.00142371
1 0.401859 0.00103306 0.035124 0.00206612 0.00143895
0 0.538223 0.807851 0.0309917 0.0371901 0.00149105
1 0.441116 0.00103306 0.035124 0.00206612 0.00150124
1 0.515496 0.00103306 0.035124 0.00206612 0.00154926
1 0.480372 0.00103306 0.035124 0.00206612 0.00155721
1 0.363636 0.00103306 0.0330578 0.00206612 0.00158849
0 0.536157 0.786157 0.0309917 0.0227273 0.00578603
0 0.53719 0.768595 0.0371901 0.0289256 0.00640677
1 0.554752 0.996901 0.0309917 0.00619835 0.0332705
3 0.479339 0.484504 0.0330578 0.0227273 0.423794
3 0.473141 0.44938 0.0289256 0.0103306 0.762662
0 0.535124 0.777893 0.0330578 0.0227273 0.789341
2 0.479339 0.484504 0.0330578 0.0227273 0.852815
