1 0.674587 0.00103306 0.035124 0.00206612 0.00102344
3 0.579545 0.451446 0.0309917 0.0103306 0.0010324
1 0.33781 0.00103306 0.0227273 0.00206612 0.00106522
1 0.570248 0.00103306 0.0289256 0.00206612 0.00111288
1 0.415289 0.00103306 0.0247934 0.00206612 0.00111633
1 0.634298 0.00103306 0.0371901 0.00206612 0.00111823
1 0.492769 0.00103306 0.0268595 0.00206612 0.0011185
2 0.881198 0.100207 0.0681818 0.121901 0.00120649
1 0.326446 0.00103306 0.0330578 0.00206612 0.00125546
1 0.556818 0.00103306 0.035124 0.00206612 0.00142572
1 0.363636 0.00103306 0.0330578 0.00206612 0.00142972
1 0.478306 0.00103306 0.035124 0.00206612 0.00144206
1 0.516529 0.00103306 0.0330578 0.00206612 0.00149978
1 0.592975 0.00103306 0.0330578 0.00206612 0.00150761
1 0.440083 0.00103306 0.0330578 0.00206612 0.00151418
1 0.402893 0.00103306 0.0330578 0.00206612 0.00155909
0 0.563017 0.827479 0.035124 0.0516529 0.00197813
0 0.565083 0.854339 0.035124 0.0309917 0.00228825
0 0.563017 0.797521 0.0309917 0.0330578 0.00308043
3 0.579545 0.469008 0.0268595 0.0247934 0.00787727
1 0.56405 0.996901 0.0289256 0.00619835 0.0313026
0 0.563017 0.77376 0.0309917 0.0227273 0.744291
3 0.577479 0.456612 0.0268595 0.0123967 0.749895
2 0.573347 0.489669 0.0309917 0.0247934 0.878729
