0 0.602273 0.768595 0.035124 0.0289256 0.00100012
1 0.326446 0.00103306 0.0330578 0.00206612 0.00101935
1 0.530992 0.00103306 0.0289256 0.00206612 0.00107454
1 0.586777 0.00103306 0.0289256 0.00206612 0.00109665
1 0.363636 0.00103306 0.0330578 0.00206612 0.00114305
1 0.570248 0.00103306 0.0289256 0.00206612 0.00114514
1 0.518595 0.00103306 0.0371901 0.00206612 0.00133618
1 0.47624 0.00103306 0.035124 0.00206612 0.00134149
1 0.415289 0.00103306 0.0247934 0.00206612 0.0013986
1 0.555785 0.00103306 0.0371901 0.00206612 0.00142524
1 0.453512 0.00103306 0.0268595 0.00206612 0.00146325
1 0.404959 0.00103306 0.0330578 0.00206612 0.00147479
1 0.43905 0.00103306 0.035124 0.00206612 0.00187884
0 0.58781 0.834711 0.035124 0.0454545 0.00268675
1 0.571281 0.993802 0.0309917 0.0123967 0.00761091
1 0.576446 0.996901 0.0289256 0.00619835 0.131793
3 0.696281 0.489669 0.0330578 0.0289256 0.405884
3 0.710744 0.457645 0.0289256 0.018595 0.778836
0 0.60124 0.782025 0.0330578 0.0227273 0.796702
2 0.696281 0.490702 0.0330578 0.0268595 0.892716
