0 0.572314 0.91219 0.0289256 0.0227273 0.00100518
0 0.578512 0.834711 0.0330578 0.0289256 0.00114929
1 0.532025 0.00103306 0.0309917 0.00206612 0.00115092
1 0.594008 0.00206612 0.0392562 0.00413223 0.00121025
0 0.586777 0.765496 0.0371901 0.035124 0.00125588
1 0.492769 0.00103306 0.0309917 0.00206612 0.00144512
1 0.549587 0.00103306 0.0330578 0.00206612 0.00152195
1 0.363636 0.00103306 0.0371901 0.00206612 0.00171963
1 0.327479 0.00103306 0.035124 0.00206612 0.00181824
1 0.516529 0.00103306 0.0371901 0.00206612 0.00189376
1 0.416322 0.00103306 0.0309917 0.00206612 0.00191574
1 0.338843 0.00103306 0.0289256 0.00206612 0.00193592
1 0.479339 0.00103306 0.0371901 0.00206612 0.0019373
2 0.780992 0.709711 0.0289256 0.0309917 0.00205379
1 0.403926 0.00103306 0.035124 0.00206612 0.00206396
1 0.440083 0.00103306 0.0371901 0.00206612 0.00217666
0 0.57438 0.884298 0.0330578 0.0289256 0.00324716
0 0.579545 0.808884 0.035124 0.0309917 0.00327656
0 0.57438 0.872934 0.0289256 0.0227273 0.00746829
0 0.576446 0.855372 0.0330578 0.0413223 0.00924144
1 0.569215 0.993802 0.0309917 0.0123967 0.0113131
0 0.579545 0.799587 0.0309917 0.0247934 0.0347177
1 0.570248 0.996901 0.0289256 0.00619835 0.0740905
0 0.583678 0.77686 0.035124 0.0247934 0.0743927
0 0.582645 0.78719 0.0330578 0.0247934 0.712369
3 0.793388 0.72624 0.0206612 0.0268595 0.827869
2 0.765496 0.710744 0.0309917 0.0330578 0.865554
