1 0.674587 0.00103306 0.035124 0.00206612 0.00102839
1 0.492769 0.00103306 0.0268595 0.00206612 0.00103749
1 0.326446 0.00103306 0.0330578 0.00206612 0.00109249
1 0.634298 0.00103306 0.0371901 0.00206612 0.00109361
1 0.570248 0.00103306 0.0289256 0.00206612 0.00120687
1 0.479339 0.00103306 0.0330578 0.00206612 0.00126782
1 0.592975 0.00103306 0.0371901 0.00206612 0.00128116
1 0.364669 0.00103306 0.035124 0.00206612 0.00137139
1 0.556818 0.00103306 0.035124 0.00206612 0.00145529
3 0.501033 0.458678 0.035124 0.0206612 0.00155204
1 0.416322 0.00103306 0.0268595 0.00206612 0.00159968
1 0.517562 0.00103306 0.035124 0.00206612 0.00169578
1 0.555785 0.993802 0.0289256 0.0123967 0.00177192
1 0.404959 0.00103306 0.0330578 0.00206612 0.00179068
1 0.432851 0.00103306 0.0268595 0.00206612 0.00226751
0 0.540289 0.790289 0.0309917 0.0227273 0.0175552
1 0.558884 0.996901 0.0309917 0.00619835 0.0610842
3 0.5 0.491736 0.0330578 0.0247934 0.420936
0 0.539256 0.780992 0.0330578 0.0247934 0.760686
3 0.494835 0.458678 0.0309917 0.0123967 0.774864
2 0.5 0.492769 0.0330578 0.0268595 0.877512
