1 0.33781 0.00103306 0.0268595 0.00206612 0.00107376
1 0.326446 0.00103306 0.0330578 0.00206612 0.00110379
1 0.490702 0.00103306 0.0268595 0.00206612 0.00121953
1 0.364669 0.00103306 0.035124 0.00206612 0.00123983
1 0.592975 0.00103306 0.0371901 0.00206612 0.00132942
0 0.532025 0.80062 0.035124 0.0268595 0.00139319
1 0.478306 0.00103306 0.035124 0.00206612 0.00142707
0 0.536157 0.839876 0.035124 0.0433884 0.00143713
1 0.517562 0.00103306 0.035124 0.00206612 0.00148864
1 0.569215 0.00103306 0.0268595 0.00206612 0.00158577
1 0.556818 0.00103306 0.035124 0.00206612 0.001602
1 0.43905 0.00103306 0.035124 0.00206612 0.00164471
1 0.402893 0.00103306 0.0330578 0.00206612 0.00169394
0 0.533058 0.82438 0.0330578 0.0371901 0.00179624
1 0.415289 0.00103306 0.0247934 0.00206612 0.00183974
1 0.552686 0.995868 0.0309917 0.00826446 0.0529777
3 0.469008 0.487603 0.0330578 0.0247934 0.243742
0 0.529959 0.783058 0.0309917 0.0247934 0.753472
3 0.460744 0.452479 0.0289256 0.0123967 0.79543
2 0.470041 0.488636 0.035124 0.0227273 0.851394
