1 0.261364 0.00103306 0.0268595 0.00206612 0.00100593
1 0.28719 0.00103306 0.0371901 0.00206612 0.0010349
0 0.573347 0.836777 0.035124 0.0330578 0.00112922
1 0.568182 0.00103306 0.0330578 0.00206612 0.00143157
1 0.594008 0.00206612 0.0392562 0.00413223 0.00146095
1 0.517562 0.00103306 0.0392562 0.00206612 0.00156331
1 0.555785 0.00103306 0.0371901 0.00206612 0.00163839
1 0.477273 0.00103306 0.0371901 0.00206612 0.00167669
0 0.571281 0.883264 0.035124 0.0309917 0.0016805
1 0.453512 0.00103306 0.0309917 0.00206612 0.0017282
1 0.325413 0.00103306 0.035124 0.00206612 0.00177021
1 0.364669 0.00103306 0.035124 0.00206612 0.00181963
1 0.338843 0.00103306 0.0289256 0.00206612 0.00191016
1 0.414256 0.00103306 0.0309917 0.00206612 0.00195881
0 0.572314 0.872934 0.0330578 0.0268595 0.0020546
1 0.43905 0.00103306 0.035124 0.00206612 0.00226957
1 0.397727 0.00103306 0.0309917 0.00206612 0.00227498
1 0.567149 0.992769 0.0309917 0.0144628 0.0034676
0 0.572314 0.859504 0.0289256 0.0330578 0.00535093
0 0.573347 0.82438 0.0309917 0.0371901 0.00852378
0 0.579545 0.799587 0.0516529 0.053719 0.032422
1 0.570248 0.996901 0.0289256 0.00619835 0.0325199
3 0.690083 0.728306 0.0330578 0.035124 0.406624
0 0.576446 0.793388 0.0330578 0.0247934 0.748924
3 0.707645 0.751033 0.0227273 0.0227273 0.779106
2 0.690083 0.727273 0.0330578 0.0330578 0.847304
