1 0.454545 0.00103306 0.0289256 0.00206612 0.00107317
0 0.571281 0.764463 0.035124 0.0289256 0.00109139
1 0.491736 0.00103306 0.0289256 0.00206612 0.00110372
0 0.568182 0.85124 0.0330578 0.0330578 0.00117218
1 0.686983 0.00103306 0.0309917 0.00206612 0.00119376
2 0.876033 0.104339 0.0743802 0.109504 0.00123319
1 0.378099 0.00103306 0.0289256 0.00206612 0.00127168
1 0.673554 0.00206612 0.0371901 0.00413223 0.00127732
1 0.635331 0.00206612 0.0392562 0.00413223 0.00128331
1 0.555785 0.00103306 0.0371901 0.00206612 0.00134392
1 0.415289 0.00103306 0.0289256 0.00206612 0.00140958
1 0.595041 0.00103306 0.0371901 0.00206612 0.00146042
1 0.33781 0.00103306 0.0268595 0.00206612 0.00155429
1 0.479339 0.00103306 0.0371901 0.00206612 0.00157648
1 0.326446 0.00103306 0.0330578 0.00206612 0.00158446
1 0.517562 0.00103306 0.035124 0.00206612 0.00166441
1 0.43905 0.00103306 0.035124 0.00206612 0.00181642
1 0.364669 0.00103306 0.035124 0.00206612 0.00189113
1 0.401859 0.00103306 0.035124 0.00206612 0.00201337
0 0.571281 0.80062 0.035124 0.0268595 0.00205374
0 0.568182 0.822314 0.0330578 0.0371901 0.00346912
0 0.57438 0.77376 0.0330578 0.0268595 0.00414299
3 0.782025 0.558884 0.018595 0.0309917 0.0064979
1 0.565083 0.994835 0.0309917 0.0103306 0.0106674
1 0.566116 0.996901 0.0289256 0.00619835 0.0501827
3 0.756198 0.566116 0.0289256 0.0330578 0.446602
0 0.573347 0.783058 0.0309917 0.0247934 0.736618
3 0.789256 0.552686 0.0165289 0.0268595 0.872367
2 0.756198 0.56405 0.0289256 0.0330578 0.881487
