1 0.376033 0.00103306 0.0247934 0.00206612 0.0010424
1 0.665289 0.00103306 0.0289256 0.00206612 0.0010903
1 0.517562 0.00103306 0.035124 0.00206612 0.00123959
1 0.326446 0.00103306 0.0330578 0.00206612 0.00124801
1 0.336777 0.00103306 0.0247934 0.00206612 0.00125627
0 0.538223 0.840909 0.035124 0.0454545 0.00128978
1 0.557851 0.00103306 0.0371901 0.00206612 0.0013271
1 0.595041 0.00103306 0.0371901 0.00206612 0.00133042
1 0.363636 0.00103306 0.0330578 0.00206612 0.00138582
1 0.47624 0.00103306 0.035124 0.00206612 0.00147646
0 0.532025 0.772727 0.035124 0.0289256 0.00151707
1 0.453512 0.00103306 0.0268595 0.00206612 0.00156947
1 0.402893 0.00103306 0.0330578 0.00206612 0.00163136
1 0.441116 0.00103306 0.035124 0.00206612 0.00181499
0 0.535124 0.80062 0.0330578 0.0268595 0.00187983
0 0.534091 0.818182 0.0309917 0.0371901 0.0020826
3 0.472107 0.461777 0.0309917 0.0144628 0.00359127
1 0.552686 0.996901 0.0309917 0.00619835 0.0365788
3 0.475207 0.491736 0.0330578 0.0247934 0.0929394
0 0.532025 0.783058 0.0309917 0.0247934 0.745913
3 0.466942 0.458678 0.0289256 0.0123967 0.746283
2 0.475207 0.491736 0.0330578 0.0247934 0.897728
