1 0.252066 0.00103306 0.0371901 0.00206612 0.0010468
1 0.285124 0.00103306 0.0371901 0.00206612 0.00112832
1 0.455579 0.00103306 0.0309917 0.00206612 0.00134417
1 0.591942 0.00206612 0.0392562 0.00413223 0.00134478
1 0.529959 0.00103306 0.0309917 0.00206612 0.00138286
1 0.261364 0.00103306 0.0268595 0.00206612 0.00144922
1 0.377066 0.00103306 0.0309917 0.00206612 0.00145164
1 0.415289 0.00103306 0.0289256 0.00206612 0.00150396
1 0.338843 0.00103306 0.0289256 0.00206612 0.00158909
1 0.472107 0.00103306 0.0309917 0.00206612 0.0016582
1 0.327479 0.00103306 0.035124 0.00206612 0.00175843
1 0.570248 0.00103306 0.0330578 0.00206612 0.00176915
1 0.518595 0.00103306 0.0371901 0.00206612 0.0017836
1 0.401859 0.00103306 0.035124 0.00206612 0.00194463
1 0.440083 0.00103306 0.0371901 0.00206612 0.00196813
1 0.555785 0.00103306 0.0371901 0.00206612 0.00200882
1 0.357438 0.00103306 0.0289256 0.00206612 0.00211098
0 0.572314 0.884298 0.0330578 0.0289256 0.00333056
1 0.569215 0.992769 0.0309917 0.0144628 0.00401097
0 0.573347 0.871901 0.035124 0.0289256 0.00507682
0 0.577479 0.799587 0.0309917 0.0247934 0.0080279
0 0.575413 0.850207 0.0309917 0.0392562 0.010295
1 0.572314 0.996901 0.0289256 0.00619835 0.0396615
2 0.716942 0.734504 0.0330578 0.0309917 0.0501388
3 0.710744 0.727273 0.0330578 0.0330578 0.204291
3 0.728306 0.75 0.0227273 0.0206612 0.758282
0 0.579545 0.78719 0.0309917 0.0247934 0.75976
2 0.710744 0.727273 0.0330578 0.0330578 0.855249
