1 0.338843 0.00103306 0.0247934 0.00206612 0.00102362
1 0.532025 0.00103306 0.0268595 0.00206612 0.00102451
1 0.454545 0.00103306 0.0289256 0.00206612 0.0010776
1 0.491736 0.00103306 0.0289256 0.00206612 0.00113226
1 0.326446 0.00103306 0.0330578 0.00206612 0.00123777
1 0.595041 0.00103306 0.0371901 0.00206612 0.00124838
1 0.377066 0.00103306 0.0268595 0.00206612 0.00132636
1 0.414256 0.00103306 0.0268595 0.00206612 0.00136503
1 0.555785 0.00103306 0.0371901 0.00206612 0.00147288
1 0.478306 0.00103306 0.035124 0.00206612 0.00152104
0 0.582645 0.881198 0.0330578 0.0309917 0.0015343
1 0.517562 0.00103306 0.035124 0.00206612 0.00157281
1 0.364669 0.00103306 0.035124 0.00206612 0.00157525
1 0.401859 0.00103306 0.035124 0.00206612 0.00179619
2 0.871901 0.102273 0.0702479 0.109504 0.00182215
1 0.441116 0.00103306 0.035124 0.00206612 0.00182648
0 0.589876 0.82438 0.035124 0.0330578 0.00186264
0 0.591942 0.772727 0.035124 0.0289256 0.00230005
0 0.583678 0.864669 0.0309917 0.0268595 0.0039314
1 0.573347 0.993802 0.0309917 0.0123967 0.00684769
0 0.583678 0.83781 0.0309917 0.0433884 0.00686628
0 0.584711 0.852273 0.0330578 0.0268595 0.00724359
0 0.589876 0.791322 0.0309917 0.0247934 0.0190006
1 0.576446 0.996901 0.0289256 0.00619835 0.122572
3 0.659091 0.48657 0.0330578 0.0268595 0.428017
0 0.591942 0.780992 0.0309917 0.0247934 0.75198
3 0.669421 0.452479 0.0289256 0.0165289 0.775675
2 0.659091 0.48657 0.0330578 0.0268595 0.871135
