1 0.645661 0.00103306 0.0268595 0.00206612 0.00102189
1 0.529959 0.00103306 0.0268595 0.00206612 0.00102709
1 0.671488 0.00103306 0.0330578 0.00206612 0.00107568
3 0.492769 0.442149 0.0309917 0.0123967 0.00109572
2 0.497934 0.47624 0.0413223 0.0433884 0.00110274
1 0.415289 0.00103306 0.0247934 0.00206612 0.00119733
1 0.596074 0.00103306 0.035124 0.00206612 0.00126782
1 0.377066 0.00103306 0.0268595 0.00206612 0.0012782
1 0.635331 0.00103306 0.035124 0.00206612 0.00129569
1 0.556818 0.00103306 0.035124 0.00206612 0.00134122
1 0.556818 0.992769 0.0309917 0.0144628 0.00144717
1 0.517562 0.00103306 0.035124 0.00206612 0.00146179
1 0.478306 0.00103306 0.035124 0.00206612 0.00148001
1 0.365702 0.00103306 0.0330578 0.00206612 0.00149938
1 0.441116 0.00103306 0.035124 0.00206612 0.00157261
1 0.402893 0.00103306 0.0330578 0.00206612 0.00168981
0 0.540289 0.790289 0.0309917 0.0227273 0.0120055
1 0.556818 0.996901 0.0309917 0.00619835 0.040868
3 0.502066 0.484504 0.0330578 0.0268595 0.438818
3 0.497934 0.450413 0.0289256 0.0123967 0.742196
0 0.539256 0.779959 0.0330578 0.0227273 0.760873
2 0.503099 0.484504 0.0309917 0.0227273 0.866332
