1 0.377066 0.00103306 0.0268595 0.00206612 0.00105087
1 0.634298 0.00103306 0.0371901 0.00206612 0.00107136
1 0.414256 0.00103306 0.0268595 0.00206612 0.00122836
1 0.491736 0.00103306 0.0289256 0.00206612 0.00122983
1 0.326446 0.00103306 0.0330578 0.00206612 0.00124013
1 0.594008 0.00103306 0.035124 0.00206612 0.00126645
1 0.552686 0.993802 0.0309917 0.0123967 0.00136427
1 0.478306 0.00103306 0.035124 0.00206612 0.00149642
1 0.364669 0.00103306 0.035124 0.00206612 0.00151559
1 0.556818 0.00103306 0.035124 0.00206612 0.00152806
1 0.440083 0.00103306 0.0330578 0.00206612 0.00159424
1 0.400826 0.00103306 0.0330578 0.00206612 0.00159645
1 0.517562 0.00103306 0.035124 0.00206612 0.00164296
0 0.524793 0.799587 0.0330578 0.0247934 0.00204199
1 0.553719 0.996901 0.0289256 0.00619835 0.0404621
3 0.451446 0.491736 0.035124 0.0247934 0.432179
3 0.440083 0.458678 0.0289256 0.0123967 0.734799
0 0.52376 0.784091 0.035124 0.0227273 0.783214
2 0.44938 0.491736 0.035124 0.0247934 0.858916
