0 0.556818 0.88843 0.0309917 0.0247934 0.00103113
1 0.451446 0.00103306 0.0268595 0.00206612 0.00105097
1 0.355372 0.00103306 0.0247934 0.00206612 0.00111949
1 0.33781 0.00103306 0.0268595 0.00206612 0.00112078
1 0.328512 0.00103306 0.0330578 0.00206612 0.0012113
1 0.634298 0.00103306 0.0371901 0.00206612 0.00122223
1 0.595041 0.00103306 0.0371901 0.00206612 0.00127383
1 0.491736 0.00103306 0.0289256 0.00206612 0.00129424
1 0.478306 0.00103306 0.035124 0.00206612 0.00136858
1 0.555785 0.00103306 0.0371901 0.00206612 0.00143375
0 0.554752 0.858471 0.0309917 0.0268595 0.00143809
1 0.364669 0.00103306 0.035124 0.00206612 0.00145515
1 0.555785 0.994835 0.0330578 0.0103306 0.00147988
1 0.517562 0.00103306 0.035124 0.00206612 0.00154779
1 0.438017 0.00103306 0.0330578 0.00206612 0.00185495
0 0.553719 0.849174 0.0413223 0.0413223 0.0018666
1 0.416322 0.00103306 0.0268595 0.00206612 0.00186964
1 0.403926 0.00103306 0.035124 0.00206612 0.00187632
3 0.533058 0.459711 0.0289256 0.0227273 0.00199799
0 0.556818 0.875 0.0309917 0.0268595 0.00214967
0 0.55062 0.797521 0.0309917 0.0330578 0.00285852
0 0.552686 0.767562 0.0309917 0.0268595 0.00750716
3 0.534091 0.48657 0.0309917 0.0268595 0.010991
1 0.561983 0.996901 0.0289256 0.00619835 0.0735403
3 0.533058 0.452479 0.0289256 0.0123967 0.760656
0 0.551653 0.77686 0.0330578 0.0247934 0.766181
2 0.535124 0.48657 0.0289256 0.0268595 0.875783
