1 0.378099 0.00103306 0.0289256 0.00206612 0.00109442
1 0.636364 0.00206612 0.0413223 0.00413223 0.0011291
0 0.0485537 0.165289 0.0433884 0.0950413 0.00113472
1 0.595041 0.00206612 0.0413223 0.00413223 0.00117224
1 0.568182 0.00103306 0.0330578 0.00206612 0.00118072
0 0.572314 0.892562 0.0289256 0.0413223 0.00126005
1 0.554752 0.00103306 0.0392562 0.00206612 0.00139666
1 0.33781 0.00103306 0.0268595 0.00206612 0.00142218
1 0.454545 0.00103306 0.0289256 0.00206612 0.00147323
1 0.479339 0.00103306 0.0371901 0.00206612 0.00166339
1 0.517562 0.00103306 0.0392562 0.00206612 0.00167088
1 0.364669 0.00103306 0.035124 0.00206612 0.0018552
1 0.415289 0.00103306 0.0289256 0.00206612 0.00187392
1 0.319215 0.00103306 0.0268595 0.00206612 0.00211999
1 0.402893 0.00103306 0.0371901 0.00206612 0.00221846
1 0.43905 0.00103306 0.035124 0.00206612 0.00224656
1 0.567149 0.992769 0.0309917 0.0144628 0.00414897
0 0.573347 0.871901 0.0309917 0.0247934 0.00428294
0 0.572314 0.859504 0.0289256 0.0289256 0.0101431
0 0.573347 0.827479 0.0309917 0.0392562 0.0106876
1 0.570248 0.996901 0.0289256 0.00619835 0.0345153
3 0.700413 0.740702 0.0289256 0.0309917 0.276737
3 0.693182 0.729339 0.035124 0.0330578 0.328065
3 0.710744 0.752066 0.0247934 0.0206612 0.732091
0 0.576446 0.792355 0.0330578 0.0268595 0.744817
2 0.693182 0.728306 0.035124 0.035124 0.762416
