1 0.326446 0.00103306 0.0330578 0.00206612 0.00105204
1 0.453512 0.00103306 0.0268595 0.00206612 0.00108245
1 0.356405 0.00103306 0.0268595 0.00206612 0.00108639
3 0.790289 0.136364 0.0309917 0.0702479 0.00110046
1 0.570248 0.00103306 0.0289256 0.00206612 0.00114696
1 0.492769 0.00103306 0.0268595 0.00206612 0.00126158
1 0.591942 0.00103306 0.035124 0.00206612 0.00126608
1 0.338843 0.00103306 0.0247934 0.00206612 0.00128007
1 0.517562 0.00103306 0.035124 0.00206612 0.00136761
1 0.557851 0.00103306 0.0371901 0.00206612 0.00136956
1 0.478306 0.00103306 0.035124 0.00206612 0.00143522
1 0.364669 0.00103306 0.035124 0.00206612 0.0015087
1 0.43905 0.00103306 0.035124 0.00206612 0.00162052
1 0.402893 0.00103306 0.0330578 0.00206612 0.00173319
1 0.414256 0.00103306 0.0268595 0.00206612 0.00184678
0 0.527893 0.768595 0.035124 0.0247934 0.00369166
0 0.529959 0.790289 0.035124 0.0227273 0.00785722
1 0.55062 0.995868 0.0309917 0.00826446 0.0483784
3 0.469008 0.48657 0.0330578 0.0227273 0.176943
0 0.528926 0.778926 0.0330578 0.0247934 0.747238
3 0.460744 0.452479 0.0289256 0.0123967 0.80075
2 0.469008 0.48657 0.0330578 0.0227273 0.863032
