0 0.540289 0.873967 0.035124 0.0247934 0.00102425
0 0.529959 0.80062 0.035124 0.0268595 0.00114171
0 0.535124 0.85124 0.0371901 0.0454545 0.00115331
1 0.326446 0.00103306 0.0330578 0.00206612 0.00119845
1 0.586777 0.00103306 0.0289256 0.00206612 0.0013156
1 0.356405 0.00103306 0.0268595 0.00206612 0.00132229
1 0.556818 0.00103306 0.035124 0.00206612 0.00142202
1 0.517562 0.00103306 0.035124 0.00206612 0.00144967
1 0.47624 0.00103306 0.035124 0.00206612 0.00153054
1 0.402893 0.00103306 0.0330578 0.00206612 0.00159773
1 0.441116 0.00103306 0.035124 0.00206612 0.00186169
1 0.453512 0.00103306 0.0268595 0.00206612 0.00193221
0 0.527893 0.789256 0.035124 0.0206612 0.0191696
1 0.553719 0.996901 0.0289256 0.00619835 0.0617015
3 0.46281 0.493802 0.0330578 0.0247934 0.171729
0 0.52686 0.782025 0.0330578 0.0227273 0.78535
3 0.453512 0.460744 0.0309917 0.0123967 0.79058
2 0.46281 0.493802 0.0330578 0.0247934 0.900898
