1 0.627066 0.00103306 0.0268595 0.00206612 0.00107775
1 0.609504 0.00103306 0.0289256 0.00206612 0.00107999
1 0.453512 0.00103306 0.0268595 0.00206612 0.00114901
1 0.595041 0.00103306 0.0371901 0.00206612 0.00124302
0 0.532025 0.799587 0.035124 0.0247934 0.00125399
1 0.364669 0.00103306 0.035124 0.00206612 0.00125599
1 0.554752 0.00103306 0.035124 0.00206612 0.00130904
1 0.478306 0.00103306 0.035124 0.00206612 0.00136687
1 0.517562 0.00103306 0.035124 0.00206612 0.00140521
1 0.43905 0.00103306 0.035124 0.00206612 0.00154162
1 0.414256 0.00103306 0.0268595 0.00206612 0.00154494
1 0.402893 0.00103306 0.0330578 0.00206612 0.00164494
0 0.539256 0.852273 0.0330578 0.0227273 0.00204926
3 0.461777 0.451446 0.0309917 0.0103306 0.00206278
0 0.53719 0.839876 0.0330578 0.0392562 0.0021144
0 0.534091 0.826446 0.0309917 0.0371901 0.00258827
1 0.552686 0.995868 0.0309917 0.00826446 0.0432536
3 0.467975 0.461777 0.0309917 0.018595 0.116234
3 0.470041 0.490702 0.035124 0.0227273 0.303582
0 0.530992 0.784091 0.0330578 0.0227273 0.759427
3 0.46281 0.456612 0.0289256 0.0123967 0.761747
2 0.471074 0.489669 0.0330578 0.0247934 0.854412
