1 0.609504 0.00103306 0.0330578 0.00206612 0.00102899
1 0.634298 0.00206612 0.0413223 0.00413223 0.00107218
1 0.493802 0.00103306 0.0330578 0.00206612 0.00129519
1 0.378099 0.00103306 0.0289256 0.00206612 0.00129539
0 0.577479 0.809917 0.035124 0.0330578 0.00135614
1 0.549587 0.00103306 0.0330578 0.00206612 0.00136369
0 0.0506198 0.165289 0.0433884 0.0909091 0.0013693
1 0.596074 0.00206612 0.0392562 0.00413223 0.00141248
1 0.453512 0.00103306 0.0309917 0.00206612 0.00147578
1 0.336777 0.00103306 0.0289256 0.00206612 0.00158754
0 0.588843 0.765496 0.0289256 0.035124 0.00169981
1 0.416322 0.00103306 0.0309917 0.00206612 0.00171252
0 0.577479 0.838843 0.0309917 0.0289256 0.00171902
1 0.478306 0.00103306 0.0392562 0.00206612 0.00173041
1 0.516529 0.00103306 0.0371901 0.00206612 0.00175137
1 0.364669 0.00103306 0.035124 0.00206612 0.00194956
1 0.320248 0.00103306 0.0289256 0.00206612 0.00200176
1 0.440083 0.00103306 0.0371901 0.00206612 0.00223063
1 0.402893 0.00103306 0.0371901 0.00206612 0.00235738
0 0.57438 0.88843 0.0330578 0.0289256 0.00361286
0 0.579545 0.799587 0.0309917 0.0247934 0.00431171
0 0.57438 0.873967 0.0330578 0.0289256 0.00621225
1 0.569215 0.991736 0.0309917 0.0123967 0.00670224
0 0.576446 0.860537 0.0330578 0.0392562 0.00980137
1 0.570248 0.996901 0.0289256 0.00619835 0.0402886
3 0.75 0.715909 0.0330578 0.0309917 0.425157
0 0.581612 0.785124 0.035124 0.0247934 0.727265
3 0.77376 0.733471 0.0227273 0.0247934 0.782844
2 0.748967 0.714876 0.0309917 0.0330578 0.879831
