0 0.525826 0.768595 0.035124 0.0247934 0.00106916
1 0.491736 0.00103306 0.0289256 0.00206612 0.0011146
1 0.592975 0.00103306 0.0371901 0.00206612 0.00116955
1 0.568182 0.00103306 0.0289256 0.00206612 0.00117652
3 0.792355 0.140496 0.0268595 0.0619835 0.00122744
1 0.318182 0.00103306 0.0247934 0.00206612 0.001313
1 0.414256 0.00103306 0.0268595 0.00206612 0.00132425
1 0.517562 0.00103306 0.035124 0.00206612 0.00136398
0 0.534091 0.83781 0.035124 0.0433884 0.00137474
1 0.554752 0.00103306 0.035124 0.00206612 0.0013804
1 0.478306 0.00103306 0.035124 0.00206612 0.00138788
1 0.453512 0.00103306 0.0268595 0.00206612 0.00140845
1 0.364669 0.00103306 0.035124 0.00206612 0.00144419
1 0.43905 0.00103306 0.035124 0.00206612 0.00171301
1 0.402893 0.00103306 0.0330578 0.00206612 0.00183425
0 0.527893 0.799587 0.035124 0.0247934 0.00966319
3 0.456612 0.483471 0.0371901 0.0289256 0.0390976
1 0.552686 0.996901 0.0309917 0.00619835 0.0468194
3 0.455579 0.470041 0.035124 0.0309917 0.110632
3 0.461777 0.492769 0.035124 0.0227273 0.12744
0 0.52686 0.784091 0.0330578 0.0227273 0.744603
3 0.452479 0.459711 0.0289256 0.0103306 0.783547
2 0.460744 0.492769 0.0330578 0.0227273 0.881633
