1 0.455579 0.00103306 0.0309917 0.00206612 0.00119383
1 0.594008 0.00206612 0.0392562 0.00413223 0.00127413
1 0.556818 0.00103306 0.0392562 0.00206612 0.00145379
1 0.517562 0.00103306 0.0392562 0.00206612 0.00155647
1 0.473141 0.00103306 0.0330578 0.00206612 0.00176497
2 0.68595 0.706612 0.0289256 0.0289256 0.00195854
1 0.338843 0.00103306 0.0289256 0.00206612 0.00196808
1 0.401859 0.00103306 0.035124 0.00206612 0.0019782
1 0.327479 0.00103306 0.035124 0.00206612 0.00200258
1 0.414256 0.00103306 0.0309917 0.00206612 0.00209596
1 0.440083 0.00103306 0.0371901 0.00206612 0.00214544
1 0.355372 0.00103306 0.0289256 0.00206612 0.00215552
0 0.571281 0.871901 0.0309917 0.0247934 0.00342968
1 0.567149 0.992769 0.0309917 0.0144628 0.00395499
0 0.571281 0.862603 0.0309917 0.0309917 0.00422003
0 0.572314 0.825413 0.0330578 0.0392562 0.00607753
0 0.578512 0.80062 0.0330578 0.0268595 0.0203732
3 0.704545 0.720041 0.0289256 0.0309917 0.039167
1 0.570248 0.996901 0.0289256 0.00619835 0.0393238
3 0.694215 0.714876 0.0330578 0.0330578 0.305633
3 0.711777 0.731405 0.0227273 0.0206612 0.722793
0 0.575413 0.792355 0.0309917 0.0268595 0.735791
2 0.693182 0.713843 0.035124 0.035124 0.867595
