1 0.454545 0.00103306 0.0289256 0.00206612 0.00101316
1 0.635331 0.00206612 0.0392562 0.00413223 0.00112232
2 0.804752 0.657025 0.0433884 0.0661157 0.00113921
1 0.569215 0.00103306 0.0309917 0.00206612 0.00115294
0 0.576446 0.889463 0.0330578 0.0309917 0.00116662
0 0.581612 0.819215 0.0392562 0.0309917 0.00119443
1 0.672521 0.00206612 0.0392562 0.00413223 0.00121763
1 0.594008 0.00206612 0.0392562 0.00413223 0.00125795
1 0.492769 0.00103306 0.0309917 0.00206612 0.00132766
1 0.532025 0.00103306 0.0309917 0.00206612 0.0013593
0 0.586777 0.772727 0.0371901 0.0247934 0.00151402
1 0.554752 0.00103306 0.0392562 0.00206612 0.00158531
1 0.378099 0.00103306 0.0289256 0.00206612 0.00161966
1 0.415289 0.00103306 0.0289256 0.00206612 0.00174466
1 0.440083 0.00103306 0.0371901 0.00206612 0.00186345
1 0.479339 0.00103306 0.0371901 0.00206612 0.00190829
1 0.327479 0.00103306 0.035124 0.00206612 0.00198392
1 0.518595 0.00103306 0.0371901 0.00206612 0.00200894
1 0.338843 0.00103306 0.0289256 0.00206612 0.00225992
1 0.364669 0.00103306 0.035124 0.00206612 0.00239357
0 0.576446 0.862603 0.0330578 0.0309917 0.00246968
1 0.395661 0.00103306 0.0309917 0.00206612 0.00249262
0 0.582645 0.799587 0.0330578 0.0247934 0.00338263
0 0.578512 0.849174 0.0330578 0.0413223 0.00499655
2 0.802686 0.655992 0.0227273 0.0268595 0.0077156
1 0.569215 0.993802 0.0309917 0.0123967 0.0159454
1 0.570248 0.996901 0.0289256 0.00619835 0.0895668
3 0.809917 0.665289 0.0247934 0.0330578 0.205403
0 0.585744 0.785124 0.035124 0.0247934 0.750618
3 0.844008 0.670455 0.018595 0.0309917 0.810885
2 0.809917 0.664256 0.0247934 0.0309917 0.867367
