1 0.570248 0.00103306 0.0330578 0.00206612 0.00110148
1 0.492769 0.00103306 0.0309917 0.00206612 0.00136626
1 0.594008 0.00206612 0.0392562 0.00413223 0.00143483
1 0.556818 0.00103306 0.0392562 0.00206612 0.00151172
1 0.378099 0.00103306 0.0289256 0.00206612 0.00152387
1 0.416322 0.00103306 0.0309917 0.00206612 0.00153025
1 0.327479 0.00103306 0.035124 0.00206612 0.00156284
1 0.453512 0.00103306 0.0309917 0.00206612 0.00159826
1 0.338843 0.00103306 0.0289256 0.00206612 0.00165093
1 0.516529 0.00103306 0.0371901 0.00206612 0.0018015
1 0.477273 0.00103306 0.0371901 0.00206612 0.00189125
1 0.566116 0.990702 0.0330578 0.018595 0.00194812
1 0.364669 0.00103306 0.035124 0.00206612 0.00220897
1 0.434917 0.00103306 0.0309917 0.00206612 0.00223081
1 0.395661 0.00103306 0.0309917 0.00206612 0.00233856
0 0.573347 0.870868 0.0309917 0.0268595 0.00239047
0 0.573347 0.857438 0.0268595 0.0330578 0.00543142
0 0.576446 0.80062 0.0289256 0.0268595 0.00958681
3 0.69938 0.745868 0.0309917 0.0289256 0.00982464
0 0.573347 0.823347 0.0309917 0.035124 0.0111383
1 0.570248 0.996901 0.0289256 0.00619835 0.026348
3 0.686983 0.735537 0.035124 0.0330578 0.431418
0 0.576446 0.791322 0.0330578 0.0247934 0.750724
3 0.705579 0.758264 0.0227273 0.0206612 0.802935
2 0.686983 0.735537 0.035124 0.0330578 0.883015
