1 0.326446 0.00103306 0.0330578 0.00206612 0.001016
1 0.672521 0.00103306 0.035124 0.00206612 0.00108781
0 0.544421 0.769628 0.0309917 0.0268595 0.00108939
1 0.636364 0.00103306 0.0371901 0.00206612 0.00118029
1 0.568182 0.00103306 0.0289256 0.00206612 0.00121528
1 0.453512 0.00103306 0.0268595 0.00206612 0.0012503
1 0.594008 0.00103306 0.035124 0.00206612 0.00129534
1 0.376033 0.00103306 0.0247934 0.00206612 0.00129739
1 0.490702 0.00103306 0.0268595 0.00206612 0.00133985
0 0.547521 0.84814 0.0371901 0.0475207 0.00136991
1 0.415289 0.00103306 0.0247934 0.00206612 0.00143605
1 0.365702 0.00103306 0.0330578 0.00206612 0.00153005
1 0.478306 0.00103306 0.035124 0.00206612 0.00162323
1 0.554752 0.00103306 0.035124 0.00206612 0.00163205
1 0.517562 0.00103306 0.035124 0.00206612 0.00168243
1 0.402893 0.00103306 0.0330578 0.00206612 0.0017808
0 0.551653 0.873967 0.0289256 0.0247934 0.00181885
1 0.440083 0.00103306 0.0330578 0.00206612 0.00183272
0 0.545455 0.791322 0.0289256 0.0247934 0.00539595
3 0.495868 0.441116 0.0289256 0.0103306 0.017548
1 0.555785 0.996901 0.0289256 0.00619835 0.0647323
2 0.498967 0.447314 0.0309917 0.0144628 0.206042
3 0.504132 0.479339 0.0330578 0.0247934 0.434344
3 0.497934 0.446281 0.0289256 0.0123967 0.725058
0 0.546488 0.778926 0.0309917 0.0247934 0.807517
2 0.504132 0.480372 0.0330578 0.0227273 0.86166
