1 0.627066 0.00103306 0.0268595 0.00206612 0.00105335
1 0.454545 0.00103306 0.0289256 0.00206612 0.00105613
0 0.534091 0.846074 0.0392562 0.0475207 0.00112823
1 0.364669 0.00103306 0.035124 0.00206612 0.00124765
1 0.478306 0.00103306 0.035124 0.00206612 0.00142881
1 0.518595 0.00103306 0.0371901 0.00206612 0.00147924
1 0.594008 0.00103306 0.035124 0.00206612 0.00149582
1 0.402893 0.00103306 0.0330578 0.00206612 0.00156661
1 0.415289 0.00103306 0.0247934 0.00206612 0.00167294
1 0.440083 0.00103306 0.0330578 0.00206612 0.0016766
1 0.568182 0.00103306 0.0289256 0.00206612 0.00172436
1 0.556818 0.00103306 0.035124 0.00206612 0.0017984
0 0.528926 0.768595 0.0330578 0.0289256 0.00239938
3 0.193182 0.995868 0.0227273 0.00826446 0.00559557
0 0.529959 0.790289 0.035124 0.0227273 0.00808869
1 0.55062 0.996901 0.0309917 0.00619835 0.0393128
3 0.469008 0.484504 0.0330578 0.0227273 0.15772
0 0.528926 0.779959 0.0330578 0.0227273 0.75824
3 0.460744 0.450413 0.0289256 0.0123967 0.787562
2 0.469008 0.484504 0.0330578 0.0227273 0.866443
