1 0.492769 0.00103306 0.0268595 0.00206612 0.00102903
0 0.542355 0.833678 0.035124 0.0227273 0.00105289
1 0.563017 0.993802 0.0309917 0.0123967 0.0010957
1 0.634298 0.00103306 0.0371901 0.00206612 0.00110144
2 0.870868 0.10124 0.0764463 0.123967 0.00117463
1 0.568182 0.00103306 0.0289256 0.00206612 0.00117738
1 0.326446 0.00103306 0.0330578 0.00206612 0.00118083
1 0.453512 0.00103306 0.0268595 0.00206612 0.00124018
1 0.416322 0.00103306 0.0268595 0.00206612 0.00128426
1 0.594008 0.00103306 0.035124 0.00206612 0.00131914
1 0.336777 0.00103306 0.0247934 0.00206612 0.0013453
1 0.478306 0.00103306 0.035124 0.00206612 0.00150992
1 0.555785 0.00103306 0.0371901 0.00206612 0.00151688
1 0.363636 0.00103306 0.0330578 0.00206612 0.00159135
1 0.402893 0.00103306 0.0330578 0.00206612 0.00160674
1 0.517562 0.00103306 0.035124 0.00206612 0.0016205
1 0.440083 0.00103306 0.0330578 0.00206612 0.00177671
2 0.454545 0.474174 0.0371901 0.0268595 0.00239925
0 0.538223 0.802686 0.0309917 0.0309917 0.0028017
1 0.563017 0.996901 0.0309917 0.00619835 0.0492567
3 0.455579 0.484504 0.035124 0.0227273 0.389841
0 0.535124 0.782025 0.0330578 0.0227273 0.77439
3 0.443182 0.450413 0.0309917 0.0123967 0.781754
2 0.455579 0.484504 0.035124 0.0227273 0.882858
