1 0.645661 0.00103306 0.0309917 0.00206612 0.00101013
1 0.673554 0.00103306 0.0371901 0.00206612 0.00101194
1 0.568182 0.00103306 0.0289256 0.00206612 0.00103741
1 0.634298 0.00103306 0.0371901 0.00206612 0.00113668
0 0.535124 0.85124 0.0371901 0.0454545 0.00126335
1 0.414256 0.00103306 0.0268595 0.00206612 0.00127057
1 0.325413 0.00103306 0.035124 0.00206612 0.00133794
1 0.377066 0.00103306 0.0268595 0.00206612 0.00133886
1 0.595041 0.00103306 0.0371901 0.00206612 0.0013438
1 0.491736 0.00103306 0.0289256 0.00206612 0.00135758
1 0.555785 0.00103306 0.0371901 0.00206612 0.00140615
1 0.478306 0.00103306 0.035124 0.00206612 0.00150625
1 0.43905 0.00103306 0.035124 0.00206612 0.00161602
1 0.515496 0.00103306 0.035124 0.00206612 0.00162574
1 0.366736 0.00103306 0.035124 0.00206612 0.00169787
1 0.395661 0.00103306 0.0268595 0.00206612 0.00195081
3 0.441116 0.44938 0.0309917 0.0103306 0.00208431
0 0.524793 0.768595 0.0330578 0.0247934 0.00475343
0 0.528926 0.791322 0.0371901 0.0247934 0.0058704
3 0.455579 0.485537 0.035124 0.0206612 0.0235687
1 0.552686 0.996901 0.0309917 0.00619835 0.0375309
3 0.446281 0.452479 0.0289256 0.0123967 0.778072
0 0.52686 0.777893 0.0330578 0.0227273 0.791464
2 0.455579 0.48657 0.035124 0.0227273 0.88612
