1 0.299587 0.00103306 0.0289256 0.00206612 0.0010161
1 0.634298 0.00206612 0.0413223 0.00413223 0.00102159
1 0.453512 0.00103306 0.0309917 0.00206612 0.00107134
0 0.579545 0.820248 0.035124 0.0371901 0.0011316
1 0.556818 0.00206612 0.0392562 0.00413223 0.00118694
1 0.338843 0.00103306 0.0289256 0.00206612 0.00118949
1 0.377066 0.00103306 0.0309917 0.00206612 0.0012781
0 0.578512 0.838843 0.0330578 0.0289256 0.00133869
1 0.492769 0.00103306 0.0309917 0.00206612 0.00139132
1 0.594008 0.00206612 0.0392562 0.00413223 0.00147251
1 0.32438 0.00103306 0.0371901 0.00206612 0.00153246
1 0.516529 0.00103306 0.0371901 0.00206612 0.00165159
1 0.365702 0.00103306 0.0371901 0.00206612 0.00165687
0 0.581612 0.80062 0.035124 0.0268595 0.00170967
1 0.478306 0.00103306 0.0392562 0.00206612 0.00186043
1 0.416322 0.00103306 0.0309917 0.00206612 0.00205906
1 0.438017 0.00103306 0.0371901 0.00206612 0.00211005
1 0.402893 0.00103306 0.0371901 0.00206612 0.00228289
0 0.575413 0.886364 0.0309917 0.0289256 0.00268725
0 0.588843 0.768595 0.0413223 0.0247934 0.00284448
2 0.795455 0.670455 0.0206612 0.0309917 0.00327575
0 0.575413 0.871901 0.0309917 0.0247934 0.00407914
0 0.576446 0.856405 0.0330578 0.0392562 0.00893385
1 0.566116 0.993802 0.0289256 0.00826446 0.0108201
0 0.583678 0.791322 0.0309917 0.0247934 0.0241986
1 0.570248 0.996901 0.0289256 0.00619835 0.16465
3 0.806818 0.679752 0.0268595 0.0330578 0.220728
0 0.585744 0.780992 0.035124 0.0247934 0.756874
3 0.839876 0.68905 0.018595 0.0309917 0.831969
2 0.805785 0.678719 0.0289256 0.035124 0.861501
