1 0.377066 0.00103306 0.0268595 0.00206612 0.00104367
1 0.325413 0.00103306 0.035124 0.00206612 0.0011021
1 0.595041 0.00103306 0.0371901 0.00206612 0.00127328
1 0.554752 0.00103306 0.035124 0.00206612 0.00128196
1 0.416322 0.00103306 0.0268595 0.00206612 0.00132746
0 0.539256 0.876033 0.0330578 0.0247934 0.00135503
1 0.364669 0.00103306 0.035124 0.00206612 0.00139525
1 0.492769 0.00103306 0.0268595 0.00206612 0.00141069
2 0.870868 0.103306 0.0764463 0.119835 0.00148698
0 0.543388 0.88843 0.0371901 0.0289256 0.00155881
1 0.43905 0.00103306 0.035124 0.00206612 0.00156799
0 0.535124 0.86157 0.0371901 0.0454545 0.00158125
1 0.480372 0.00103306 0.035124 0.00206612 0.00158836
1 0.515496 0.00103306 0.035124 0.00206612 0.00162487
1 0.402893 0.00103306 0.0330578 0.00206612 0.0017003
0 0.52376 0.768595 0.035124 0.0247934 0.00280751
3 0.442149 0.450413 0.0330578 0.0123967 0.00295395
0 0.52686 0.791322 0.0371901 0.0247934 0.00440306
1 0.551653 0.996901 0.0289256 0.00619835 0.0336032
3 0.453512 0.488636 0.035124 0.0227273 0.405715
3 0.444215 0.454545 0.0289256 0.0123967 0.751781
0 0.524793 0.777893 0.0330578 0.0227273 0.811846
2 0.453512 0.488636 0.035124 0.0227273 0.866829
