1 0.635331 0.00103306 0.0392562 0.00206612 0.00101259
1 0.491736 0.00103306 0.0289256 0.00206612 0.00102847
1 0.673554 0.00103306 0.0371901 0.00206612 0.00103421
1 0.33781 0.00103306 0.0268595 0.00206612 0.00105901
1 0.376033 0.00103306 0.0289256 0.00206612 0.00124101
1 0.327479 0.00103306 0.035124 0.00206612 0.00134877
1 0.516529 0.00103306 0.0371901 0.00206612 0.0013546
1 0.557851 0.00103306 0.0371901 0.00206612 0.00139608
1 0.594008 0.00103306 0.035124 0.00206612 0.00141828
1 0.454545 0.00103306 0.0289256 0.00206612 0.00157381
1 0.415289 0.00103306 0.0289256 0.00206612 0.00162246
1 0.477273 0.00103306 0.0371901 0.00206612 0.00162942
0 0.565083 0.82438 0.035124 0.0413223 0.00167519
1 0.364669 0.00103306 0.035124 0.00206612 0.00173473
1 0.401859 0.00103306 0.035124 0.00206612 0.00197492
1 0.441116 0.00103306 0.035124 0.00206612 0.00199757
1 0.565083 0.992769 0.0309917 0.0144628 0.00238806
0 0.570248 0.769628 0.0330578 0.0309917 0.00265269
3 0.737603 0.520661 0.0289256 0.0330578 0.00319795
0 0.569215 0.789256 0.0309917 0.0206612 0.0132378
2 0.727273 0.524793 0.0330578 0.0330578 0.0362358
1 0.566116 0.996901 0.0289256 0.00619835 0.0863097
3 0.721074 0.530992 0.0330578 0.0330578 0.219892
0 0.570248 0.780992 0.0330578 0.0247934 0.797082
3 0.748967 0.509298 0.0227273 0.0227273 0.843512
2 0.719008 0.532025 0.0330578 0.0309917 0.872367
