0 0.541322 0.805785 0.0330578 0.0289256 0.00105083
1 0.672521 0.00103306 0.035124 0.00206612 0.00105315
1 0.636364 0.00103306 0.0371901 0.00206612 0.00105545
1 0.532025 0.00103306 0.0268595 0.00206612 0.00107104
1 0.376033 0.00103306 0.0247934 0.00206612 0.00109619
1 0.594008 0.00103306 0.035124 0.00206612 0.00109976
1 0.568182 0.00103306 0.0289256 0.00206612 0.00113213
0 0.544421 0.858471 0.0309917 0.0268595 0.00114481
1 0.402893 0.00103306 0.0330578 0.00206612 0.00137087
1 0.492769 0.00103306 0.0268595 0.00206612 0.00140813
1 0.363636 0.00103306 0.0330578 0.00206612 0.0014194
1 0.554752 0.00103306 0.035124 0.00206612 0.00142761
3 0.84814 0.985537 0.035124 0.0206612 0.00159218
1 0.516529 0.00103306 0.0330578 0.00206612 0.00165637
1 0.442149 0.00103306 0.0330578 0.00206612 0.00182426
1 0.477273 0.00103306 0.0330578 0.00206612 0.0018714
1 0.452479 0.00103306 0.0247934 0.00206612 0.00221695
3 0.844008 0.992769 0.0309917 0.0144628 0.00458886
3 0.480372 0.44938 0.0268595 0.0103306 0.00482076
3 0.845041 0.995868 0.0165289 0.00826446 0.00627984
0 0.540289 0.793388 0.0309917 0.0289256 0.0068612
1 0.552686 0.996901 0.0309917 0.00619835 0.0186908
3 0.490702 0.487603 0.0309917 0.0247934 0.0487022
0 0.538223 0.778926 0.0309917 0.0247934 0.751264
3 0.484504 0.452479 0.0268595 0.0123967 0.768238
2 0.490702 0.48657 0.0309917 0.0227273 0.857497
