1 0.320248 0.00103306 0.0247934 0.00206612 0.00100506
1 0.634298 0.00103306 0.0371901 0.00206612 0.00108347
1 0.451446 0.00103306 0.0268595 0.00206612 0.00119845
1 0.492769 0.00103306 0.0268595 0.00206612 0.00121283
1 0.377066 0.00103306 0.0268595 0.00206612 0.00121775
1 0.569215 0.00103306 0.0268595 0.00206612 0.00127254
1 0.336777 0.00103306 0.0247934 0.00206612 0.00128626
1 0.328512 0.00103306 0.0330578 0.00206612 0.00129627
1 0.416322 0.00103306 0.0268595 0.00206612 0.00129658
1 0.594008 0.00103306 0.035124 0.00206612 0.00135704
1 0.478306 0.00103306 0.035124 0.00206612 0.00140727
1 0.556818 0.00103306 0.035124 0.00206612 0.00153322
1 0.517562 0.00103306 0.035124 0.00206612 0.00156157
1 0.43905 0.00103306 0.035124 0.00206612 0.0016215
1 0.401859 0.00103306 0.035124 0.00206612 0.00167576
1 0.363636 0.00103306 0.0330578 0.00206612 0.00167959
0 0.545455 0.771694 0.0330578 0.0268595 0.00171725
2 0.517562 0.474174 0.0268595 0.0227273 0.00187868
1 0.555785 0.994835 0.0330578 0.0103306 0.00375395
0 0.549587 0.790289 0.0289256 0.0227273 0.00400831
1 0.56095 0.996901 0.0309917 0.00619835 0.0729798
3 0.524793 0.491736 0.0289256 0.0247934 0.426768
3 0.522727 0.458678 0.0289256 0.0123967 0.734089
0 0.546488 0.782025 0.0309917 0.0227273 0.759136
2 0.524793 0.492769 0.0289256 0.0268595 0.894756
