1 0.569215 0.00103306 0.0268595 0.00206612 0.00102331
1 0.555785 0.994835 0.0371901 0.0103306 0.00102892
1 0.627066 0.00103306 0.0268595 0.00206612 0.00114707
1 0.529959 0.00103306 0.0268595 0.00206612 0.00115202
1 0.595041 0.00103306 0.0371901 0.00206612 0.00129044
1 0.363636 0.00103306 0.0330578 0.00206612 0.00130157
1 0.492769 0.00103306 0.0268595 0.00206612 0.00131667
1 0.453512 0.00103306 0.0268595 0.00206612 0.00133816
1 0.554752 0.00103306 0.035124 0.00206612 0.00142109
0 0.543388 0.77376 0.0330578 0.0268595 0.00146574
3 0.192149 0.993802 0.0206612 0.00826446 0.00152812
1 0.516529 0.00103306 0.0371901 0.00206612 0.00154076
1 0.402893 0.00103306 0.0330578 0.00206612 0.00159204
1 0.478306 0.00103306 0.035124 0.00206612 0.00167527
1 0.441116 0.00103306 0.035124 0.00206612 0.00173167
3 0.792355 0.132231 0.0268595 0.0619835 0.00243859
0 0.556818 0.878099 0.0309917 0.0413223 0.00305727
0 0.549587 0.867769 0.0330578 0.0371901 0.00520058
0 0.554752 0.893595 0.0309917 0.0227273 0.00723121
1 0.563017 0.996901 0.0309917 0.00619835 0.0779613
3 0.520661 0.490702 0.0289256 0.0268595 0.418544
3 0.518595 0.458678 0.0289256 0.0123967 0.717781
0 0.546488 0.783058 0.0309917 0.0247934 0.767735
2 0.520661 0.490702 0.0289256 0.0268595 0.891732
