1 0.68595 0.00103306 0.0289256 0.00206612 0.00102562
1 0.336777 0.00103306 0.0247934 0.00206612 0.00103931
1 0.492769 0.00103306 0.0268595 0.00206612 0.00104173
0 0.530992 0.838843 0.0371901 0.0413223 0.00109482
1 0.634298 0.00103306 0.0371901 0.00206612 0.0011003
1 0.568182 0.00103306 0.0289256 0.00206612 0.00116583
1 0.453512 0.00103306 0.0268595 0.00206612 0.00123439
1 0.592975 0.00103306 0.0371901 0.00206612 0.00123483
1 0.326446 0.00103306 0.0330578 0.00206612 0.00127483
1 0.414256 0.00103306 0.0268595 0.00206612 0.00130831
1 0.362603 0.00103306 0.035124 0.00206612 0.00132761
1 0.555785 0.00103306 0.0371901 0.00206612 0.00150871
1 0.554752 0.993802 0.0309917 0.0123967 0.00153509
1 0.480372 0.00103306 0.035124 0.00206612 0.00157787
1 0.402893 0.00103306 0.0330578 0.00206612 0.00157793
1 0.517562 0.00103306 0.035124 0.00206612 0.00158684
1 0.441116 0.00103306 0.035124 0.00206612 0.00180492
0 0.525826 0.798554 0.035124 0.0227273 0.00599382
1 0.554752 0.996901 0.0309917 0.00619835 0.043531
3 0.44938 0.493802 0.035124 0.0247934 0.401041
3 0.43905 0.460744 0.0309917 0.0123967 0.739276
0 0.522727 0.785124 0.0330578 0.0247934 0.78588
2 0.44938 0.493802 0.035124 0.0247934 0.868105
