3 0.792355 0.134298 0.0309917 0.0785124 0.00105357
1 0.33781 0.00103306 0.0268595 0.00206612 0.00108258
1 0.455579 0.00103306 0.0268595 0.00206612 0.00110129
2 0.871901 0.10124 0.0743802 0.119835 0.00116435
1 0.568182 0.00103306 0.0289256 0.00206612 0.00117553
1 0.415289 0.00103306 0.0247934 0.00206612 0.00122157
1 0.554752 0.993802 0.0309917 0.0123967 0.00124434
1 0.490702 0.00103306 0.0268595 0.00206612 0.00125957
1 0.592975 0.00103306 0.0371901 0.00206612 0.00126538
1 0.363636 0.00103306 0.0330578 0.00206612 0.00150257
1 0.555785 0.00103306 0.0371901 0.00206612 0.00152236
1 0.401859 0.00103306 0.035124 0.00206612 0.00153982
1 0.517562 0.00103306 0.035124 0.00206612 0.00162274
1 0.478306 0.00103306 0.035124 0.00206612 0.00164417
0 0.534091 0.845041 0.035124 0.0413223 0.00167363
1 0.441116 0.00103306 0.035124 0.00206612 0.00175629
0 0.524793 0.778926 0.0330578 0.0247934 0.00598463
0 0.52686 0.798554 0.0330578 0.0227273 0.00792332
1 0.553719 0.996901 0.0289256 0.00619835 0.0347191
3 0.457645 0.495868 0.035124 0.0206612 0.363036
3 0.44938 0.46281 0.0268595 0.0123967 0.765094
0 0.525826 0.786157 0.0309917 0.0227273 0.783038
2 0.457645 0.494835 0.035124 0.0227273 0.869016
