1 0.672521 0.00206612 0.0392562 0.00413223 0.00101397
1 0.28719 0.00103306 0.0371901 0.00206612 0.0010744
0 0.570248 0.991736 0.0289256 0.0165289 0.00109199
0 0.0619835 0.171488 0.0826446 0.11157 0.00117368
1 0.594008 0.00206612 0.0392562 0.00413223 0.00121915
1 0.416322 0.00103306 0.0309917 0.00206612 0.00125001
1 0.554752 0.00103306 0.0392562 0.00206612 0.00129435
0 0.571281 0.90186 0.035124 0.0309917 0.00144407
1 0.453512 0.00103306 0.0309917 0.00206612 0.00145413
1 0.517562 0.00103306 0.0392562 0.00206612 0.00147678
1 0.478306 0.00103306 0.0392562 0.00206612 0.00158492
1 0.338843 0.00103306 0.0289256 0.00206612 0.00170274
1 0.440083 0.00103306 0.0371901 0.00206612 0.00181312
1 0.377066 0.00103306 0.0309917 0.00206612 0.0018381
1 0.400826 0.00103306 0.0371901 0.00206612 0.0018742
0 0.0506198 0.167355 0.0433884 0.0909091 0.00188742
1 0.326446 0.00103306 0.0371901 0.00206612 0.00189771
0 0.575413 0.839876 0.035124 0.0309917 0.00200017
1 0.363636 0.00103306 0.0371901 0.00206612 0.00208366
1 0.570248 0.992769 0.0289256 0.0144628 0.0058446
0 0.573347 0.858471 0.0309917 0.0268595 0.00688558
3 0.731405 0.738636 0.0247934 0.0227273 0.00702647
0 0.572314 0.891529 0.0289256 0.0227273 0.00734991
0 0.580579 0.777893 0.0330578 0.0268595 0.0104241
0 0.577479 0.799587 0.0309917 0.0247934 0.0167241
0 0.573347 0.881198 0.0309917 0.0268595 0.0177115
0 0.573347 0.867769 0.0309917 0.0289256 0.0234184
1 0.570248 0.996901 0.0289256 0.00619835 0.0401187
3 0.714876 0.72624 0.0330578 0.035124 0.220587
0 0.579545 0.788223 0.0309917 0.0268595 0.731577
3 0.734504 0.746901 0.0227273 0.0227273 0.815745
2 0.714876 0.725207 0.0330578 0.0330578 0.875672
