1 0.533058 0.00103306 0.0289256 0.00206612 0.00102614
1 0.563017 0.993802 0.0309917 0.0123967 0.00103794
0 0.553719 0.849174 0.0413223 0.0495868 0.00105383
1 0.325413 0.00103306 0.035124 0.00206612 0.00112196
0 0.556818 0.873967 0.0309917 0.0247934 0.00113765
1 0.632231 0.00103306 0.0371901 0.00206612 0.00125537
1 0.608471 0.00103306 0.0268595 0.00206612 0.00125759
2 0.533058 0.459711 0.0289256 0.0227273 0.00125881
1 0.595041 0.00103306 0.0371901 0.00206612 0.00147118
1 0.478306 0.00103306 0.035124 0.00206612 0.00149189
1 0.365702 0.00103306 0.0330578 0.00206612 0.00149825
1 0.490702 0.00103306 0.0268595 0.00206612 0.00154681
1 0.416322 0.00103306 0.0268595 0.00206612 0.00158265
1 0.43905 0.00103306 0.035124 0.00206612 0.00175331
1 0.517562 0.00103306 0.035124 0.00206612 0.00183213
1 0.402893 0.00103306 0.0330578 0.00206612 0.00191111
1 0.549587 0.00103306 0.0289256 0.00206612 0.00210957
0 0.55062 0.794421 0.0309917 0.0309917 0.00222148
0 0.551653 0.765496 0.0330578 0.0268595 0.00423559
3 0.535124 0.485537 0.0289256 0.0247934 0.0118853
1 0.561983 0.996901 0.0289256 0.00619835 0.0321294
3 0.533058 0.452479 0.0289256 0.0123967 0.755746
0 0.551653 0.77686 0.0330578 0.0247934 0.774536
2 0.535124 0.48657 0.0289256 0.0268595 0.87647
