1 0.326446 0.00103306 0.0330578 0.00206612 0.00100487
1 0.376033 0.00103306 0.0247934 0.00206612 0.00106184
1 0.635331 0.00103306 0.035124 0.00206612 0.0012
1 0.492769 0.00103306 0.0268595 0.00206612 0.00129254
1 0.595041 0.00103306 0.0371901 0.00206612 0.00135047
1 0.414256 0.00103306 0.0268595 0.00206612 0.00138605
1 0.555785 0.00103306 0.0371901 0.00206612 0.00144434
1 0.365702 0.00103306 0.0330578 0.00206612 0.00144966
1 0.43905 0.00103306 0.035124 0.00206612 0.0014799
1 0.480372 0.00103306 0.035124 0.00206612 0.00155244
0 0.547521 0.852273 0.0330578 0.0268595 0.00165862
1 0.400826 0.00103306 0.0330578 0.00206612 0.00169579
1 0.517562 0.00103306 0.035124 0.00206612 0.00170062
0 0.541322 0.795455 0.0330578 0.0289256 0.00552149
3 0.495868 0.482438 0.0330578 0.0227273 0.00743098
1 0.554752 0.996901 0.0309917 0.00619835 0.0474606
0 0.540289 0.77686 0.0309917 0.0247934 0.746799
3 0.487603 0.44938 0.0289256 0.0103306 0.789164
2 0.494835 0.483471 0.0309917 0.0247934 0.868178
