1 0.377066 0.00103306 0.0268595 0.00206612 0.00102659
1 0.326446 0.00103306 0.0330578 0.00206612 0.00112008
1 0.415289 0.00103306 0.0247934 0.00206612 0.00118626
1 0.569215 0.00103306 0.0268595 0.00206612 0.00130101
1 0.591942 0.00103306 0.035124 0.00206612 0.00132556
1 0.517562 0.00103306 0.035124 0.00206612 0.00138009
1 0.365702 0.00103306 0.0330578 0.00206612 0.0013837
1 0.477273 0.00103306 0.0371901 0.00206612 0.00138855
1 0.453512 0.00103306 0.0268595 0.00206612 0.00142655
1 0.556818 0.00103306 0.035124 0.00206612 0.00158714
1 0.440083 0.00103306 0.0330578 0.00206612 0.0016979
1 0.402893 0.00103306 0.0330578 0.00206612 0.00174711
0 0.529959 0.769628 0.035124 0.0268595 0.00308256
0 0.532025 0.789256 0.0309917 0.0206612 0.00753767
1 0.555785 0.996901 0.0289256 0.00619835 0.0372974
3 0.464876 0.48657 0.0330578 0.0227273 0.078893
3 0.455579 0.453512 0.0268595 0.0103306 0.762295
0 0.530992 0.778926 0.0330578 0.0247934 0.779454
2 0.464876 0.48657 0.0330578 0.0227273 0.889863
