1 0.492769 0.00103306 0.0268595 0.00206612 0.00102554
1 0.635331 0.00103306 0.0392562 0.00206612 0.00102827
1 0.336777 0.00103306 0.0247934 0.00206612 0.00110519
1 0.326446 0.00103306 0.0330578 0.00206612 0.00123372
3 0.788223 0.13843 0.0309917 0.0702479 0.00123742
1 0.43905 0.00103306 0.035124 0.00206612 0.00135181
1 0.591942 0.00103306 0.035124 0.00206612 0.00143475
1 0.479339 0.00103306 0.0330578 0.00206612 0.00144504
1 0.517562 0.00103306 0.035124 0.00206612 0.00146198
3 0.456612 0.442149 0.0330578 0.0123967 0.00147127
1 0.413223 0.00103306 0.0247934 0.00206612 0.00159273
1 0.365702 0.00103306 0.0330578 0.00206612 0.00162008
3 0.766529 0.139463 0.0165289 0.0144628 0.0016384
1 0.558884 0.00103306 0.035124 0.00206612 0.0016604
1 0.569215 0.00103306 0.0268595 0.00206612 0.00205218
1 0.396694 0.00103306 0.0247934 0.00206612 0.00208279
0 0.528926 0.768595 0.0330578 0.0247934 0.00290579
0 0.529959 0.791322 0.035124 0.0247934 0.00419302
1 0.55062 0.996901 0.0309917 0.00619835 0.0473558
3 0.469008 0.484504 0.0330578 0.0227273 0.19873
0 0.528926 0.778926 0.0330578 0.0247934 0.761621
3 0.460744 0.44938 0.0289256 0.0103306 0.78229
2 0.469008 0.484504 0.0330578 0.0227273 0.867795
