0 0.580579 0.819215 0.0371901 0.0309917 0.00106146
1 0.672521 0.00206612 0.0392562 0.00413223 0.00107096
1 0.319215 0.00103306 0.0268595 0.00206612 0.00111316
1 0.376033 0.00103306 0.0289256 0.00206612 0.00111456
1 0.634298 0.00206612 0.0413223 0.00413223 0.00120349
1 0.454545 0.00103306 0.0289256 0.00206612 0.00121642
1 0.556818 0.00103306 0.0392562 0.00206612 0.00134372
1 0.596074 0.00103306 0.0392562 0.00206612 0.00137104
1 0.339876 0.00103306 0.0268595 0.00206612 0.00152906
0 0.584711 0.77376 0.0371901 0.0268595 0.00154657
3 0.194215 0.992769 0.0206612 0.0103306 0.00158845
1 0.490702 0.00103306 0.0309917 0.00206612 0.00159605
1 0.327479 0.00103306 0.035124 0.00206612 0.00173122
1 0.515496 0.00103306 0.0392562 0.00206612 0.00173201
0 0.580579 0.799587 0.0330578 0.0247934 0.00188989
1 0.477273 0.00103306 0.0371901 0.00206612 0.00192106
1 0.357438 0.00103306 0.0289256 0.00206612 0.00194833
1 0.415289 0.00103306 0.0289256 0.00206612 0.00201865
1 0.402893 0.00103306 0.0371901 0.00206612 0.00216005
1 0.440083 0.00103306 0.0371901 0.00206612 0.0022108
0 0.575413 0.859504 0.035124 0.0330578 0.00233717
0 0.576446 0.847107 0.0330578 0.0413223 0.00514031
1 0.567149 0.994835 0.0309917 0.0103306 0.00525948
2 0.816116 0.672521 0.0289256 0.035124 0.013304
1 0.570248 0.996901 0.0289256 0.00619835 0.117009
3 0.806818 0.672521 0.0268595 0.0309917 0.243551
0 0.584711 0.784091 0.0330578 0.0227273 0.7661
3 0.840909 0.681818 0.0165289 0.0289256 0.804418
2 0.806818 0.672521 0.0268595 0.0309917 0.833854
