1 0.672521 0.00103306 0.035124 0.00206612 0.00100426
1 0.492769 0.00103306 0.0268595 0.00206612 0.0010185
1 0.416322 0.00103306 0.0268595 0.00206612 0.00102572
1 0.556818 0.993802 0.035124 0.0123967 0.0010806
1 0.607438 0.00103306 0.0289256 0.00206612 0.00108724
1 0.634298 0.00103306 0.0371901 0.00206612 0.00114183
1 0.33781 0.00103306 0.0268595 0.00206612 0.00119194
1 0.376033 0.00103306 0.0247934 0.00206612 0.00120954
1 0.452479 0.00103306 0.0289256 0.00206612 0.00120955
1 0.595041 0.00103306 0.0371901 0.00206612 0.0012646
1 0.327479 0.00103306 0.035124 0.00206612 0.00127861
1 0.556818 0.00103306 0.035124 0.00206612 0.00132111
1 0.516529 0.00103306 0.0371901 0.00206612 0.00139199
0 0.561983 0.993802 0.0289256 0.0123967 0.00150292
1 0.402893 0.00103306 0.0330578 0.00206612 0.00153482
3 0.789256 0.132231 0.0330578 0.0743802 0.00154314
1 0.478306 0.00103306 0.035124 0.00206612 0.00155036
1 0.363636 0.00103306 0.0330578 0.00206612 0.00166301
1 0.441116 0.00103306 0.035124 0.00206612 0.00171652
0 0.544421 0.768595 0.0309917 0.0247934 0.00271571
2 0.514463 0.46281 0.0289256 0.0206612 0.00354106
0 0.546488 0.793388 0.0309917 0.0289256 0.00687839
3 0.517562 0.48657 0.0309917 0.0268595 0.0239404
1 0.56095 0.996901 0.0309917 0.00619835 0.0347977
0 0.546488 0.777893 0.0309917 0.0227273 0.756325
3 0.514463 0.452479 0.0289256 0.0123967 0.770257
2 0.517562 0.48657 0.0309917 0.0227273 0.854687
