2 0.498967 0.477273 0.0433884 0.0413223 0.0010063
1 0.327479 0.00103306 0.035124 0.00206612 0.00105271
1 0.672521 0.00103306 0.035124 0.00206612 0.00114171
1 0.376033 0.00103306 0.0247934 0.00206612 0.00114494
1 0.637397 0.00103306 0.035124 0.00206612 0.00117239
1 0.594008 0.00103306 0.035124 0.00206612 0.0012371
1 0.453512 0.00103306 0.0268595 0.00206612 0.00125818
0 0.545455 0.842975 0.0371901 0.0454545 0.00129747
1 0.556818 0.00103306 0.035124 0.00206612 0.00147366
1 0.478306 0.00103306 0.035124 0.00206612 0.00149338
1 0.517562 0.00103306 0.035124 0.00206612 0.0015121
1 0.364669 0.00103306 0.035124 0.00206612 0.00166632
1 0.414256 0.00103306 0.0268595 0.00206612 0.00175759
1 0.43905 0.00103306 0.035124 0.00206612 0.00176211
1 0.400826 0.00103306 0.0330578 0.00206612 0.00190927
0 0.549587 0.856405 0.0289256 0.0227273 0.00219604
3 0.492769 0.442149 0.0309917 0.0123967 0.00240303
0 0.544421 0.792355 0.0309917 0.0268595 0.0113966
3 0.501033 0.453512 0.0309917 0.0144628 0.0154258
2 0.497934 0.457645 0.0289256 0.0227273 0.0398739
1 0.555785 0.996901 0.0289256 0.00619835 0.0523334
3 0.502066 0.482438 0.0330578 0.0227273 0.436081
3 0.495868 0.448347 0.0289256 0.0123967 0.746781
0 0.544421 0.779959 0.0309917 0.0227273 0.784711
2 0.503099 0.482438 0.0309917 0.0227273 0.857974
