0 0.0485537 0.164256 0.0433884 0.0929752 0.00106485
1 0.636364 0.00206612 0.0413223 0.00413223 0.0010785
1 0.554752 0.00103306 0.0392562 0.00206612 0.00119346
1 0.595041 0.00206612 0.0413223 0.00413223 0.0012164
0 0.578512 0.777893 0.0330578 0.0309917 0.00126273
1 0.320248 0.00103306 0.0289256 0.00206612 0.00132215
0 0.571281 0.883264 0.035124 0.0309917 0.00143062
1 0.453512 0.00103306 0.0309917 0.00206612 0.00143929
1 0.494835 0.00103306 0.0309917 0.00206612 0.00152246
1 0.515496 0.00103306 0.0392562 0.00206612 0.00169218
1 0.416322 0.00103306 0.0309917 0.00206612 0.00171538
1 0.327479 0.00103306 0.035124 0.00206612 0.00183838
1 0.479339 0.00103306 0.0371901 0.00206612 0.00187147
1 0.362603 0.00103306 0.035124 0.00206612 0.00202904
1 0.338843 0.00103306 0.0289256 0.00206612 0.00215066
1 0.403926 0.00103306 0.035124 0.00206612 0.00219401
1 0.440083 0.00103306 0.0371901 0.00206612 0.00230751
0 0.573347 0.871901 0.0309917 0.0247934 0.00275678
1 0.567149 0.991736 0.0309917 0.0165289 0.00284842
0 0.572314 0.858471 0.0289256 0.035124 0.00569453
0 0.573347 0.82438 0.0309917 0.0371901 0.00970176
1 0.571281 0.996901 0.0309917 0.00619835 0.0334456
3 0.693182 0.728306 0.035124 0.035124 0.294822
3 0.711777 0.751033 0.0227273 0.0227273 0.719385
0 0.576446 0.792355 0.0330578 0.0268595 0.740829
2 0.693182 0.728306 0.035124 0.035124 0.785656
