1 0.647727 0.00103306 0.0268595 0.00206612 0.00100422
1 0.671488 0.00103306 0.0330578 0.00206612 0.00102137
1 0.491736 0.00103306 0.0247934 0.00206612 0.00102548
1 0.326446 0.00103306 0.0330578 0.00206612 0.00106332
0 0.549587 0.835744 0.0330578 0.0309917 0.0010846
1 0.415289 0.00103306 0.0247934 0.00206612 0.00114624
1 0.635331 0.00103306 0.035124 0.00206612 0.00125645
1 0.596074 0.00103306 0.035124 0.00206612 0.0012811
1 0.363636 0.00103306 0.0330578 0.00206612 0.00131951
0 0.556818 0.993802 0.0309917 0.0123967 0.00134889
1 0.554752 0.00103306 0.035124 0.00206612 0.00135376
1 0.517562 0.00103306 0.035124 0.00206612 0.001481
1 0.454545 0.00103306 0.0247934 0.00206612 0.00151513
1 0.402893 0.00103306 0.0330578 0.00206612 0.00152177
1 0.479339 0.00103306 0.0330578 0.00206612 0.00163309
1 0.442149 0.00103306 0.0330578 0.00206612 0.00177464
0 0.544421 0.768595 0.0309917 0.0247934 0.00372165
0 0.546488 0.793388 0.0309917 0.0289256 0.00603672
3 0.495868 0.441116 0.0289256 0.0103306 0.0261633
1 0.555785 0.996901 0.0289256 0.00619835 0.0389641
2 0.498967 0.44938 0.0309917 0.018595 0.196778
3 0.503099 0.479339 0.0309917 0.0247934 0.433341
3 0.497934 0.446281 0.0289256 0.0123967 0.718404
0 0.545455 0.777893 0.0289256 0.0227273 0.761202
2 0.504132 0.480372 0.0330578 0.0227273 0.856126
