1 0.491736 0.00103306 0.0289256 0.00206612 0.00109296
1 0.672521 0.00206612 0.0392562 0.00413223 0.00112811
1 0.635331 0.00206612 0.0392562 0.00413223 0.0011766
1 0.534091 0.00103306 0.0309917 0.00206612 0.00121584
1 0.594008 0.00103306 0.0392562 0.00206612 0.00128623
1 0.453512 0.00103306 0.0309917 0.00206612 0.00133357
0 0.57438 0.872934 0.0330578 0.0309917 0.00138683
0 0.573347 0.893595 0.0309917 0.0227273 0.00145851
1 0.378099 0.00103306 0.0289256 0.00206612 0.00152131
1 0.477273 0.00103306 0.0371901 0.00206612 0.00155002
1 0.326446 0.00103306 0.0371901 0.00206612 0.00155934
1 0.415289 0.00103306 0.0289256 0.00206612 0.00160391
1 0.33781 0.00103306 0.0268595 0.00206612 0.00171706
0 0.584711 0.77376 0.0371901 0.0268595 0.00180023
1 0.518595 0.00103306 0.0371901 0.00206612 0.00187634
1 0.440083 0.00103306 0.0371901 0.00206612 0.00196057
1 0.548554 0.00103306 0.0309917 0.00206612 0.00204185
1 0.364669 0.00103306 0.035124 0.00206612 0.00218195
1 0.401859 0.00103306 0.035124 0.00206612 0.00224501
0 0.580579 0.799587 0.0330578 0.0247934 0.00236468
0 0.576446 0.856405 0.0371901 0.0433884 0.00413665
3 0.846074 0.667355 0.0144628 0.0371901 0.0131992
1 0.568182 0.993802 0.0289256 0.0123967 0.0151218
1 0.570248 0.996901 0.0289256 0.00619835 0.0723936
3 0.803719 0.657025 0.0247934 0.0330578 0.451972
0 0.584711 0.784091 0.0330578 0.0227273 0.746558
3 0.840909 0.664256 0.0165289 0.0309917 0.788251
2 0.804752 0.657025 0.0268595 0.0330578 0.883588
