1 0.532025 0.00103306 0.0309917 0.00206612 0.00104413
1 0.319215 0.00103306 0.0268595 0.00206612 0.00113846
1 0.635331 0.00206612 0.0392562 0.00413223 0.00116179
1 0.671488 0.00103306 0.0371901 0.00206612 0.00120096
1 0.595041 0.00103306 0.0371901 0.00206612 0.0013289
1 0.33781 0.00103306 0.0268595 0.00206612 0.00134461
1 0.415289 0.00103306 0.0289256 0.00206612 0.00137531
1 0.454545 0.00103306 0.0289256 0.00206612 0.00138735
1 0.554752 0.00103306 0.0392562 0.00206612 0.00143028
0 0.571281 0.886364 0.035124 0.0289256 0.00153565
1 0.378099 0.00103306 0.0289256 0.00206612 0.00155471
1 0.327479 0.00103306 0.035124 0.00206612 0.00165614
1 0.479339 0.00103306 0.0371901 0.00206612 0.00169472
1 0.518595 0.00103306 0.0371901 0.00206612 0.00178487
1 0.440083 0.00103306 0.0371901 0.00206612 0.00184821
1 0.364669 0.00103306 0.035124 0.00206612 0.00204301
1 0.401859 0.00103306 0.035124 0.00206612 0.00205959
0 0.571281 0.873967 0.035124 0.0289256 0.00235025
1 0.566116 0.992769 0.0289256 0.0144628 0.00249506
0 0.57438 0.858471 0.0371901 0.0433884 0.00387525
0 0.582645 0.766529 0.0330578 0.0247934 0.00498237
0 0.579545 0.791322 0.0309917 0.0247934 0.0096679
3 0.790289 0.603306 0.0227273 0.0330578 0.0353398
1 0.568182 0.996901 0.0289256 0.00619835 0.0669632
3 0.823347 0.600207 0.0103306 0.0309917 0.713956
0 0.580579 0.780992 0.0330578 0.0247934 0.774879
2 0.790289 0.603306 0.0227273 0.0330578 0.868281
