1 0.319215 0.00103306 0.0268595 0.00206612 0.00100224
1 0.375 0.00103306 0.0309917 0.00206612 0.00100479
1 0.569215 0.00103306 0.0309917 0.00206612 0.00100506
1 0.634298 0.00206612 0.0413223 0.00413223 0.00100563
0 0.571281 0.886364 0.035124 0.0330578 0.00114395
1 0.492769 0.00103306 0.0309917 0.00206612 0.00121009
1 0.453512 0.00103306 0.0309917 0.00206612 0.00136666
1 0.338843 0.00103306 0.0289256 0.00206612 0.00142151
1 0.594008 0.00103306 0.0392562 0.00206612 0.001427
1 0.554752 0.00103306 0.0392562 0.00206612 0.00144072
1 0.479339 0.00103306 0.0371901 0.00206612 0.00171399
0 0.573347 0.872934 0.0309917 0.0268595 0.00174106
0 0.580579 0.777893 0.0330578 0.0309917 0.00175752
1 0.517562 0.00103306 0.0392562 0.00206612 0.00177545
1 0.327479 0.00103306 0.035124 0.00206612 0.00184961
1 0.416322 0.00103306 0.0309917 0.00206612 0.00199041
1 0.356405 0.00103306 0.0309917 0.00206612 0.00209953
1 0.403926 0.00103306 0.035124 0.00206612 0.00214427
1 0.440083 0.00103306 0.0371901 0.00206612 0.0022236
0 0.0516529 0.168388 0.0578512 0.0557851 0.00353526
0 0.57438 0.859504 0.0289256 0.0371901 0.00391652
1 0.568182 0.992769 0.0330578 0.0144628 0.00473219
0 0.0619835 0.170455 0.0743802 0.0929752 0.00494165
0 0.575413 0.830579 0.0309917 0.0413223 0.00652592
0 0.577479 0.799587 0.0309917 0.0247934 0.0212469
1 0.570248 0.996901 0.0289256 0.00619835 0.0405655
3 0.69938 0.733471 0.035124 0.0330578 0.264414
0 0.578512 0.791322 0.0330578 0.0247934 0.741293
3 0.715909 0.756198 0.0227273 0.0206612 0.838375
2 0.697314 0.733471 0.035124 0.0330578 0.859787
