1 0.492769 0.00103306 0.0309917 0.00206612 0.00112606
1 0.594008 0.00206612 0.0392562 0.00413223 0.00128674
1 0.532025 0.00103306 0.0309917 0.00206612 0.0013112
1 0.554752 0.00103306 0.0392562 0.00206612 0.00138264
0 0.0506198 0.164256 0.0433884 0.088843 0.00153145
1 0.376033 0.00103306 0.0289256 0.00206612 0.00153508
1 0.479339 0.00103306 0.0371901 0.00206612 0.0017328
1 0.327479 0.00103306 0.035124 0.00206612 0.00185005
1 0.338843 0.00103306 0.0289256 0.00206612 0.00186727
1 0.440083 0.00103306 0.0371901 0.00206612 0.00191116
1 0.516529 0.00103306 0.0371901 0.00206612 0.0019299
1 0.416322 0.00103306 0.0309917 0.00206612 0.00196115
1 0.401859 0.00103306 0.035124 0.00206612 0.00232035
1 0.363636 0.00103306 0.0371901 0.00206612 0.00234127
0 0.57438 0.891529 0.0330578 0.0309917 0.00252379
0 0.576446 0.834711 0.0330578 0.0289256 0.00314585
0 0.573347 0.876033 0.0309917 0.0247934 0.0034843
1 0.569215 0.991736 0.0309917 0.0165289 0.00402274
0 0.576446 0.849174 0.0330578 0.0413223 0.00700153
0 0.581612 0.77686 0.035124 0.0289256 0.0105175
0 0.577479 0.799587 0.0309917 0.0247934 0.0145374
1 0.570248 0.996901 0.0289256 0.00619835 0.0343643
3 0.722107 0.724174 0.035124 0.035124 0.459471
0 0.579545 0.788223 0.0309917 0.0268595 0.74949
3 0.742769 0.744835 0.0227273 0.0227273 0.836093
2 0.722107 0.724174 0.035124 0.035124 0.905025
