1 0.634298 0.00103306 0.0371901 0.00206612 0.001016
1 0.453512 0.00103306 0.0268595 0.00206612 0.00120394
1 0.569215 0.00103306 0.0268595 0.00206612 0.00121208
2 0.876033 0.10124 0.0743802 0.119835 0.00131163
1 0.364669 0.00103306 0.035124 0.00206612 0.00132517
1 0.594008 0.00103306 0.035124 0.00206612 0.0013441
1 0.555785 0.00103306 0.0371901 0.00206612 0.00139721
1 0.478306 0.00103306 0.035124 0.00206612 0.00144465
1 0.516529 0.00103306 0.0371901 0.00206612 0.00147006
1 0.43905 0.00103306 0.035124 0.00206612 0.00168355
1 0.415289 0.00103306 0.0247934 0.00206612 0.00176095
1 0.402893 0.00103306 0.0330578 0.00206612 0.00176567
1 0.547521 0.994835 0.0330578 0.0103306 0.00233717
0 0.522727 0.790289 0.0371901 0.0227273 0.0163289
1 0.553719 0.996901 0.0289256 0.00619835 0.0814587
3 0.436983 0.485537 0.035124 0.0247934 0.433689
0 0.522727 0.780992 0.0330578 0.0247934 0.76892
3 0.42562 0.452479 0.0289256 0.0123967 0.781021
2 0.436983 0.48657 0.035124 0.0227273 0.888423
