1 0.33781 0.00103306 0.0268595 0.00206612 0.00102943
1 0.289256 0.00103306 0.0371901 0.00206612 0.00105111
0 0.57438 0.890496 0.0289256 0.0247934 0.00106808
1 0.492769 0.00103306 0.0309917 0.00206612 0.00117774
0 0.577479 0.838843 0.0309917 0.0289256 0.00118798
1 0.595041 0.00206612 0.0413223 0.00413223 0.0013005
1 0.556818 0.00103306 0.0392562 0.00206612 0.00138784
1 0.377066 0.00103306 0.0309917 0.00206612 0.00150583
1 0.517562 0.00103306 0.0392562 0.00206612 0.00167796
1 0.479339 0.00103306 0.0371901 0.00206612 0.00171167
1 0.416322 0.00103306 0.0309917 0.00206612 0.00178135
1 0.365702 0.00103306 0.0371901 0.00206612 0.00188049
1 0.318182 0.00103306 0.0289256 0.00206612 0.00193702
0 0.590909 0.765496 0.0289256 0.035124 0.0020722
1 0.440083 0.00103306 0.0371901 0.00206612 0.00210594
1 0.401859 0.00103306 0.035124 0.00206612 0.00255905
3 0.744835 0.732438 0.0268595 0.0433884 0.00292591
0 0.57438 0.882231 0.0330578 0.0289256 0.00370405
0 0.579545 0.799587 0.0309917 0.0247934 0.00403
1 0.569215 0.992769 0.0309917 0.0144628 0.00456126
0 0.57438 0.863636 0.0289256 0.0289256 0.0108676
3 0.755165 0.72624 0.0309917 0.0309917 0.0183416
1 0.570248 0.996901 0.0289256 0.00619835 0.0366525
3 0.741736 0.717975 0.0330578 0.0309917 0.409778
0 0.580579 0.786157 0.0330578 0.0268595 0.740542
3 0.765496 0.735537 0.0227273 0.0247934 0.78834
2 0.740702 0.717975 0.035124 0.035124 0.885493
