1 0.376033 0.00103306 0.0247934 0.00206612 0.00106513
1 0.569215 0.00103306 0.0268595 0.00206612 0.00109246
1 0.594008 0.00103306 0.035124 0.00206612 0.00122742
3 0.483471 0.451446 0.0289256 0.0103306 0.00135743
1 0.365702 0.00103306 0.0330578 0.00206612 0.00136589
1 0.556818 0.00103306 0.035124 0.00206612 0.00147394
1 0.402893 0.00103306 0.0330578 0.00206612 0.0015594
1 0.480372 0.00103306 0.035124 0.00206612 0.0016113
1 0.515496 0.00103306 0.035124 0.00206612 0.00163916
1 0.441116 0.00103306 0.035124 0.00206612 0.00165068
1 0.491736 0.00103306 0.0289256 0.00206612 0.00172728
0 0.540289 0.792355 0.0309917 0.0268595 0.00992013
1 0.554752 0.996901 0.0309917 0.00619835 0.0262623
3 0.490702 0.489669 0.0309917 0.0247934 0.0721852
3 0.483471 0.456612 0.0289256 0.0123967 0.736301
0 0.538223 0.780992 0.0309917 0.0247934 0.761752
2 0.489669 0.490702 0.0330578 0.0227273 0.862735
