1 0.377066 0.00103306 0.0309917 0.00206612 0.00101252
1 0.416322 0.00103306 0.0309917 0.00206612 0.00105432
1 0.492769 0.00103306 0.0309917 0.00206612 0.00121225
1 0.594008 0.00206612 0.0392562 0.00413223 0.00128709
0 0.572314 0.910124 0.0289256 0.0227273 0.00140002
1 0.570248 0.00103306 0.0330578 0.00206612 0.00140229
0 0.584711 0.774793 0.0371901 0.0247934 0.00156469
1 0.338843 0.00103306 0.0289256 0.00206612 0.00161869
1 0.517562 0.00103306 0.0392562 0.00206612 0.00165153
1 0.556818 0.00103306 0.0392562 0.00206612 0.0016581
0 0.57438 0.896694 0.0330578 0.0289256 0.00166936
1 0.326446 0.00103306 0.0371901 0.00206612 0.00173481
1 0.402893 0.00103306 0.0371901 0.00206612 0.00179897
1 0.477273 0.00103306 0.0371901 0.00206612 0.00188036
1 0.363636 0.00103306 0.0371901 0.00206612 0.00191966
1 0.453512 0.00103306 0.0309917 0.00206612 0.00192823
1 0.440083 0.00103306 0.0371901 0.00206612 0.00209531
0 0.577479 0.863636 0.035124 0.0454545 0.00324955
3 0.813017 0.706612 0.0309917 0.0289256 0.00485981
0 0.580579 0.799587 0.0330578 0.0247934 0.00574036
1 0.569215 0.993802 0.0309917 0.0123967 0.0221773
1 0.570248 0.996901 0.0289256 0.00619835 0.0961881
2 0.803719 0.703512 0.0454545 0.0309917 0.147062
3 0.790289 0.698347 0.0309917 0.0330578 0.247611
0 0.584711 0.785124 0.0330578 0.0247934 0.755762
3 0.820248 0.713843 0.0206612 0.0268595 0.813206
2 0.790289 0.69938 0.0309917 0.035124 0.900197
