1 0.634298 0.00103306 0.0371901 0.00206612 0.00102943
1 0.570248 0.00103306 0.0289256 0.00206612 0.00105706
1 0.532025 0.00103306 0.0268595 0.00206612 0.00111004
1 0.592975 0.00103306 0.0371901 0.00206612 0.00122178
1 0.414256 0.00103306 0.0268595 0.00206612 0.00126345
1 0.364669 0.00103306 0.035124 0.00206612 0.00128753
1 0.453512 0.00103306 0.0268595 0.00206612 0.00137203
1 0.47624 0.00103306 0.035124 0.00206612 0.00144027
1 0.402893 0.00103306 0.0330578 0.00206612 0.00148737
1 0.519628 0.00103306 0.035124 0.00206612 0.00153922
0 0.525826 0.802686 0.035124 0.0268595 0.0015409
1 0.554752 0.00103306 0.035124 0.00206612 0.00162001
1 0.440083 0.00103306 0.0330578 0.00206612 0.00168798
3 0.440083 0.469008 0.0289256 0.0165289 0.0028743
3 0.440083 0.451446 0.0330578 0.0103306 0.00298601
1 0.547521 0.994835 0.0330578 0.0103306 0.00450645
0 0.522727 0.790289 0.0330578 0.0227273 0.0126558
1 0.551653 0.996901 0.0289256 0.00619835 0.0799913
3 0.44938 0.489669 0.035124 0.0247934 0.428287
3 0.43905 0.455579 0.0309917 0.0144628 0.749104
0 0.522727 0.779959 0.0330578 0.0227273 0.761243
2 0.44938 0.489669 0.035124 0.0247934 0.874838
