1 0.672521 0.00103306 0.035124 0.00206612 0.00100126
1 0.530992 0.00103306 0.0289256 0.00206612 0.00104141
1 0.356405 0.00103306 0.0268595 0.00206612 0.00105705
1 0.492769 0.00103306 0.0268595 0.00206612 0.00107017
1 0.635331 0.00103306 0.035124 0.00206612 0.00109554
1 0.563017 0.992769 0.0268595 0.0144628 0.00109648
1 0.568182 0.00103306 0.0289256 0.00206612 0.00113127
1 0.326446 0.00103306 0.0330578 0.00206612 0.00120244
3 0.580579 0.474174 0.0371901 0.0309917 0.00124279
1 0.594008 0.00103306 0.035124 0.00206612 0.00129655
1 0.554752 0.00103306 0.035124 0.00206612 0.00148676
1 0.364669 0.00103306 0.035124 0.00206612 0.00148892
1 0.453512 0.00103306 0.0268595 0.00206612 0.00151418
1 0.401859 0.00103306 0.035124 0.00206612 0.00158735
1 0.517562 0.00103306 0.035124 0.00206612 0.00160117
1 0.441116 0.00103306 0.035124 0.00206612 0.00170871
1 0.478306 0.00103306 0.035124 0.00206612 0.00182691
3 0.578512 0.456612 0.0330578 0.0206612 0.00312184
2 0.877066 0.102273 0.0599174 0.105372 0.00321978
0 0.561983 0.792355 0.0289256 0.0268595 0.00373225
0 0.56095 0.766529 0.0309917 0.0247934 0.00816399
1 0.56405 0.996901 0.0289256 0.00619835 0.050498
3 0.569215 0.488636 0.0309917 0.0268595 0.42138
0 0.56095 0.777893 0.0309917 0.0227273 0.759021
3 0.571281 0.456612 0.0268595 0.0123967 0.768271
2 0.570248 0.490702 0.0289256 0.0268595 0.861103
