1 0.530992 0.00103306 0.0289256 0.00206612 0.00100555
1 0.455579 0.00103306 0.0268595 0.00206612 0.00116986
1 0.375 0.00103306 0.0268595 0.00206612 0.00119219
1 0.592975 0.00103306 0.0371901 0.00206612 0.00122845
1 0.569215 0.00103306 0.0309917 0.00206612 0.00129768
0 0.56095 0.77376 0.0309917 0.0268595 0.00130858
1 0.326446 0.00103306 0.0330578 0.00206612 0.0014381
1 0.479339 0.00103306 0.0371901 0.00206612 0.00153276
1 0.414256 0.00103306 0.0268595 0.00206612 0.00154371
1 0.554752 0.00103306 0.035124 0.00206612 0.00155556
1 0.517562 0.00103306 0.035124 0.00206612 0.00159612
1 0.364669 0.00103306 0.035124 0.00206612 0.00163803
3 0.72624 0.512397 0.0227273 0.0330578 0.00170777
1 0.401859 0.00103306 0.035124 0.00206612 0.00178714
1 0.441116 0.00103306 0.035124 0.00206612 0.00186158
1 0.565083 0.992769 0.0309917 0.0144628 0.0021065
0 0.558884 0.823347 0.035124 0.0392562 0.00220677
0 0.559917 0.798554 0.0330578 0.0268595 0.00460086
3 0.730372 0.520661 0.0227273 0.0289256 0.0151811
1 0.566116 0.996901 0.0289256 0.00619835 0.088134
3 0.707645 0.535124 0.0309917 0.0330578 0.218376
0 0.56095 0.785124 0.0309917 0.0247934 0.732748
3 0.735537 0.514463 0.0206612 0.0247934 0.847533
2 0.705579 0.536157 0.0309917 0.0309917 0.893688
