1 0.251033 0.00103306 0.035124 0.00206612 0.00100551
1 0.570248 0.00103306 0.0330578 0.00206612 0.00103762
1 0.595041 0.00206612 0.0413223 0.00413223 0.00112031
1 0.285124 0.00103306 0.0371901 0.00206612 0.00116494
1 0.530992 0.00103306 0.0330578 0.00206612 0.00124369
1 0.453512 0.00103306 0.0309917 0.00206612 0.00151945
1 0.554752 0.00103306 0.0392562 0.00206612 0.00152028
0 0.0506198 0.165289 0.0599174 0.053719 0.00156647
0 0.573347 0.871901 0.0433884 0.0371901 0.00158976
1 0.518595 0.00103306 0.0371901 0.00206612 0.00161094
1 0.477273 0.00103306 0.0371901 0.00206612 0.00162701
1 0.260331 0.00103306 0.0289256 0.00206612 0.00165621
1 0.415289 0.00103306 0.0289256 0.00206612 0.00169137
1 0.327479 0.00103306 0.035124 0.00206612 0.00172422
0 0.580579 0.777893 0.0330578 0.0309917 0.00197377
1 0.338843 0.00103306 0.0289256 0.00206612 0.00197963
1 0.402893 0.00103306 0.0371901 0.00206612 0.00201324
1 0.440083 0.00103306 0.0371901 0.00206612 0.00215952
1 0.356405 0.00103306 0.0309917 0.00206612 0.00216237
0 0.0630165 0.167355 0.0805785 0.103306 0.00225792
0 0.572314 0.882231 0.0330578 0.0330578 0.00298464
1 0.569215 0.992769 0.0309917 0.0144628 0.00449195
0 0.575413 0.835744 0.0309917 0.0433884 0.00946401
0 0.573347 0.862603 0.0309917 0.0309917 0.00953692
0 0.577479 0.80062 0.0309917 0.0227273 0.0171754
1 0.570248 0.996901 0.0289256 0.00619835 0.041544
3 0.703512 0.731405 0.035124 0.0330578 0.267957
0 0.578512 0.791322 0.0330578 0.0247934 0.736934
3 0.721074 0.753099 0.0247934 0.0227273 0.844969
2 0.701446 0.731405 0.035124 0.0330578 0.892981
