0 0.552686 0.834711 0.0309917 0.0247934 0.00104803
1 0.672521 0.00206612 0.0392562 0.00413223 0.00108232
0 0.548554 0.801653 0.035124 0.0289256 0.00114166
1 0.571281 0.00103306 0.0309917 0.00206612 0.00115393
1 0.453512 0.00103306 0.0309917 0.00206612 0.00124271
1 0.338843 0.00103306 0.0289256 0.00206612 0.00130904
1 0.594008 0.00206612 0.0392562 0.00413223 0.00132448
1 0.529959 0.00103306 0.0309917 0.00206612 0.00134193
0 0.533058 0.698347 0.0413223 0.0413223 0.0014334
1 0.555785 0.00103306 0.0371901 0.00206612 0.00163107
1 0.479339 0.00103306 0.0371901 0.00206612 0.001677
1 0.325413 0.00103306 0.035124 0.00206612 0.00174801
1 0.364669 0.00103306 0.0392562 0.00206612 0.0017982
0 0.55062 0.821281 0.0392562 0.035124 0.00183573
1 0.415289 0.00103306 0.0289256 0.00206612 0.00184672
1 0.517562 0.00103306 0.0392562 0.00206612 0.00186374
1 0.440083 0.00103306 0.0371901 0.00206612 0.00207213
0 0.548554 0.770661 0.0392562 0.053719 0.00213723
0 0.0526859 0.167355 0.0433884 0.0909091 0.00224287
1 0.565083 0.992769 0.0309917 0.0144628 0.00226414
1 0.402893 0.00103306 0.0371901 0.00206612 0.00242701
0 0.544421 0.738636 0.035124 0.0392562 0.0106799
3 0.529959 0.619835 0.0309917 0.0289256 0.0190335
1 0.566116 0.996901 0.0289256 0.00619835 0.0703318
3 0.52376 0.594008 0.0309917 0.0268595 0.230787
3 0.524793 0.605372 0.0371901 0.0371901 0.442489
2 0.524793 0.606405 0.0371901 0.0433884 0.470485
0 0.539256 0.724174 0.0330578 0.0268595 0.737826
