1 0.441116 0.00103306 0.035124 0.00206612 0.00101348
1 0.557851 0.00103306 0.0371901 0.00206612 0.00104249
1 0.517562 0.00103306 0.035124 0.00206612 0.00109464
1 0.58781 0.00103306 0.0268595 0.00206612 0.00112886
0 0.572314 0.637397 0.0330578 0.0309917 0.00146242
0 0.57438 0.608471 0.0330578 0.0268595 0.00151865
0 0.573347 0.615702 0.0433884 0.0454545 0.00206603
0 0.573347 0.626033 0.0268595 0.0371901 0.00292348
1 0.567149 0.992769 0.0309917 0.0144628 0.00312232
1 0.568182 0.996901 0.0289256 0.00619835 0.0676504
3 0.705579 0.32438 0.0309917 0.0330578 0.417972
0 0.577479 0.555785 0.0309917 0.0247934 0.753773
3 0.732438 0.302686 0.0227273 0.0227273 0.800062
2 0.704545 0.323347 0.0330578 0.0309917 0.911407
