1 0.634298 0.00206612 0.0413223 0.00413223 0.0010732
0 0.57438 0.817149 0.0330578 0.0268595 0.00112923
1 0.555785 0.00103306 0.0371901 0.00206612 0.00133893
1 0.453512 0.00103306 0.0309917 0.00206612 0.00136335
1 0.596074 0.00103306 0.0392562 0.00206612 0.00137511
1 0.325413 0.00103306 0.035124 0.00206612 0.00148414
1 0.33781 0.00103306 0.0268595 0.00206612 0.00158641
1 0.493802 0.00103306 0.0289256 0.00206612 0.00162371
1 0.364669 0.00103306 0.035124 0.00206612 0.00172854
1 0.516529 0.00103306 0.0371901 0.00206612 0.00181639
1 0.479339 0.00103306 0.0371901 0.00206612 0.00200018
1 0.569215 0.991736 0.0309917 0.0123967 0.00202286
1 0.43905 0.00103306 0.035124 0.00206612 0.00216126
1 0.402893 0.00103306 0.0371901 0.00206612 0.00228404
1 0.415289 0.00103306 0.0289256 0.00206612 0.00229451
0 0.575413 0.836777 0.0309917 0.0206612 0.0070388
1 0.572314 0.996901 0.0289256 0.00619835 0.0397806
3 0.660124 0.596074 0.0309917 0.035124 0.226716
0 0.57438 0.828512 0.0289256 0.0247934 0.748579
3 0.676653 0.576446 0.0227273 0.0206612 0.768367
2 0.659091 0.596074 0.0330578 0.035124 0.858183
