1 0.634298 0.00206612 0.0413223 0.00413223 0.00106492
1 0.376033 0.00103306 0.0289256 0.00206612 0.00107978
3 0.268595 0.791322 0.0371901 0.0702479 0.00109733
1 0.673554 0.00206612 0.0413223 0.00413223 0.00117578
1 0.556818 0.00103306 0.0392562 0.00206612 0.00133546
1 0.596074 0.00206612 0.0392562 0.00413223 0.00144694
0 0.538223 0.870868 0.0392562 0.0268595 0.00150337
1 0.492769 0.00103306 0.0309917 0.00206612 0.0016069
1 0.338843 0.00103306 0.0289256 0.00206612 0.00163382
1 0.453512 0.00103306 0.0309917 0.00206612 0.00164942
1 0.516529 0.00103306 0.0371901 0.00206612 0.00168965
1 0.416322 0.00103306 0.0309917 0.00206612 0.00181569
1 0.327479 0.00103306 0.035124 0.00206612 0.00187328
1 0.363636 0.00103306 0.0371901 0.00206612 0.00194623
1 0.477273 0.00103306 0.0371901 0.00206612 0.00198406
1 0.403926 0.00103306 0.035124 0.00206612 0.00204905
1 0.554752 0.992769 0.0309917 0.0144628 0.00211329
1 0.440083 0.00103306 0.0371901 0.00206612 0.00242004
0 0.533058 0.856405 0.0371901 0.035124 0.00318426
1 0.556818 0.996901 0.0309917 0.00619835 0.0303379
2 0.297521 0.769628 0.0289256 0.035124 0.0647499
3 0.304752 0.767562 0.035124 0.035124 0.308666
0 0.530992 0.832645 0.0371901 0.0247934 0.774693
3 0.276859 0.780992 0.0206612 0.0289256 0.776503
2 0.308884 0.76343 0.0309917 0.0309917 0.880021
