1 0.362603 0.00103306 0.035124 0.00206612 0.00103009
1 0.595041 0.00103306 0.0371901 0.00206612 0.00107145
1 0.555785 0.00103306 0.0371901 0.00206612 0.00120377
1 0.441116 0.00103306 0.035124 0.00206612 0.00120949
1 0.516529 0.00103306 0.0371901 0.00206612 0.00123789
1 0.478306 0.00103306 0.035124 0.00206612 0.00129338
3 0.805785 0.104339 0.0702479 0.0681818 0.00144156
2 0.863636 0.104339 0.0785124 0.117769 0.00146972
0 0.527893 0.626033 0.035124 0.0289256 0.00197229
3 0.344008 0.52686 0.0309917 0.0371901 0.00216097
0 0.514463 0.546488 0.0371901 0.0268595 0.00239555
0 0.540289 0.730372 0.0309917 0.0268595 0.00326014
0 0.529959 0.64876 0.035124 0.0289256 0.00682769
0 0.519628 0.569215 0.035124 0.0227273 0.00928855
0 0.533058 0.66219 0.0330578 0.0268595 0.013604
0 0.540289 0.721074 0.0309917 0.0247934 0.0139722
0 0.534091 0.677686 0.0309917 0.0330578 0.0170722
0 0.53719 0.700413 0.0330578 0.0413223 0.0208089
1 0.557851 0.994835 0.0330578 0.0103306 0.022261
3 0.360537 0.518595 0.0309917 0.0289256 0.0396645
1 0.553719 0.996901 0.0289256 0.00619835 0.0410381
3 0.371901 0.505165 0.0371901 0.035124 0.266527
0 0.517562 0.558884 0.035124 0.0268595 0.75048
3 0.353306 0.529959 0.0247934 0.0227273 0.800612
2 0.372934 0.505165 0.035124 0.035124 0.896094
