1 0.636364 0.00206612 0.0413223 0.00413223 0.00106594
1 0.665289 0.00103306 0.0330578 0.00206612 0.00109776
1 0.594008 0.00103306 0.0392562 0.00206612 0.00120944
1 0.378099 0.00103306 0.0289256 0.00206612 0.00121265
1 0.33781 0.00103306 0.0268595 0.00206612 0.00141145
1 0.477273 0.00103306 0.0371901 0.00206612 0.00151027
1 0.325413 0.00103306 0.035124 0.00206612 0.00157253
1 0.454545 0.00103306 0.0289256 0.00206612 0.00160492
1 0.415289 0.00103306 0.0289256 0.00206612 0.00165368
3 0.193182 0.993802 0.0227273 0.0123967 0.00168843
1 0.554752 0.00103306 0.0392562 0.00206612 0.00168948
1 0.532025 0.00103306 0.0309917 0.00206612 0.00176524
1 0.518595 0.00103306 0.0371901 0.00206612 0.0018084
1 0.365702 0.00103306 0.0371901 0.00206612 0.00184172
1 0.402893 0.00103306 0.0371901 0.00206612 0.00207952
1 0.43905 0.00103306 0.035124 0.00206612 0.00213683
0 0.563017 0.823347 0.035124 0.0392562 0.00254633
0 0.563017 0.791322 0.0309917 0.0247934 0.00546119
1 0.567149 0.993802 0.0309917 0.0123967 0.00577938
0 0.563017 0.767562 0.0309917 0.0227273 0.00614294
1 0.571281 0.996901 0.0309917 0.00619835 0.0515434
3 0.458678 0.628099 0.0289256 0.0330578 0.242081
0 0.563017 0.777893 0.0309917 0.0227273 0.779132
3 0.433884 0.625 0.0165289 0.0268595 0.829807
2 0.459711 0.626033 0.0268595 0.0330578 0.895263
