0 0.569215 0.642562 0.035124 0.0330578 0.00101115
1 0.363636 0.00103306 0.0330578 0.00206612 0.0010736
1 0.632231 0.00103306 0.0371901 0.00206612 0.00115541
0 0.57438 0.551653 0.0330578 0.0371901 0.00120193
1 0.490702 0.00103306 0.0268595 0.00206612 0.0012893
1 0.596074 0.00103306 0.035124 0.00206612 0.0013506
1 0.608471 0.00103306 0.0268595 0.00206612 0.00136486
1 0.402893 0.00103306 0.0330578 0.00206612 0.00137418
1 0.555785 0.00103306 0.0371901 0.00206612 0.00150264
1 0.441116 0.00103306 0.035124 0.00206612 0.00159902
1 0.478306 0.00103306 0.035124 0.00206612 0.00160429
1 0.532025 0.00103306 0.0268595 0.00206612 0.0016233
0 0.570248 0.664256 0.0330578 0.0309917 0.00170817
1 0.517562 0.00103306 0.035124 0.00206612 0.00202862
0 0.569215 0.678719 0.0309917 0.0309917 0.00230842
1 0.568182 0.992769 0.0289256 0.0144628 0.00342636
0 0.572314 0.575413 0.0330578 0.0309917 0.00366166
1 0.569215 0.996901 0.0268595 0.00619835 0.0891886
3 0.599174 0.380165 0.0330578 0.0330578 0.291811
3 0.602273 0.369835 0.0268595 0.0206612 0.576067
0 0.572314 0.56405 0.0330578 0.0247934 0.744868
2 0.59814 0.382231 0.0309917 0.0330578 0.768075
