1 0.634298 0.00206612 0.0413223 0.00413223 0.00103955
1 0.609504 0.00103306 0.0330578 0.00206612 0.00108337
0 0.56405 0.988636 0.0371901 0.0227273 0.0011326
1 0.492769 0.00103306 0.0309917 0.00206612 0.00115433
1 0.377066 0.00103306 0.0309917 0.00206612 0.00126396
0 0.534091 0.827479 0.0392562 0.0268595 0.00131
3 0.344008 0.783058 0.0268595 0.0206612 0.00133346
1 0.338843 0.00103306 0.0289256 0.00206612 0.00133926
1 0.556818 0.00103306 0.0392562 0.00206612 0.00135281
1 0.596074 0.00206612 0.0392562 0.00413223 0.00138975
1 0.415289 0.00103306 0.0289256 0.00206612 0.00154716
1 0.326446 0.00103306 0.0371901 0.00206612 0.00155143
0 0.567149 0.993802 0.0309917 0.0123967 0.00162401
1 0.517562 0.00103306 0.0392562 0.00206612 0.00163523
1 0.363636 0.00103306 0.0371901 0.00206612 0.00179739
1 0.455579 0.00103306 0.0309917 0.00206612 0.00186125
1 0.477273 0.00103306 0.0371901 0.00206612 0.00197362
1 0.402893 0.00103306 0.0371901 0.00206612 0.00201942
1 0.440083 0.00103306 0.0371901 0.00206612 0.00229405
0 0.540289 0.845041 0.035124 0.0330578 0.00237553
0 0.534091 0.817149 0.0309917 0.0268595 0.0134007
1 0.566116 0.995868 0.0289256 0.00826446 0.0313331
3 0.338843 0.81405 0.0289256 0.0206612 0.0683016
3 0.349174 0.795455 0.0330578 0.0371901 0.377785
0 0.52686 0.794421 0.0371901 0.0227273 0.788204
3 0.333678 0.822314 0.0227273 0.0206612 0.834078
2 0.350207 0.792355 0.035124 0.0309917 0.882237
