1 0.672521 0.00103306 0.035124 0.00206612 0.00104939
1 0.414256 0.00103306 0.0268595 0.00206612 0.00110589
1 0.608471 0.00103306 0.0268595 0.00206612 0.0011507
1 0.530992 0.00103306 0.0289256 0.00206612 0.00115769
1 0.363636 0.00103306 0.0330578 0.00206612 0.0011762
1 0.633264 0.00103306 0.035124 0.00206612 0.00130799
1 0.402893 0.00103306 0.0330578 0.00206612 0.00142535
1 0.491736 0.00103306 0.0289256 0.00206612 0.00146799
1 0.440083 0.00103306 0.0330578 0.00206612 0.00149403
0 0.577479 0.569215 0.0309917 0.0227273 0.00159053
1 0.570248 0.00103306 0.0289256 0.00206612 0.00170296
1 0.479339 0.00103306 0.0330578 0.00206612 0.00173949
1 0.556818 0.00103306 0.035124 0.00206612 0.00176929
1 0.517562 0.00103306 0.035124 0.00206612 0.00186057
1 0.594008 0.00103306 0.035124 0.00206612 0.0018624
0 0.57438 0.671488 0.0330578 0.0289256 0.00245331
0 0.572314 0.670455 0.0371901 0.0599174 0.00320186
0 0.57438 0.645661 0.0289256 0.035124 0.00442589
1 0.569215 0.993802 0.0309917 0.0123967 0.00831317
0 0.57438 0.66219 0.0289256 0.0268595 0.0122736
2 0.637397 0.311983 0.0309917 0.0247934 0.0256376
1 0.570248 0.996901 0.0289256 0.00619835 0.0482837
3 0.631198 0.32438 0.035124 0.0330578 0.418106
0 0.578512 0.555785 0.0330578 0.0247934 0.77156
3 0.639463 0.302686 0.0268595 0.018595 0.797853
2 0.631198 0.325413 0.035124 0.0309917 0.870479
