3 0.808884 0.103306 0.0640496 0.0413223 0.00102269
1 0.595041 0.00103306 0.0371901 0.00206612 0.00123784
1 0.395661 0.00103306 0.0268595 0.00206612 0.00134328
1 0.561983 0.991736 0.0330578 0.0165289 0.00135417
1 0.555785 0.00103306 0.0371901 0.00206612 0.00140938
1 0.519628 0.00103306 0.035124 0.00206612 0.001434
1 0.478306 0.00103306 0.035124 0.00206612 0.00151434
1 0.453512 0.00103306 0.0268595 0.00206612 0.00155845
1 0.441116 0.00103306 0.035124 0.00206612 0.00159934
0 0.524793 0.645661 0.0330578 0.0268595 0.00195808
0 0.518595 0.616736 0.0330578 0.0392562 0.00318153
0 0.505165 0.553719 0.035124 0.0206612 0.0034713
2 0.865702 0.102273 0.0661157 0.10124 0.00352174
0 0.520661 0.632231 0.0330578 0.0247934 0.00589689
0 0.495868 0.536157 0.0413223 0.0309917 0.00671166
0 0.508264 0.567149 0.0371901 0.035124 0.0099371
1 0.561983 0.995868 0.0289256 0.00826446 0.0436535
3 0.271694 0.434917 0.0268595 0.0309917 0.444001
0 0.503099 0.545455 0.0392562 0.0247934 0.760934
3 0.238636 0.443182 0.018595 0.0309917 0.841438
2 0.272727 0.434917 0.0247934 0.0309917 0.871221
