1 0.478306 0.00103306 0.035124 0.00206612 0.00110926
3 0.389463 0.47624 0.0309917 0.035124 0.0011202
1 0.402893 0.00103306 0.0330578 0.00206612 0.00116339
1 0.441116 0.00103306 0.035124 0.00206612 0.00117962
1 0.518595 0.00103306 0.0371901 0.00206612 0.00127464
1 0.553719 0.00103306 0.0371901 0.00206612 0.00130165
0 0.534091 0.696281 0.035124 0.0330578 0.00175091
0 0.520661 0.650826 0.0330578 0.0330578 0.00223134
0 0.529959 0.679752 0.035124 0.0289256 0.00223842
0 0.529959 0.660124 0.035124 0.0392562 0.00250099
0 0.509298 0.573347 0.0392562 0.0268595 0.00296356
0 0.522727 0.639463 0.0371901 0.0268595 0.00422336
0 0.520661 0.617769 0.0371901 0.0289256 0.0042607
0 0.517562 0.602273 0.035124 0.0309917 0.0215749
1 0.56405 0.992769 0.0330578 0.0103306 0.0221106
1 0.566116 0.996901 0.0289256 0.00619835 0.0557434
3 0.411157 0.473141 0.0330578 0.0330578 0.341413
0 0.514463 0.582645 0.0330578 0.0247934 0.728797
3 0.394628 0.485537 0.0206612 0.0247934 0.819251
2 0.41219 0.472107 0.0309917 0.035124 0.860824
