1 0.594008 0.00103306 0.0392562 0.00206612 0.00101683
1 0.364669 0.00103306 0.035124 0.00206612 0.00103824
1 0.453512 0.00103306 0.0268595 0.00206612 0.00113855
1 0.555785 0.00103306 0.0371901 0.00206612 0.00118204
1 0.517562 0.00103306 0.035124 0.00206612 0.00125309
1 0.478306 0.00103306 0.035124 0.00206612 0.00127316
1 0.440083 0.00103306 0.0371901 0.00206612 0.0012814
1 0.395661 0.00103306 0.0268595 0.00206612 0.00143683
0 0.528926 0.625 0.0330578 0.0309917 0.00145067
0 0.541322 0.727273 0.0330578 0.0247934 0.00266455
0 0.516529 0.546488 0.0371901 0.0268595 0.00711326
0 0.533058 0.645661 0.0330578 0.0433884 0.00754813
0 0.520661 0.568182 0.0330578 0.0247934 0.0135725
0 0.539256 0.715909 0.0289256 0.0309917 0.0172763
0 0.534091 0.663223 0.0309917 0.0289256 0.0173902
0 0.535124 0.676653 0.0330578 0.035124 0.0219259
0 0.539256 0.701446 0.0330578 0.0392562 0.0244288
1 0.556818 0.994835 0.0309917 0.0103306 0.0317092
1 0.553719 0.996901 0.0289256 0.00619835 0.0603581
3 0.375 0.503099 0.035124 0.035124 0.265603
3 0.368802 0.516529 0.0309917 0.0330578 0.266317
0 0.519628 0.556818 0.035124 0.0268595 0.734689
3 0.356405 0.52686 0.0227273 0.0206612 0.875604
2 0.375 0.503099 0.035124 0.035124 0.912955
