1 0.672521 0.00206612 0.0392562 0.00413223 0.00110239
1 0.635331 0.00206612 0.0392562 0.00413223 0.00115495
1 0.492769 0.00103306 0.0309917 0.00206612 0.00116882
1 0.570248 0.00103306 0.0330578 0.00206612 0.00125135
0 0.547521 0.797521 0.0330578 0.0289256 0.00127133
1 0.594008 0.00206612 0.0392562 0.00413223 0.00148883
1 0.453512 0.00103306 0.0309917 0.00206612 0.00148915
1 0.415289 0.00103306 0.0289256 0.00206612 0.00149222
1 0.378099 0.00103306 0.0289256 0.00206612 0.00149759
0 0.546488 0.779959 0.0309917 0.0475207 0.00155639
1 0.556818 0.00206612 0.0392562 0.00413223 0.00157309
1 0.33781 0.00103306 0.0268595 0.00206612 0.00171413
1 0.478306 0.00103306 0.0392562 0.00206612 0.00175733
1 0.325413 0.00103306 0.035124 0.00206612 0.00183548
1 0.516529 0.00103306 0.0371901 0.00206612 0.00185248
1 0.43905 0.00103306 0.035124 0.00206612 0.00205062
0 0.541322 0.753099 0.0330578 0.0268595 0.00219592
1 0.365702 0.00103306 0.0371901 0.00206612 0.00221126
0 0.533058 0.678719 0.0330578 0.0268595 0.0023068
1 0.401859 0.00103306 0.035124 0.00206612 0.00241339
1 0.565083 0.992769 0.0309917 0.0144628 0.00298236
0 0.539256 0.735537 0.0330578 0.0289256 0.00343458
0 0.539256 0.717975 0.0330578 0.0309917 0.00937157
1 0.566116 0.996901 0.0289256 0.00619835 0.069521
3 0.510331 0.576446 0.0371901 0.0413223 0.306918
3 0.509298 0.565083 0.0309917 0.0227273 0.503248
3 0.512397 0.588843 0.0330578 0.0289256 0.539314
2 0.510331 0.581612 0.0371901 0.0392562 0.539749
0 0.535124 0.697314 0.0330578 0.0268595 0.742821
