1 0.364669 0.00103306 0.035124 0.00206612 0.00111262
1 0.672521 0.00103306 0.035124 0.00206612 0.00125383
0 0.551653 0.546488 0.0330578 0.0309917 0.00132893
1 0.453512 0.00103306 0.0268595 0.00206612 0.00134934
1 0.633264 0.00103306 0.035124 0.00206612 0.00138657
1 0.568182 0.00103306 0.0289256 0.00206612 0.00142971
1 0.490702 0.00103306 0.0268595 0.00206612 0.00158383
1 0.532025 0.00103306 0.0268595 0.00206612 0.00168177
1 0.594008 0.00103306 0.035124 0.00206612 0.0016965
1 0.404959 0.00103306 0.0330578 0.00206612 0.00197088
1 0.415289 0.00103306 0.0247934 0.00206612 0.0020104
0 0.551653 0.644628 0.0289256 0.0247934 0.00203968
1 0.478306 0.00103306 0.035124 0.00206612 0.00213005
1 0.554752 0.00103306 0.035124 0.00206612 0.00214335
0 0.554752 0.64876 0.035124 0.0495868 0.00216077
1 0.43905 0.00103306 0.035124 0.00206612 0.0022362
1 0.518595 0.00103306 0.0330578 0.00206612 0.00224548
0 0.552686 0.66219 0.0309917 0.0227273 0.00241704
0 0.548554 0.633264 0.0433884 0.0433884 0.00265575
0 0.551653 0.584711 0.0330578 0.0247934 0.00309489
3 0.635331 0.243802 0.0227273 0.0289256 0.00445143
1 0.558884 0.996901 0.0309917 0.00619835 0.0902064
3 0.614669 0.27376 0.035124 0.0309917 0.399818
0 0.55062 0.563017 0.0309917 0.0227273 0.740842
3 0.629132 0.242769 0.0268595 0.018595 0.784211
2 0.613636 0.274793 0.0330578 0.0289256 0.885815
