1 0.454545 0.00103306 0.0289256 0.00206612 0.00109459
1 0.68595 0.00103306 0.0289256 0.00206612 0.00109991
1 0.491736 0.00103306 0.0289256 0.00206612 0.00112888
1 0.569215 0.00103306 0.0268595 0.00206612 0.00113081
1 0.375 0.00103306 0.0268595 0.00206612 0.00114024
0 0.556818 0.688017 0.0433884 0.0826446 0.00121724
1 0.318182 0.00103306 0.0247934 0.00206612 0.00132496
1 0.635331 0.00103306 0.035124 0.00206612 0.0013388
1 0.672521 0.00103306 0.035124 0.00206612 0.00134474
1 0.594008 0.00103306 0.035124 0.00206612 0.0013547
1 0.326446 0.00103306 0.0330578 0.00206612 0.00140423
1 0.530992 0.00103306 0.0289256 0.00206612 0.00157945
1 0.363636 0.00103306 0.0330578 0.00206612 0.00159972
0 0.556818 0.66219 0.0392562 0.0475207 0.00168114
1 0.478306 0.00103306 0.035124 0.00206612 0.00169123
1 0.402893 0.00103306 0.0330578 0.00206612 0.00180852
1 0.43905 0.00103306 0.035124 0.00206612 0.00181511
1 0.416322 0.00103306 0.0268595 0.00206612 0.00182868
1 0.554752 0.00103306 0.035124 0.00206612 0.00183016
1 0.517562 0.00103306 0.035124 0.00206612 0.00190262
0 0.552686 0.664256 0.0309917 0.0268595 0.00201299
1 0.558884 0.992769 0.0268595 0.0144628 0.00224701
0 0.554752 0.691116 0.035124 0.0309917 0.00272779
0 0.553719 0.681818 0.0289256 0.0247934 0.00373314
0 0.55062 0.578512 0.0309917 0.0206612 0.020077
1 0.557851 0.996901 0.0289256 0.00619835 0.0599418
3 0.532025 0.282025 0.0309917 0.0268595 0.466842
0 0.549587 0.570248 0.0330578 0.0247934 0.781495
3 0.528926 0.248967 0.0289256 0.0144628 0.786975
2 0.530992 0.283058 0.0289256 0.0289256 0.877899
