1 0.636364 0.00206612 0.0413223 0.00413223 0.00104627
1 0.665289 0.00206612 0.0330578 0.00413223 0.00106498
1 0.529959 0.00103306 0.0309917 0.00206612 0.00116252
0 0.56095 0.855372 0.035124 0.0289256 0.00117227
1 0.594008 0.00206612 0.0392562 0.00413223 0.00121292
1 0.415289 0.00103306 0.0289256 0.00206612 0.00133872
1 0.319215 0.00103306 0.0268595 0.00206612 0.00137383
1 0.555785 0.00103306 0.0371901 0.00206612 0.00144425
1 0.516529 0.00103306 0.0371901 0.00206612 0.00158446
1 0.338843 0.00103306 0.0289256 0.00206612 0.00162968
1 0.477273 0.00103306 0.0371901 0.00206612 0.0017436
1 0.403926 0.00103306 0.035124 0.00206612 0.00179497
1 0.327479 0.00103306 0.035124 0.00206612 0.001918
1 0.454545 0.00103306 0.0289256 0.00206612 0.00192622
1 0.357438 0.00103306 0.0289256 0.00206612 0.00220065
1 0.441116 0.00103306 0.035124 0.00206612 0.00222203
0 0.56095 0.822314 0.0309917 0.0206612 0.00238095
1 0.567149 0.991736 0.0309917 0.0123967 0.0032203
0 0.56095 0.805785 0.035124 0.0247934 0.00701682
3 0.396694 0.620868 0.0289256 0.0309917 0.037542
1 0.571281 0.996901 0.0309917 0.00619835 0.0428738
0 0.559917 0.815083 0.0330578 0.0227273 0.749401
3 0.368802 0.612603 0.018595 0.0268595 0.844167
2 0.396694 0.621901 0.0289256 0.0330578 0.888578
