1 0.634298 0.00206612 0.0413223 0.00413223 0.00107789
1 0.378099 0.00103306 0.0289256 0.00206612 0.00119998
1 0.594008 0.00103306 0.0392562 0.00206612 0.00132562
1 0.415289 0.00103306 0.0289256 0.00206612 0.0013851
1 0.454545 0.00103306 0.0289256 0.00206612 0.00139999
1 0.532025 0.00103306 0.0309917 0.00206612 0.00140914
1 0.554752 0.00103306 0.0392562 0.00206612 0.00140959
3 0.633264 0.57438 0.0309917 0.0289256 0.00143468
1 0.325413 0.00103306 0.035124 0.00206612 0.00157127
1 0.33781 0.00103306 0.0268595 0.00206612 0.00157534
1 0.479339 0.00103306 0.0371901 0.00206612 0.00170679
1 0.518595 0.00103306 0.0371901 0.00206612 0.00176404
1 0.363636 0.00103306 0.0371901 0.00206612 0.00189519
1 0.402893 0.00103306 0.0371901 0.00206612 0.00190355
1 0.440083 0.00103306 0.0371901 0.00206612 0.00213055
1 0.572314 0.996901 0.0289256 0.00619835 0.030611
3 0.630165 0.591942 0.0330578 0.035124 0.35487
3 0.642562 0.57438 0.0247934 0.0206612 0.76909
0 0.573347 0.813017 0.0309917 0.0227273 0.789767
2 0.629132 0.594008 0.035124 0.0309917 0.892842
