0 0.563017 0.592975 0.0309917 0.0330578 0.00101015
0 0.56405 0.625 0.0289256 0.0433884 0.00101024
1 0.570248 0.00103306 0.0289256 0.00206612 0.00101947
1 0.58781 0.00103306 0.0268595 0.00206612 0.00105943
1 0.517562 0.00103306 0.035124 0.00206612 0.00118713
0 0.563017 0.541322 0.0309917 0.0247934 0.00119361
1 0.441116 0.00103306 0.035124 0.00206612 0.00119536
1 0.557851 0.00103306 0.0371901 0.00206612 0.00122855
1 0.474174 0.00103306 0.0268595 0.00206612 0.00123727
0 0.559917 0.603306 0.0454545 0.0413223 0.00179118
1 0.565083 0.992769 0.0309917 0.0144628 0.00274483
0 0.56095 0.568182 0.0309917 0.0247934 0.00316854
3 0.704545 0.271694 0.0289256 0.035124 0.00637164
1 0.566116 0.996901 0.0289256 0.00619835 0.0672436
3 0.688017 0.28719 0.0330578 0.0330578 0.405761
0 0.56095 0.553719 0.0309917 0.0247934 0.745781
3 0.71281 0.261364 0.0247934 0.0227273 0.834041
2 0.68595 0.28719 0.0330578 0.0330578 0.886284
