1 0.318182 0.00103306 0.0247934 0.00206612 0.00106745
1 0.377066 0.00103306 0.0268595 0.00206612 0.00115535
1 0.416322 0.00103306 0.0268595 0.00206612 0.00117207
0 0.55062 0.668388 0.0309917 0.0268595 0.00126447
1 0.672521 0.00103306 0.035124 0.00206612 0.00131528
0 0.548554 0.646694 0.0309917 0.053719 0.00131772
1 0.453512 0.00103306 0.0268595 0.00206612 0.00136095
1 0.684917 0.00103306 0.0268595 0.00206612 0.00138537
1 0.530992 0.00103306 0.0289256 0.00206612 0.00140061
1 0.634298 0.00103306 0.0371901 0.00206612 0.00147053
1 0.336777 0.00103306 0.0247934 0.00206612 0.00150059
1 0.595041 0.00103306 0.0371901 0.00206612 0.00152649
1 0.554752 0.00103306 0.035124 0.00206612 0.00158195
1 0.326446 0.00103306 0.0330578 0.00206612 0.00158653
1 0.362603 0.00103306 0.035124 0.00206612 0.00167007
1 0.402893 0.00103306 0.0330578 0.00206612 0.0017572
1 0.492769 0.00103306 0.0268595 0.00206612 0.00178198
0 0.547521 0.582645 0.0330578 0.0247934 0.0017906
1 0.478306 0.00103306 0.035124 0.00206612 0.00181217
1 0.441116 0.00103306 0.035124 0.00206612 0.00182099
3 0.53719 0.285124 0.0495868 0.0371901 0.00183285
0 0.552686 0.703512 0.0392562 0.0475207 0.00198919
1 0.516529 0.00103306 0.0330578 0.00206612 0.00210914
0 0.551653 0.698347 0.0289256 0.0247934 0.00236058
0 0.545455 0.546488 0.0330578 0.0268595 0.00239304
1 0.558884 0.993802 0.0268595 0.0123967 0.00315255
0 0.552686 0.68595 0.035124 0.0495868 0.0126476
0 0.55062 0.682851 0.0309917 0.0227273 0.0230498
1 0.557851 0.996901 0.0289256 0.00619835 0.0639776
3 0.541322 0.291322 0.0289256 0.0289256 0.291907
3 0.540289 0.261364 0.0268595 0.0144628 0.752206
0 0.545455 0.56095 0.0289256 0.0227273 0.753065
2 0.541322 0.292355 0.0289256 0.0309917 0.886487
