1 0.338843 0.00103306 0.0247934 0.00206612 0.00107474
1 0.375 0.00103306 0.0268595 0.00206612 0.0011546
1 0.570248 0.00103306 0.0289256 0.00206612 0.00119329
1 0.686983 0.00103306 0.0268595 0.00206612 0.00121761
1 0.416322 0.00103306 0.0268595 0.00206612 0.00127164
0 0.532025 0.663223 0.035124 0.0289256 0.00127252
1 0.674587 0.00103306 0.035124 0.00206612 0.00131071
1 0.609504 0.00103306 0.0289256 0.00206612 0.00132237
1 0.328512 0.00103306 0.0330578 0.00206612 0.00139016
0 0.529959 0.620868 0.035124 0.0475207 0.00143383
1 0.530992 0.00103306 0.0289256 0.00206612 0.00146779
2 0.485537 0.290289 0.0330578 0.0268595 0.00156125
0 0.533058 0.67562 0.0330578 0.0289256 0.00164114
1 0.635331 0.00103306 0.035124 0.00206612 0.00170814
1 0.402893 0.00103306 0.0330578 0.00206612 0.0017189
1 0.363636 0.00103306 0.0330578 0.00206612 0.00172272
1 0.453512 0.00103306 0.0268595 0.00206612 0.00172835
1 0.555785 0.00103306 0.0371901 0.00206612 0.0018645
1 0.492769 0.00103306 0.0268595 0.00206612 0.00192821
1 0.595041 0.00103306 0.0371901 0.00206612 0.00193448
2 0.879132 0.102273 0.0599174 0.109504 0.00193698
1 0.517562 0.00103306 0.035124 0.00206612 0.00219541
1 0.441116 0.00103306 0.035124 0.00206612 0.00221951
1 0.479339 0.00103306 0.0330578 0.00206612 0.00235522
1 0.556818 0.993802 0.0309917 0.0123967 0.00369747
1 0.554752 0.996901 0.0309917 0.00619835 0.0756884
3 0.481405 0.283058 0.0330578 0.0247934 0.440712
3 0.477273 0.25 0.0289256 0.0123967 0.757038
0 0.521694 0.561983 0.0309917 0.0247934 0.763902
2 0.481405 0.283058 0.0289256 0.0289256 0.874976
