1 0.634298 0.00206612 0.0413223 0.00413223 0.00102231
1 0.376033 0.00103306 0.0289256 0.00206612 0.00102335
1 0.338843 0.00103306 0.0289256 0.00206612 0.00125268
1 0.595041 0.00206612 0.0413223 0.00413223 0.00129593
1 0.490702 0.00103306 0.0309917 0.00206612 0.00136248
1 0.556818 0.00103306 0.0392562 0.00206612 0.00147268
1 0.326446 0.00103306 0.0371901 0.00206612 0.00153774
1 0.455579 0.00103306 0.0309917 0.00206612 0.00155622
1 0.516529 0.00103306 0.0371901 0.00206612 0.00158701
1 0.416322 0.00103306 0.0309917 0.00206612 0.00166944
1 0.363636 0.00103306 0.0371901 0.00206612 0.00166983
0 0.556818 0.892562 0.0309917 0.0247934 0.00170227
0 0.552686 0.867769 0.0475207 0.0454545 0.00175624
0 0.553719 0.858471 0.0330578 0.0227273 0.00175984
1 0.477273 0.00103306 0.0371901 0.00206612 0.00183184
0 0.545455 0.805785 0.0371901 0.0495868 0.001835
1 0.403926 0.00103306 0.035124 0.00206612 0.00202541
1 0.441116 0.00103306 0.035124 0.00206612 0.00237529
0 0.554752 0.873967 0.0309917 0.0247934 0.00376218
0 0.535124 0.757231 0.0371901 0.0268595 0.00377907
1 0.566116 0.992769 0.0289256 0.0144628 0.00383516
0 0.541322 0.779959 0.0330578 0.0227273 0.0271916
1 0.568182 0.996901 0.0289256 0.00619835 0.102575
3 0.315083 0.646694 0.0268595 0.0330578 0.450075
0 0.538223 0.770661 0.035124 0.0247934 0.709697
3 0.280992 0.652893 0.0165289 0.0289256 0.822304
2 0.315083 0.647727 0.0268595 0.0309917 0.86242
