1 0.634298 0.00206612 0.0413223 0.00413223 0.00100042
0 0.530992 0.863636 0.0371901 0.0371901 0.00102304
1 0.288223 0.00103306 0.0392562 0.00206612 0.00102388
3 0.328512 0.841942 0.0495868 0.0516529 0.00102416
1 0.492769 0.00103306 0.0309917 0.00206612 0.00104565
0 0.518595 0.802686 0.0413223 0.0475207 0.00106684
1 0.532025 0.00103306 0.0309917 0.00206612 0.00113306
1 0.377066 0.00103306 0.0309917 0.00206612 0.00122183
1 0.595041 0.00206612 0.0413223 0.00413223 0.00123133
1 0.555785 0.00103306 0.0371901 0.00206612 0.00133937
0 0.0599174 0.169421 0.103306 0.0702479 0.00137328
1 0.453512 0.00103306 0.0309917 0.00206612 0.0015247
1 0.517562 0.00103306 0.0392562 0.00206612 0.00167541
1 0.415289 0.00103306 0.0289256 0.00206612 0.00168906
1 0.478306 0.00103306 0.0392562 0.00206612 0.00176856
1 0.327479 0.00103306 0.035124 0.00206612 0.00180604
0 0.0506198 0.163223 0.0433884 0.0867769 0.00183024
1 0.363636 0.00103306 0.0371901 0.00206612 0.00200644
0 0.55062 0.979339 0.0309917 0.0289256 0.00200921
1 0.338843 0.00103306 0.0289256 0.00206612 0.00209406
1 0.402893 0.00103306 0.0371901 0.00206612 0.00210478
1 0.440083 0.00103306 0.0371901 0.00206612 0.0022503
0 0.545455 0.942149 0.0330578 0.0247934 0.0023335
0 0.540289 0.904959 0.035124 0.0330578 0.00381065
1 0.549587 0.987603 0.0330578 0.0206612 0.00416659
0 0.540289 0.917355 0.035124 0.0247934 0.00595073
0 0.52686 0.840909 0.0371901 0.0289256 0.00673383
0 0.544421 0.929752 0.0309917 0.0289256 0.0146863
1 0.551653 0.995868 0.0330578 0.00826446 0.0343555
0 0.52376 0.828512 0.0392562 0.0247934 0.0534041
3 0.339876 0.813017 0.035124 0.0309917 0.0595093
0 0.521694 0.820248 0.0392562 0.0247934 0.735125
3 0.322314 0.835744 0.0247934 0.0227273 0.837678
2 0.341942 0.805785 0.035124 0.0330578 0.890387
