1 0.68595 0.00103306 0.0289256 0.00206612 0.00105415
1 0.326446 0.00103306 0.0330578 0.00206612 0.0011204
0 0.567149 0.654959 0.035124 0.0289256 0.00112465
1 0.453512 0.00103306 0.0268595 0.00206612 0.001174
1 0.673554 0.00103306 0.0330578 0.00206612 0.00118135
1 0.607438 0.00103306 0.0289256 0.00206612 0.00120219
1 0.532025 0.00103306 0.0268595 0.00206612 0.00129582
1 0.414256 0.00103306 0.0268595 0.00206612 0.00130944
1 0.633264 0.00103306 0.035124 0.00206612 0.00137732
0 0.568182 0.643595 0.0330578 0.0309917 0.00140489
1 0.364669 0.00103306 0.035124 0.00206612 0.00147746
0 0.569215 0.582645 0.0309917 0.0371901 0.00148114
1 0.556818 0.00103306 0.035124 0.00206612 0.00150686
1 0.588843 0.00103306 0.0289256 0.00206612 0.00163409
1 0.400826 0.00103306 0.0330578 0.00206612 0.00165041
1 0.441116 0.00103306 0.035124 0.00206612 0.00184919
1 0.515496 0.00103306 0.035124 0.00206612 0.0020547
1 0.568182 0.993802 0.0330578 0.0123967 0.00209803
1 0.479339 0.00103306 0.0330578 0.00206612 0.00223122
1 0.491736 0.00103306 0.0289256 0.00206612 0.00250788
1 0.569215 0.996901 0.0268595 0.00619835 0.108962
3 0.577479 0.379132 0.0309917 0.035124 0.344226
3 0.578512 0.366736 0.0289256 0.018595 0.432616
0 0.569215 0.563017 0.0309917 0.0227273 0.74006
2 0.577479 0.381198 0.0309917 0.0309917 0.751615
