1 0.607438 0.00103306 0.0289256 0.00206612 0.00108845
2 0.867769 0.104339 0.0743802 0.113636 0.00114956
1 0.556818 0.00103306 0.0392562 0.00206612 0.00119926
1 0.377066 0.00103306 0.0268595 0.00206612 0.00123617
1 0.416322 0.00103306 0.0268595 0.00206612 0.00127784
1 0.492769 0.00103306 0.0268595 0.00206612 0.00136257
1 0.595041 0.00103306 0.0371901 0.00206612 0.00139247
1 0.515496 0.00103306 0.035124 0.00206612 0.0015276
1 0.365702 0.00103306 0.0330578 0.00206612 0.00157152
1 0.479339 0.00103306 0.0371901 0.00206612 0.00170074
1 0.441116 0.00103306 0.035124 0.00206612 0.00173806
1 0.401859 0.00103306 0.035124 0.00206612 0.0017551
0 0.524793 0.594008 0.0371901 0.035124 0.00189368
3 0.786157 0.135331 0.0309917 0.072314 0.00226655
0 0.505165 0.594008 0.0433884 0.0433884 0.00323827
0 0.525826 0.605372 0.035124 0.0289256 0.00405859
0 0.542355 0.725207 0.0309917 0.0289256 0.00483695
0 0.512397 0.557851 0.0330578 0.0371901 0.00587672
0 0.540289 0.714876 0.0309917 0.0247934 0.00959759
1 0.555785 0.994835 0.0330578 0.0103306 0.0130782
0 0.530992 0.631198 0.0330578 0.0268595 0.0218946
1 0.554752 0.996901 0.0309917 0.00619835 0.029486
0 0.539256 0.700413 0.0289256 0.0330578 0.0295201
0 0.532025 0.641529 0.035124 0.0268595 0.041312
0 0.53719 0.667355 0.0330578 0.0413223 0.0432324
0 0.522727 0.569215 0.0330578 0.0227273 0.0655025
0 0.53719 0.68905 0.0289256 0.0309917 0.0689958
3 0.427686 0.545455 0.0330578 0.0371901 0.305391
3 0.423554 0.569215 0.0330578 0.0268595 0.388226
0 0.520661 0.559917 0.0330578 0.0247934 0.683164
3 0.418388 0.576446 0.0268595 0.0206612 0.779289
2 0.427686 0.545455 0.0330578 0.0330578 0.86146
