3 0.326446 0.782025 0.0289256 0.0268595 0.0010466
0 0.536157 0.890496 0.0392562 0.0371901 0.00108152
3 0.298554 0.832645 0.0475207 0.0454545 0.00109534
1 0.686983 0.00206612 0.035124 0.00413223 0.00112289
1 0.455579 0.00103306 0.0309917 0.00206612 0.00114894
1 0.492769 0.00103306 0.0309917 0.00206612 0.00118732
1 0.594008 0.00206612 0.0392562 0.00413223 0.00119449
1 0.674587 0.00206612 0.0392562 0.00413223 0.00119995
1 0.378099 0.00103306 0.0289256 0.00206612 0.00129362
0 0.549587 0.991736 0.0289256 0.0165289 0.00138416
1 0.554752 0.00103306 0.0392562 0.00206612 0.00151465
1 0.529959 0.00103306 0.0309917 0.00206612 0.00154911
0 0.541322 0.928719 0.0330578 0.0227273 0.00162934
1 0.479339 0.00103306 0.0371901 0.00206612 0.00176682
1 0.416322 0.00103306 0.0309917 0.00206612 0.00185779
1 0.516529 0.00103306 0.0371901 0.00206612 0.00187017
0 0.527893 0.860537 0.0392562 0.0309917 0.00189704
1 0.363636 0.00103306 0.0371901 0.00206612 0.00202514
1 0.402893 0.00103306 0.0371901 0.00206612 0.00204349
1 0.440083 0.00103306 0.0371901 0.00206612 0.00212244
1 0.336777 0.00103306 0.0289256 0.00206612 0.00218971
1 0.320248 0.00103306 0.0289256 0.00206612 0.0022287
0 0.546488 0.936983 0.0309917 0.0309917 0.00223934
3 0.299587 0.804752 0.0289256 0.035124 0.00402281
1 0.55062 0.990702 0.0309917 0.0144628 0.00403648
0 0.515496 0.815083 0.0392562 0.0268595 0.00704285
1 0.551653 0.995868 0.0289256 0.00826446 0.0249086
0 0.522727 0.838843 0.0371901 0.0247934 0.0462496
3 0.316116 0.799587 0.0330578 0.0330578 0.460065
0 0.519628 0.826446 0.0392562 0.0247934 0.721507
3 0.297521 0.827479 0.0247934 0.0227273 0.839256
2 0.317149 0.799587 0.035124 0.0330578 0.877893
