1 0.318182 0.00103306 0.0247934 0.00206612 0.00102486
1 0.610537 0.00103306 0.0268595 0.00206612 0.00114806
1 0.532025 0.00103306 0.0268595 0.00206612 0.00117078
1 0.327479 0.00103306 0.035124 0.00206612 0.00121795
1 0.684917 0.00103306 0.0268595 0.00206612 0.00131387
1 0.490702 0.00103306 0.0268595 0.00206612 0.00134082
1 0.672521 0.00103306 0.035124 0.00206612 0.00150348
1 0.364669 0.00103306 0.035124 0.00206612 0.00167315
1 0.567149 0.00103306 0.0268595 0.00206612 0.00174058
1 0.627066 0.00103306 0.0268595 0.00206612 0.00179916
2 0.879132 0.102273 0.0640496 0.113636 0.00180846
1 0.596074 0.00103306 0.035124 0.00206612 0.00182834
1 0.554752 0.00103306 0.035124 0.00206612 0.00198943
1 0.517562 0.00103306 0.035124 0.00206612 0.00199435
1 0.415289 0.00103306 0.0289256 0.00206612 0.00199936
1 0.441116 0.00103306 0.035124 0.00206612 0.00206146
1 0.403926 0.00103306 0.035124 0.00206612 0.00221189
1 0.473141 0.00103306 0.0289256 0.00206612 0.00240011
0 0.542355 0.674587 0.0309917 0.0227273 0.00265076
0 0.529959 0.538223 0.035124 0.0268595 0.00327568
0 0.553719 0.853306 0.0413223 0.0495868 0.00379405
0 0.540289 0.654959 0.0309917 0.0247934 0.00499434
3 0.496901 0.209711 0.0309917 0.0103306 0.0052923
0 0.552686 0.856405 0.0309917 0.0227273 0.0137721
2 0.501033 0.230372 0.0268595 0.0227273 0.0141766
0 0.532025 0.558884 0.0309917 0.0227273 0.0147344
0 0.541322 0.663223 0.0289256 0.0247934 0.0232011
1 0.556818 0.996901 0.0309917 0.00619835 0.0581789
3 0.503099 0.252066 0.0309917 0.0247934 0.440483
3 0.501033 0.216942 0.0268595 0.0123967 0.742636
0 0.530992 0.549587 0.0330578 0.0247934 0.757496
2 0.504132 0.252066 0.0289256 0.0247934 0.856254
