1 0.672521 0.00206612 0.0392562 0.00413223 0.00106384
1 0.634298 0.00206612 0.0413223 0.00413223 0.0010984
1 0.452479 0.00103306 0.0289256 0.00206612 0.00114958
1 0.33781 0.00103306 0.0268595 0.00206612 0.00115409
1 0.568182 0.990702 0.0330578 0.018595 0.00118239
1 0.555785 0.00103306 0.0371901 0.00206612 0.00135829
1 0.416322 0.00103306 0.0268595 0.00206612 0.00136013
1 0.376033 0.00103306 0.0289256 0.00206612 0.00137212
1 0.595041 0.00103306 0.0371901 0.00206612 0.00139323
1 0.492769 0.00103306 0.0309917 0.00206612 0.00139938
1 0.326446 0.00103306 0.0330578 0.00206612 0.001629
1 0.479339 0.00103306 0.0371901 0.00206612 0.00183582
1 0.364669 0.00103306 0.035124 0.00206612 0.00186888
2 0.872934 0.107438 0.0681818 0.0991736 0.00189271
1 0.516529 0.00103306 0.0371901 0.00206612 0.00189882
1 0.440083 0.00103306 0.0371901 0.00206612 0.00201878
1 0.401859 0.00103306 0.035124 0.00206612 0.00203405
1 0.572314 0.996901 0.0289256 0.00619835 0.0386841
3 0.603306 0.596074 0.0330578 0.0309917 0.324588
3 0.608471 0.576446 0.0268595 0.0165289 0.687081
0 0.571281 0.81095 0.0309917 0.0227273 0.781648
2 0.603306 0.596074 0.0330578 0.0309917 0.906091
