1 0.376033 0.00103306 0.0247934 0.00206612 0.00103384
1 0.645661 0.00103306 0.0268595 0.00206612 0.00109592
1 0.684917 0.00103306 0.0268595 0.00206612 0.00113173
0 0.571281 0.627066 0.035124 0.0309917 0.00114483
0 0.569215 0.655992 0.035124 0.035124 0.00119019
1 0.328512 0.00103306 0.0330578 0.00206612 0.00122468
1 0.414256 0.00103306 0.0268595 0.00206612 0.00124941
1 0.672521 0.00103306 0.035124 0.00206612 0.00132239
1 0.532025 0.00103306 0.0268595 0.00206612 0.00132575
1 0.492769 0.00103306 0.0268595 0.00206612 0.0014583
1 0.634298 0.00103306 0.0371901 0.00206612 0.00155647
1 0.569215 0.00103306 0.0268595 0.00206612 0.00158733
1 0.402893 0.00103306 0.0330578 0.00206612 0.00160586
1 0.453512 0.00103306 0.0268595 0.00206612 0.00164796
1 0.363636 0.00103306 0.0330578 0.00206612 0.00166053
1 0.561983 0.992769 0.0289256 0.0144628 0.00173189
1 0.594008 0.00103306 0.035124 0.00206612 0.00173951
1 0.555785 0.00103306 0.0330578 0.00206612 0.0020777
1 0.478306 0.00103306 0.035124 0.00206612 0.00208185
1 0.442149 0.00103306 0.0330578 0.00206612 0.002087
1 0.518595 0.00103306 0.0330578 0.00206612 0.00213115
0 0.570248 0.639463 0.0330578 0.0309917 0.00232599
0 0.573347 0.568182 0.0309917 0.0206612 0.00339302
1 0.56095 0.996901 0.0268595 0.00619835 0.0417471
3 0.599174 0.284091 0.0330578 0.0268595 0.441537
0 0.573347 0.555785 0.0309917 0.0247934 0.753458
3 0.604339 0.253099 0.0268595 0.0144628 0.792906
2 0.599174 0.284091 0.0289256 0.0268595 0.869401
