1 0.607438 0.00103306 0.0289256 0.00206612 0.00121082
1 0.364669 0.00103306 0.0309917 0.00206612 0.00121874
0 0.552686 0.634298 0.0309917 0.053719 0.00122586
1 0.415289 0.00103306 0.0247934 0.00206612 0.00126206
1 0.634298 0.00103306 0.0371901 0.00206612 0.00129458
1 0.492769 0.00103306 0.0268595 0.00206612 0.00133159
1 0.672521 0.00103306 0.035124 0.00206612 0.00135199
1 0.453512 0.00103306 0.0268595 0.00206612 0.00140288
1 0.569215 0.00103306 0.0268595 0.00206612 0.00141185
3 0.635331 0.231405 0.0309917 0.0247934 0.00157559
0 0.553719 0.679752 0.0289256 0.0247934 0.00162411
1 0.594008 0.00103306 0.035124 0.00206612 0.00163932
1 0.402893 0.00103306 0.0330578 0.00206612 0.00166151
0 0.549587 0.64876 0.0413223 0.0413223 0.00177019
1 0.532025 0.00103306 0.0268595 0.00206612 0.00179257
1 0.440083 0.00103306 0.0330578 0.00206612 0.00191473
1 0.478306 0.00103306 0.035124 0.00206612 0.00195065
0 0.552686 0.664256 0.0309917 0.0227273 0.00197393
1 0.554752 0.00103306 0.035124 0.00206612 0.00201458
1 0.517562 0.00103306 0.035124 0.00206612 0.0022544
1 0.557851 0.992769 0.0289256 0.0144628 0.0037604
1 0.557851 0.996901 0.0289256 0.00619835 0.0775308
3 0.619835 0.237603 0.0289256 0.0206612 0.113592
3 0.61157 0.262397 0.0330578 0.0289256 0.217896
0 0.55062 0.552686 0.0309917 0.0227273 0.802458
3 0.627066 0.230372 0.0268595 0.018595 0.80525
2 0.61157 0.26343 0.0330578 0.0268595 0.880487
