1 0.673554 0.00206612 0.0371901 0.00413223 0.00102778
1 0.493802 0.00103306 0.0289256 0.00206612 0.0011057
1 0.530992 0.00103306 0.0289256 0.00206612 0.00115888
1 0.633264 0.00103306 0.0392562 0.00206612 0.00117693
1 0.569215 0.990702 0.0309917 0.0144628 0.00123607
1 0.376033 0.00103306 0.0289256 0.00206612 0.00127154
1 0.339876 0.00103306 0.0268595 0.00206612 0.00128621
1 0.594008 0.00103306 0.0392562 0.00206612 0.00135737
1 0.554752 0.00103306 0.0392562 0.00206612 0.00140569
1 0.415289 0.00103306 0.0289256 0.00206612 0.00141793
0 0.571281 0.817149 0.0309917 0.0268595 0.00145973
1 0.453512 0.00103306 0.0309917 0.00206612 0.0014715
1 0.327479 0.00103306 0.035124 0.00206612 0.00148287
1 0.479339 0.00103306 0.0371901 0.00206612 0.00165138
1 0.516529 0.00103306 0.0371901 0.00206612 0.00171298
1 0.401859 0.00103306 0.035124 0.00206612 0.00186747
1 0.364669 0.00103306 0.035124 0.00206612 0.00191206
1 0.440083 0.00103306 0.0371901 0.00206612 0.00196595
3 0.129132 0.0919421 0.0268595 0.0599174 0.00299585
0 0.572314 0.836777 0.0289256 0.0206612 0.00656528
1 0.571281 0.996901 0.0309917 0.00619835 0.0354157
3 0.594008 0.59814 0.0309917 0.0309917 0.317596
3 0.599174 0.577479 0.0247934 0.0144628 0.673677
0 0.571281 0.828512 0.0309917 0.0247934 0.787428
2 0.594008 0.59814 0.0309917 0.0309917 0.896917
