1 0.453512 0.00103306 0.0268595 0.00206612 0.00106144
1 0.414256 0.00103306 0.0268595 0.00206612 0.00108753
1 0.401859 0.00103306 0.035124 0.00206612 0.00114798
1 0.592975 0.00103306 0.0371901 0.00206612 0.00114864
0 0.51343 0.584711 0.0392562 0.0247934 0.00116795
0 0.528926 0.66219 0.0330578 0.0268595 0.00123716
1 0.478306 0.00103306 0.035124 0.00206612 0.0012617
1 0.517562 0.00103306 0.035124 0.00206612 0.00132753
1 0.555785 0.00103306 0.0371901 0.00206612 0.00133894
3 0.336777 0.442149 0.0247934 0.0330578 0.00144381
1 0.441116 0.00103306 0.035124 0.00206612 0.00145257
0 0.52376 0.640496 0.035124 0.0247934 0.00271301
0 0.521694 0.625 0.035124 0.0268595 0.00274242
0 0.508264 0.547521 0.0371901 0.0247934 0.00321506
0 0.522727 0.607438 0.0330578 0.0413223 0.00357566
0 0.512397 0.568182 0.0330578 0.0247934 0.0201153
1 0.566116 0.993802 0.0330578 0.00826446 0.0389156
1 0.566116 0.996901 0.0289256 0.00619835 0.0972757
3 0.357438 0.440083 0.0289256 0.0330578 0.454106
0 0.510331 0.558884 0.0371901 0.0268595 0.758463
3 0.330579 0.450413 0.0206612 0.0289256 0.833188
2 0.357438 0.441116 0.0289256 0.035124 0.889225
