1 0.607438 0.00103306 0.0289256 0.00206612 0.00100762
1 0.401859 0.00103306 0.035124 0.00206612 0.00104128
1 0.672521 0.00103306 0.035124 0.00206612 0.00106753
1 0.490702 0.00103306 0.0268595 0.00206612 0.00106811
1 0.533058 0.00103306 0.0289256 0.00206612 0.00107442
1 0.453512 0.00103306 0.0268595 0.00206612 0.00107872
0 0.0485537 0.089876 0.0433884 0.0847107 0.00110159
0 0.559917 0.590909 0.0330578 0.0289256 0.00112092
1 0.634298 0.00103306 0.0371901 0.00206612 0.00118424
1 0.570248 0.00103306 0.0289256 0.00206612 0.00126944
1 0.595041 0.00103306 0.0371901 0.00206612 0.001391
1 0.478306 0.00103306 0.035124 0.00206612 0.00139811
1 0.518595 0.00103306 0.0371901 0.00206612 0.00145454
1 0.441116 0.00103306 0.035124 0.00206612 0.00148981
1 0.557851 0.00103306 0.0371901 0.00206612 0.00177657
0 0.561983 0.545455 0.0330578 0.0289256 0.00214849
3 0.676653 0.266529 0.035124 0.0247934 0.00361924
1 0.559917 0.993802 0.0330578 0.0123967 0.00385451
0 0.559917 0.579545 0.0289256 0.0227273 0.0254641
0 0.561983 0.555785 0.0289256 0.0247934 0.0536733
1 0.559917 0.996901 0.0289256 0.00619835 0.129641
3 0.663223 0.291322 0.0330578 0.0330578 0.233618
0 0.56095 0.566116 0.0309917 0.0247934 0.701549
3 0.684917 0.264463 0.0268595 0.0206612 0.814877
2 0.664256 0.290289 0.035124 0.0309917 0.901242
