1 0.592975 0.00206612 0.0413223 0.00413223 0.0010523
1 0.416322 0.00103306 0.0309917 0.00206612 0.00105571
1 0.320248 0.00103306 0.0289256 0.00206612 0.00108069
1 0.532025 0.00103306 0.0309917 0.00206612 0.00125906
1 0.554752 0.00206612 0.0392562 0.00413223 0.0014641
0 0.535124 0.84814 0.0371901 0.035124 0.00147481
1 0.340909 0.00103306 0.0289256 0.00206612 0.00151125
1 0.453512 0.00103306 0.0309917 0.00206612 0.0015547
1 0.478306 0.00103306 0.0392562 0.00206612 0.00165694
1 0.517562 0.00103306 0.0392562 0.00206612 0.00170444
0 0.561983 0.993802 0.0330578 0.0123967 0.00171651
1 0.328512 0.00103306 0.0371901 0.00206612 0.00183994
1 0.440083 0.00103306 0.0371901 0.00206612 0.00193175
1 0.377066 0.00103306 0.0309917 0.00206612 0.00209317
1 0.400826 0.00103306 0.0371901 0.00206612 0.00212531
1 0.364669 0.00103306 0.035124 0.00206612 0.00236409
0 0.529959 0.826446 0.0309917 0.0289256 0.00601369
3 0.274793 0.775826 0.0495868 0.0392562 0.00827278
0 0.524793 0.801653 0.0371901 0.0247934 0.0182884
1 0.56095 0.995868 0.0309917 0.00826446 0.0236016
3 0.267562 0.775826 0.0227273 0.0268595 0.071448
3 0.276859 0.768595 0.0330578 0.0330578 0.1429
3 0.28719 0.761364 0.0330578 0.0309917 0.434913
0 0.517562 0.785124 0.0392562 0.0247934 0.732815
3 0.261364 0.784091 0.0227273 0.0227273 0.832907
2 0.28719 0.760331 0.0330578 0.0330578 0.885684
