1 0.635331 0.00103306 0.035124 0.00206612 0.00102002
1 0.596074 0.00103306 0.035124 0.00206612 0.00103964
1 0.441116 0.00103306 0.035124 0.00206612 0.0011965
1 0.556818 0.00103306 0.035124 0.00206612 0.00120648
1 0.480372 0.00103306 0.035124 0.00206612 0.00140353
0 0.57438 0.625 0.0330578 0.0309917 0.00143428
1 0.515496 0.00103306 0.035124 0.00206612 0.00159903
1 0.490702 0.00103306 0.0268595 0.00206612 0.00161017
0 0.572314 0.636364 0.0454545 0.0454545 0.00178532
0 0.572314 0.646694 0.0330578 0.0289256 0.00245584
0 0.578512 0.547521 0.0330578 0.0289256 0.00275398
0 0.575413 0.569215 0.0309917 0.0227273 0.0031304
1 0.569215 0.992769 0.0309917 0.0144628 0.00359221
0 0.572314 0.66219 0.0289256 0.0227273 0.00413587
1 0.570248 0.996901 0.0289256 0.00619835 0.0928395
3 0.678719 0.32438 0.0309917 0.0330578 0.429234
0 0.575413 0.557851 0.0309917 0.0247934 0.749043
3 0.69938 0.304752 0.0227273 0.0227273 0.805523
2 0.677686 0.32438 0.0330578 0.0330578 0.877584
