1 0.454545 0.00103306 0.0289256 0.00206612 0.00111973
1 0.288223 0.00103306 0.0392562 0.00206612 0.00115002
1 0.492769 0.00103306 0.0309917 0.00206612 0.00121735
1 0.594008 0.00206612 0.0392562 0.00413223 0.00136759
1 0.377066 0.00103306 0.0309917 0.00206612 0.0013727
1 0.556818 0.00206612 0.0392562 0.00413223 0.00140629
1 0.478306 0.00103306 0.0392562 0.00206612 0.00157153
1 0.338843 0.00103306 0.0289256 0.00206612 0.00159924
0 0.541322 0.797521 0.0454545 0.0454545 0.00172306
1 0.517562 0.00103306 0.0392562 0.00206612 0.00175585
1 0.325413 0.00103306 0.035124 0.00206612 0.00179814
0 0.546488 0.832645 0.035124 0.0330578 0.00183835
1 0.364669 0.00103306 0.035124 0.00206612 0.00194425
1 0.43905 0.00103306 0.035124 0.00206612 0.00197822
1 0.416322 0.00103306 0.0309917 0.00206612 0.00208918
1 0.401859 0.00103306 0.035124 0.00206612 0.00229252
1 0.559917 0.991736 0.0330578 0.0165289 0.00393098
1 0.56405 0.995868 0.0289256 0.00826446 0.0300792
3 0.320248 0.683884 0.0247934 0.0330578 0.380575
0 0.542355 0.81405 0.035124 0.0247934 0.776701
3 0.288223 0.686983 0.0144628 0.0268595 0.796825
2 0.321281 0.683884 0.0268595 0.0289256 0.894299
