1 0.364669 0.00103306 0.035124 0.00206612 0.00107817
1 0.553719 0.00103306 0.0371901 0.00206612 0.00119248
1 0.479339 0.00103306 0.0371901 0.00206612 0.00126512
1 0.416322 0.00103306 0.0268595 0.00206612 0.00126942
1 0.401859 0.00103306 0.035124 0.00206612 0.00132084
1 0.43905 0.00103306 0.035124 0.00206612 0.0013753
1 0.530992 0.00103306 0.0289256 0.00206612 0.00137659
1 0.517562 0.00103306 0.035124 0.00206612 0.00158081
0 0.514463 0.546488 0.0371901 0.0268595 0.00188403
0 0.540289 0.72624 0.0309917 0.0309917 0.00408426
0 0.540289 0.715909 0.0309917 0.0268595 0.0068147
0 0.532025 0.660124 0.035124 0.0392562 0.00738142
0 0.520661 0.569215 0.0330578 0.0227273 0.00837908
1 0.557851 0.994835 0.0330578 0.0103306 0.0215653
0 0.538223 0.700413 0.0309917 0.0413223 0.0279175
0 0.534091 0.673554 0.0309917 0.0247934 0.0290197
1 0.553719 0.996901 0.0289256 0.00619835 0.0421377
0 0.535124 0.688017 0.0289256 0.0289256 0.155343
3 0.373967 0.505165 0.0371901 0.035124 0.272617
0 0.517562 0.558884 0.035124 0.0268595 0.748568
3 0.356405 0.528926 0.0227273 0.0206612 0.862166
2 0.375 0.505165 0.035124 0.035124 0.896054
