2 0.691116 0.246901 0.0309917 0.018595 0.00101837
1 0.634298 0.00103306 0.0371901 0.00206612 0.001083
1 0.570248 0.00103306 0.0289256 0.00206612 0.00124183
1 0.594008 0.00103306 0.035124 0.00206612 0.00127596
1 0.490702 0.00103306 0.0268595 0.00206612 0.00129548
1 0.402893 0.00103306 0.0330578 0.00206612 0.0013249
1 0.415289 0.00103306 0.0247934 0.00206612 0.0013465
0 0.561983 0.666322 0.0330578 0.0268595 0.00136212
0 0.56095 0.613636 0.0475207 0.0454545 0.00142155
1 0.43905 0.00103306 0.035124 0.00206612 0.00143865
1 0.479339 0.00103306 0.0330578 0.00206612 0.001606
0 0.565083 0.626033 0.0268595 0.0413223 0.00163518
1 0.554752 0.00103306 0.035124 0.00206612 0.0017528
1 0.518595 0.00103306 0.0330578 0.00206612 0.00203414
1 0.532025 0.00103306 0.0268595 0.00206612 0.00212431
0 0.565083 0.536157 0.0309917 0.0268595 0.00270163
0 0.563017 0.604339 0.0309917 0.0268595 0.00313341
1 0.56095 0.993802 0.0309917 0.0123967 0.0041475
0 0.56405 0.559917 0.0289256 0.0206612 0.00942139
1 0.559917 0.996901 0.0289256 0.00619835 0.0711271
3 0.674587 0.258264 0.0309917 0.0289256 0.13646
3 0.663223 0.280992 0.0330578 0.0330578 0.253917
0 0.56405 0.549587 0.0289256 0.0247934 0.800658
3 0.683884 0.252066 0.0247934 0.0206612 0.813796
2 0.663223 0.280992 0.0330578 0.0330578 0.884149
