0 0.512397 0.546488 0.0371901 0.0268595 0.00101482
1 0.592975 0.00103306 0.0371901 0.00206612 0.00103343
1 0.364669 0.00103306 0.035124 0.00206612 0.00109395
1 0.568182 0.00103306 0.0289256 0.00206612 0.00113207
1 0.518595 0.00103306 0.0371901 0.00206612 0.00118745
0 0.524793 0.594008 0.0371901 0.035124 0.0012265
1 0.477273 0.00103306 0.0371901 0.00206612 0.00125239
1 0.402893 0.00103306 0.0330578 0.00206612 0.00126847
1 0.556818 0.00103306 0.035124 0.00206612 0.00131576
1 0.440083 0.00103306 0.0330578 0.00206612 0.00134364
0 0.538223 0.728306 0.0392562 0.088843 0.00142541
0 0.543388 0.765496 0.0330578 0.0309917 0.00153675
3 0.375 0.544421 0.0268595 0.018595 0.00179759
0 0.53719 0.706612 0.0289256 0.0454545 0.00181047
0 0.525826 0.625 0.035124 0.0268595 0.00190107
0 0.540289 0.746901 0.0309917 0.0268595 0.00276298
0 0.536157 0.68905 0.0309917 0.0309917 0.00549701
0 0.529959 0.64876 0.035124 0.0289256 0.00575365
0 0.533058 0.674587 0.0330578 0.0268595 0.00835441
0 0.532025 0.664256 0.0309917 0.0268595 0.0145531
0 0.518595 0.569215 0.0330578 0.0227273 0.0195295
1 0.552686 0.996901 0.0309917 0.00619835 0.0235224
3 0.376033 0.529959 0.0330578 0.0309917 0.25757
3 0.384298 0.520661 0.0371901 0.0330578 0.281513
0 0.516529 0.559917 0.0330578 0.0247934 0.747985
3 0.367769 0.541322 0.0247934 0.0206612 0.824671
2 0.385331 0.514463 0.035124 0.0330578 0.85179
