2 0.869835 0.103306 0.0743802 0.115702 0.00112031
1 0.364669 0.00103306 0.035124 0.00206612 0.00112611
1 0.554752 0.00103306 0.035124 0.00206612 0.0011984
1 0.478306 0.00103306 0.035124 0.00206612 0.00127124
1 0.518595 0.00103306 0.0371901 0.00206612 0.00130472
1 0.451446 0.00103306 0.0268595 0.00206612 0.00137417
1 0.403926 0.00103306 0.035124 0.00206612 0.00141283
0 0.532025 0.681818 0.0392562 0.0289256 0.00146842
0 0.541322 0.745868 0.0330578 0.0247934 0.00167927
1 0.434917 0.00103306 0.0268595 0.00206612 0.00169886
0 0.535124 0.703512 0.0330578 0.0268595 0.00233509
0 0.527893 0.649793 0.035124 0.0516529 0.00283891
0 0.543388 0.741736 0.0371901 0.053719 0.003949
0 0.519628 0.602273 0.035124 0.0268595 0.00649605
0 0.522727 0.627066 0.0330578 0.0268595 0.00911706
1 0.56405 0.992769 0.0330578 0.0103306 0.0198992
2 0.42562 0.504132 0.0330578 0.0330578 0.0352204
0 0.538223 0.729339 0.0309917 0.0371901 0.0362228
1 0.566116 0.996901 0.0289256 0.00619835 0.0555045
3 0.433884 0.498967 0.0330578 0.035124 0.436939
0 0.521694 0.61157 0.0309917 0.0247934 0.724956
3 0.420455 0.512397 0.0227273 0.0247934 0.762498
2 0.433884 0.497934 0.0330578 0.0330578 0.914006
