1 0.556818 0.00103306 0.035124 0.00206612 0.00108682
1 0.517562 0.00103306 0.035124 0.00206612 0.00109023
1 0.478306 0.00103306 0.035124 0.00206612 0.00118622
1 0.402893 0.00103306 0.0330578 0.00206612 0.00120258
0 0.570248 0.704545 0.0330578 0.0330578 0.0012564
1 0.441116 0.00103306 0.035124 0.00206612 0.00132302
0 0.570248 0.720041 0.0289256 0.0227273 0.00137906
0 0.575413 0.632231 0.035124 0.0289256 0.00155373
0 0.571281 0.692149 0.0309917 0.0371901 0.00168385
0 0.578512 0.590909 0.0330578 0.0289256 0.00208954
3 0.77376 0.350207 0.0227273 0.0268595 0.00322487
0 0.570248 0.671488 0.0330578 0.0289256 0.005681
0 0.582645 0.558884 0.0330578 0.0268595 0.00611082
0 0.576446 0.606405 0.0371901 0.0557851 0.0103983
1 0.563017 0.994835 0.035124 0.0103306 0.0105401
0 0.57438 0.64876 0.0330578 0.0289256 0.0130621
0 0.579545 0.577479 0.035124 0.0227273 0.0194961
0 0.572314 0.661157 0.0289256 0.0289256 0.0208159
1 0.561983 0.996901 0.0289256 0.00619835 0.0320808
3 0.772727 0.358471 0.0289256 0.035124 0.286317
3 0.804752 0.349174 0.018595 0.0289256 0.733152
0 0.580579 0.568182 0.0330578 0.0247934 0.754696
2 0.77376 0.359504 0.0268595 0.0330578 0.90683
