1 0.260331 0.00103306 0.0289256 0.00206612 0.00106765
1 0.532025 0.00103306 0.0309917 0.00206612 0.00112908
1 0.492769 0.00103306 0.0309917 0.00206612 0.00121036
1 0.594008 0.00206612 0.0392562 0.00413223 0.00126506
1 0.377066 0.00103306 0.0309917 0.00206612 0.00139294
0 0.0506198 0.164256 0.0433884 0.088843 0.00147017
1 0.555785 0.00103306 0.0371901 0.00206612 0.00151401
1 0.415289 0.00103306 0.0289256 0.00206612 0.00159706
1 0.453512 0.00103306 0.0309917 0.00206612 0.00161334
1 0.478306 0.00103306 0.0392562 0.00206612 0.00175948
1 0.327479 0.00103306 0.035124 0.00206612 0.00176562
1 0.338843 0.00103306 0.0289256 0.00206612 0.00178509
1 0.517562 0.00103306 0.0392562 0.00206612 0.00178523
0 0.534091 0.853306 0.035124 0.0371901 0.00185658
1 0.363636 0.00103306 0.0371901 0.00206612 0.00195701
1 0.401859 0.00103306 0.035124 0.00206612 0.00209674
1 0.440083 0.00103306 0.0371901 0.00206612 0.00218259
3 0.291322 0.782025 0.0330578 0.0309917 0.0550505
1 0.556818 0.995868 0.0309917 0.00826446 0.056929
2 0.301653 0.780992 0.0495868 0.0330578 0.0906909
3 0.303719 0.778926 0.0495868 0.0371901 0.159945
3 0.288223 0.788223 0.0227273 0.0268595 0.72746
0 0.530992 0.830579 0.0371901 0.0247934 0.783662
2 0.316116 0.769628 0.0330578 0.0309917 0.92675
