1 0.364669 0.00103306 0.035124 0.00206612 0.00101291
1 0.592975 0.00103306 0.0371901 0.00206612 0.00109944
0 0.527893 0.640496 0.035124 0.0247934 0.00117671
1 0.555785 0.00103306 0.0371901 0.00206612 0.00123874
1 0.453512 0.00103306 0.0268595 0.00206612 0.00125613
1 0.401859 0.00103306 0.035124 0.00206612 0.00133964
1 0.478306 0.00103306 0.035124 0.00206612 0.00134756
1 0.441116 0.00103306 0.035124 0.00206612 0.0013767
1 0.517562 0.00103306 0.035124 0.00206612 0.00146641
0 0.518595 0.584711 0.0371901 0.0289256 0.00161881
0 0.52376 0.619835 0.035124 0.0247934 0.00421912
0 0.522727 0.605372 0.0330578 0.0371901 0.00464718
0 0.507231 0.53719 0.0392562 0.0247934 0.00585072
1 0.566116 0.992769 0.0330578 0.0103306 0.0210177
0 0.51343 0.56405 0.035124 0.0289256 0.0248581
1 0.566116 0.996901 0.0289256 0.00619835 0.0648043
3 0.274793 0.436983 0.0247934 0.0309917 0.487131
0 0.509298 0.547521 0.0392562 0.0247934 0.746971
3 0.241736 0.445248 0.0165289 0.0309917 0.846689
2 0.275826 0.436983 0.0268595 0.0309917 0.892473
