1 0.627066 0.00103306 0.0268595 0.00206612 0.00101194
1 0.529959 0.00103306 0.0268595 0.00206612 0.00106116
0 0.571281 0.681818 0.0433884 0.0785124 0.00113758
1 0.415289 0.00103306 0.0247934 0.00206612 0.00124707
1 0.671488 0.00103306 0.0330578 0.00206612 0.00126028
1 0.647727 0.00103306 0.0268595 0.00206612 0.00128025
1 0.363636 0.00103306 0.0330578 0.00206612 0.00130603
1 0.635331 0.00103306 0.035124 0.00206612 0.00148227
1 0.402893 0.00103306 0.0330578 0.00206612 0.00156955
1 0.490702 0.00103306 0.0268595 0.00206612 0.00162228
1 0.440083 0.00103306 0.0330578 0.00206612 0.00168838
1 0.594008 0.00103306 0.035124 0.00206612 0.00181488
1 0.479339 0.00103306 0.0330578 0.00206612 0.00187913
0 0.573347 0.636364 0.0309917 0.0413223 0.00191083
1 0.516529 0.00103306 0.0330578 0.00206612 0.00198313
1 0.556818 0.00103306 0.035124 0.00206612 0.0020776
0 0.575413 0.568182 0.0268595 0.0330578 0.00224849
1 0.569215 0.00103306 0.0268595 0.00206612 0.00229961
0 0.572314 0.678719 0.0289256 0.0227273 0.00237669
1 0.570248 0.992769 0.0289256 0.0144628 0.00262123
0 0.571281 0.667355 0.0309917 0.0289256 0.00386003
3 0.542355 0.311983 0.0309917 0.0289256 0.071781
1 0.571281 0.996901 0.0268595 0.00619835 0.0861456
0 0.573347 0.554752 0.0309917 0.0227273 0.779339
3 0.534091 0.288223 0.0268595 0.018595 0.790323
2 0.543388 0.311983 0.0330578 0.0289256 0.89518
