1 0.647727 0.00103306 0.0268595 0.00206612 0.00100356
1 0.608471 0.00103306 0.0268595 0.00206612 0.00101828
1 0.318182 0.00103306 0.0247934 0.00206612 0.00102148
3 0.576446 0.255165 0.0371901 0.0309917 0.00105562
1 0.356405 0.00103306 0.0268595 0.00206612 0.00107702
1 0.683884 0.00103306 0.0247934 0.00206612 0.00110962
0 0.565083 0.594008 0.0309917 0.035124 0.0011223
1 0.376033 0.00103306 0.0247934 0.00206612 0.00123444
1 0.416322 0.00103306 0.0268595 0.00206612 0.00128189
0 0.563017 0.680785 0.0309917 0.0268595 0.00133649
1 0.326446 0.00103306 0.0330578 0.00206612 0.00134316
0 0.563017 0.605372 0.0309917 0.0289256 0.00140758
1 0.671488 0.00103306 0.0330578 0.00206612 0.00147541
1 0.529959 0.00103306 0.0268595 0.00206612 0.00149313
0 0.563017 0.568182 0.0309917 0.0247934 0.00156387
1 0.569215 0.00103306 0.0268595 0.00206612 0.00158825
1 0.635331 0.00103306 0.035124 0.00206612 0.00161432
1 0.364669 0.00103306 0.0309917 0.00206612 0.00167501
1 0.440083 0.00103306 0.0330578 0.00206612 0.00174334
1 0.402893 0.00103306 0.0330578 0.00206612 0.00178798
1 0.594008 0.00103306 0.035124 0.00206612 0.00179064
1 0.559917 0.992769 0.0289256 0.0144628 0.00190086
1 0.492769 0.00103306 0.0268595 0.00206612 0.00194343
1 0.555785 0.00103306 0.0330578 0.00206612 0.00196652
1 0.480372 0.00103306 0.035124 0.00206612 0.00201516
1 0.516529 0.00103306 0.0330578 0.00206612 0.00243429
1 0.559917 0.996901 0.0289256 0.00619835 0.0435564
3 0.580579 0.282025 0.0289256 0.0268595 0.481402
0 0.56405 0.552686 0.0289256 0.0227273 0.750425
3 0.583678 0.248967 0.0268595 0.0144628 0.758969
2 0.580579 0.280992 0.0289256 0.0289256 0.893067
