1 0.288223 0.00103306 0.0392562 0.00206612 0.00103256
1 0.673554 0.00206612 0.0413223 0.00413223 0.00103562
1 0.636364 0.00206612 0.0413223 0.00413223 0.00103875
0 0.530992 0.825413 0.0371901 0.0268595 0.00110024
1 0.533058 0.00103306 0.0330578 0.00206612 0.00113973
1 0.415289 0.00103306 0.0289256 0.00206612 0.00122929
1 0.595041 0.00206612 0.0413223 0.00413223 0.00124284
0 0.53719 0.846074 0.0371901 0.035124 0.00131704
3 0.32438 0.827479 0.0247934 0.0227273 0.00135037
1 0.491736 0.00103306 0.0330578 0.00206612 0.00139085
1 0.378099 0.00103306 0.0289256 0.00206612 0.00147044
1 0.554752 0.00103306 0.0392562 0.00206612 0.00149161
1 0.336777 0.00103306 0.0289256 0.00206612 0.0015365
1 0.454545 0.00103306 0.0289256 0.00206612 0.00161813
3 0.336777 0.81095 0.0289256 0.0227273 0.00170344
1 0.319215 0.00103306 0.0268595 0.00206612 0.00171615
1 0.517562 0.00103306 0.0392562 0.00206612 0.00177944
1 0.477273 0.00103306 0.0371901 0.00206612 0.00186319
0 0.56095 0.987603 0.035124 0.0206612 0.00187311
1 0.440083 0.00103306 0.0371901 0.00206612 0.00204909
1 0.364669 0.00103306 0.035124 0.00206612 0.00205044
1 0.395661 0.00103306 0.0309917 0.00206612 0.00209702
0 0.525826 0.806818 0.035124 0.0227273 0.00267231
0 0.563017 0.994835 0.0309917 0.0103306 0.00645718
0 0.530992 0.81405 0.0330578 0.0289256 0.010513
1 0.561983 0.995868 0.0289256 0.00826446 0.0510403
3 0.344008 0.790289 0.035124 0.0309917 0.208032
0 0.52376 0.795455 0.0392562 0.0247934 0.767567
3 0.326446 0.819215 0.0247934 0.0227273 0.823391
2 0.346074 0.790289 0.035124 0.0309917 0.849957
