0 0.56095 0.98657 0.035124 0.0227273 0.00100535
1 0.288223 0.00103306 0.0392562 0.00206612 0.00103071
1 0.570248 0.00103306 0.0330578 0.00206612 0.00113751
1 0.453512 0.00103306 0.0309917 0.00206612 0.00118915
1 0.594008 0.00206612 0.0392562 0.00413223 0.00130412
0 0.540289 0.840909 0.035124 0.0371901 0.0013481
1 0.556818 0.00103306 0.0392562 0.00206612 0.00138651
1 0.492769 0.00103306 0.0309917 0.00206612 0.0015762
3 0.256198 0.748967 0.0206612 0.0433884 0.00164229
3 0.316116 0.73657 0.0247934 0.0309917 0.00166633
1 0.415289 0.00103306 0.0289256 0.00206612 0.00175697
1 0.516529 0.00103306 0.0371901 0.00206612 0.00182382
1 0.36157 0.00103306 0.0371901 0.00206612 0.00183609
1 0.402893 0.00103306 0.0371901 0.00206612 0.00185464
1 0.325413 0.00103306 0.035124 0.00206612 0.00186536
1 0.479339 0.00103306 0.0371901 0.00206612 0.00196816
1 0.440083 0.00103306 0.0371901 0.00206612 0.00203324
3 0.293388 0.764463 0.0330578 0.0371901 0.00207591
1 0.338843 0.00103306 0.0289256 0.00206612 0.00249435
0 0.530992 0.804752 0.0371901 0.0309917 0.00558353
1 0.56095 0.991736 0.0309917 0.0123967 0.0078035
0 0.53719 0.826446 0.0371901 0.0247934 0.0140197
1 0.561983 0.996901 0.0330578 0.00619835 0.0268994
3 0.30062 0.745868 0.0309917 0.0330578 0.0919568
3 0.274793 0.753099 0.0247934 0.0309917 0.159442
0 0.534091 0.818182 0.035124 0.0247934 0.75743
3 0.268595 0.759298 0.0206612 0.0268595 0.789058
2 0.302686 0.743802 0.0309917 0.0330578 0.884873
