1 0.415289 0.00103306 0.0289256 0.00206612 0.00107816
1 0.594008 0.00103306 0.0392562 0.00206612 0.00111037
1 0.555785 0.00103306 0.0371901 0.00206612 0.00120936
1 0.364669 0.00103306 0.035124 0.00206612 0.00127765
1 0.452479 0.00103306 0.0289256 0.00206612 0.00128713
1 0.517562 0.00103306 0.035124 0.00206612 0.00132791
3 0.431818 0.511364 0.0289256 0.035124 0.00136118
1 0.477273 0.00103306 0.0371901 0.00206612 0.0013703
0 0.525826 0.603306 0.035124 0.0289256 0.00138866
1 0.401859 0.00103306 0.035124 0.00206612 0.00140874
1 0.43905 0.00103306 0.035124 0.00206612 0.00157628
0 0.530992 0.635331 0.0330578 0.0268595 0.00191677
1 0.565083 0.992769 0.0309917 0.0144628 0.00319666
2 0.436983 0.512397 0.0309917 0.0289256 0.0051122
0 0.544421 0.724174 0.0309917 0.0309917 0.00521052
0 0.541322 0.707645 0.0330578 0.0268595 0.0122425
0 0.534091 0.655992 0.035124 0.035124 0.0132569
1 0.568182 0.996901 0.0289256 0.00619835 0.0801652
0 0.539256 0.695248 0.0289256 0.0309917 0.0805206
3 0.442149 0.505165 0.0330578 0.035124 0.313531
0 0.527893 0.618802 0.035124 0.0268595 0.731815
3 0.427686 0.519628 0.0247934 0.0268595 0.783953
2 0.443182 0.506198 0.0309917 0.0330578 0.870555
