1 0.569215 0.00103306 0.0268595 0.00206612 0.00107161
1 0.596074 0.00103306 0.035124 0.00206612 0.00110248
1 0.362603 0.00103306 0.035124 0.00206612 0.0011277
1 0.480372 0.00103306 0.035124 0.00206612 0.00114938
1 0.402893 0.00103306 0.0330578 0.00206612 0.00115173
1 0.556818 0.00103306 0.035124 0.00206612 0.00115993
1 0.519628 0.00103306 0.035124 0.00206612 0.00125364
1 0.441116 0.00103306 0.035124 0.00206612 0.00126593
0 0.577479 0.625 0.0309917 0.0268595 0.00145928
0 0.573347 0.678719 0.0309917 0.0227273 0.00413105
0 0.583678 0.547521 0.035124 0.0289256 0.00522104
0 0.576446 0.653926 0.0330578 0.035124 0.00697281
0 0.582645 0.568182 0.0289256 0.0206612 0.00865292
1 0.565083 0.993802 0.0309917 0.0123967 0.0139423
0 0.57438 0.666322 0.0289256 0.0268595 0.0154951
1 0.565083 0.996901 0.0268595 0.00619835 0.0514336
3 0.765496 0.333678 0.0309917 0.035124 0.45605
0 0.583678 0.556818 0.0309917 0.0227273 0.751374
3 0.797521 0.318182 0.0206612 0.0289256 0.839137
2 0.764463 0.333678 0.0289256 0.035124 0.905093
