0 0.551653 0.661157 0.0330578 0.0619835 0.00115586
1 0.453512 0.00103306 0.0268595 0.00206612 0.00117858
1 0.365702 0.00103306 0.0330578 0.00206612 0.0012122
1 0.646694 0.00103306 0.0289256 0.00206612 0.00128026
1 0.672521 0.00103306 0.035124 0.00206612 0.00131053
1 0.555785 0.992769 0.0289256 0.0144628 0.00135926
1 0.635331 0.00103306 0.035124 0.00206612 0.00149349
1 0.568182 0.00103306 0.0289256 0.00206612 0.00150604
1 0.594008 0.00103306 0.035124 0.00206612 0.00161638
1 0.490702 0.00103306 0.0268595 0.00206612 0.0016325
1 0.533058 0.00103306 0.0289256 0.00206612 0.00163364
0 0.543388 0.634298 0.0371901 0.0661157 0.00176826
0 0.549587 0.681818 0.0289256 0.0247934 0.00179303
1 0.478306 0.00103306 0.035124 0.00206612 0.00190971
1 0.403926 0.00103306 0.0309917 0.00206612 0.00192491
1 0.415289 0.00103306 0.0247934 0.00206612 0.00200571
0 0.545455 0.545455 0.0289256 0.0289256 0.00205221
1 0.438017 0.00103306 0.0330578 0.00206612 0.00220022
0 0.548554 0.665289 0.0309917 0.0289256 0.00221723
1 0.555785 0.00103306 0.0330578 0.00206612 0.00222254
1 0.518595 0.00103306 0.0330578 0.00206612 0.00225064
0 0.544421 0.579545 0.0309917 0.0268595 0.00318952
0 0.558884 0.992769 0.0309917 0.0144628 0.0043372
1 0.558884 0.996901 0.0309917 0.00619835 0.0665551
3 0.61157 0.274793 0.0330578 0.0289256 0.410376
0 0.544421 0.56405 0.0309917 0.0247934 0.736275
3 0.627066 0.243802 0.0268595 0.0165289 0.794051
2 0.61157 0.275826 0.0330578 0.0268595 0.895596
