1 0.594008 0.00103306 0.035124 0.00206612 0.00101077
1 0.364669 0.00103306 0.035124 0.00206612 0.00105874
1 0.490702 0.00103306 0.0268595 0.00206612 0.00122946
1 0.401859 0.00103306 0.035124 0.00206612 0.00126136
1 0.530992 0.00103306 0.0289256 0.00206612 0.00129681
1 0.554752 0.00103306 0.035124 0.00206612 0.00131042
1 0.517562 0.00103306 0.035124 0.00206612 0.00144412
1 0.441116 0.00103306 0.035124 0.00206612 0.00158411
1 0.478306 0.00103306 0.035124 0.00206612 0.00167767
3 0.777893 0.426653 0.0227273 0.0640496 0.00261578
0 0.597107 0.556818 0.0330578 0.0268595 0.00263534
0 0.581612 0.701446 0.0392562 0.035124 0.00379488
0 0.586777 0.65186 0.0330578 0.0309917 0.00769043
0 0.594008 0.580579 0.035124 0.0247934 0.0109393
0 0.581612 0.692149 0.0309917 0.0247934 0.0124106
1 0.568182 0.993802 0.0330578 0.00826446 0.0184759
0 0.584711 0.664256 0.0289256 0.0268595 0.0329995
1 0.568182 0.996901 0.0289256 0.00619835 0.0576095
0 0.583678 0.679752 0.0268595 0.0289256 0.0864442
3 0.745868 0.419421 0.0289256 0.0330578 0.381686
3 0.770661 0.417355 0.0165289 0.0289256 0.733781
0 0.595041 0.568182 0.0330578 0.0247934 0.755585
2 0.743802 0.418388 0.0247934 0.0309917 0.894533
