1 0.377066 0.00103306 0.0309917 0.00206612 0.00106292
0 0.533058 0.747934 0.0413223 0.0289256 0.00120244
1 0.453512 0.00103306 0.0309917 0.00206612 0.00122671
1 0.532025 0.00103306 0.0309917 0.00206612 0.00129382
1 0.554752 0.00103306 0.0392562 0.00206612 0.00129402
0 0.549587 0.846074 0.0371901 0.0268595 0.00134334
1 0.595041 0.00206612 0.0413223 0.00413223 0.00138132
1 0.338843 0.00103306 0.0289256 0.00206612 0.00148421
1 0.492769 0.00103306 0.0309917 0.00206612 0.00153141
0 0.546488 0.830579 0.035124 0.053719 0.00154624
1 0.363636 0.00103306 0.0371901 0.00206612 0.00170046
1 0.479339 0.00103306 0.0371901 0.00206612 0.00171111
1 0.327479 0.00103306 0.035124 0.00206612 0.00171525
1 0.416322 0.00103306 0.0309917 0.00206612 0.00184768
1 0.516529 0.00103306 0.0371901 0.00206612 0.00193518
1 0.402893 0.00103306 0.0371901 0.00206612 0.00197343
1 0.440083 0.00103306 0.0371901 0.00206612 0.00202821
0 0.554752 0.871901 0.0309917 0.0247934 0.0022687
0 0.549587 0.859504 0.0454545 0.0454545 0.00231901
0 0.538223 0.780992 0.035124 0.0247934 0.00279013
0 0.55062 0.858471 0.0309917 0.0227273 0.00640505
1 0.565083 0.993802 0.0309917 0.00826446 0.0321334
1 0.568182 0.996901 0.0289256 0.00619835 0.0952867
3 0.32438 0.658058 0.0330578 0.035124 0.241575
3 0.341942 0.652893 0.0309917 0.0330578 0.256825
0 0.535124 0.764463 0.0371901 0.0247934 0.728618
3 0.31095 0.66219 0.018595 0.0268595 0.815425
2 0.340909 0.653926 0.0289256 0.0309917 0.873597
