1 0.684917 0.00103306 0.0268595 0.00206612 0.00103614
1 0.608471 0.00103306 0.0268595 0.00206612 0.00117634
1 0.363636 0.00103306 0.0330578 0.00206612 0.00126946
1 0.532025 0.00103306 0.0268595 0.00206612 0.001304
1 0.415289 0.00103306 0.0247934 0.00206612 0.00133939
1 0.634298 0.00103306 0.0371901 0.00206612 0.00139785
1 0.672521 0.00103306 0.035124 0.00206612 0.00141617
1 0.453512 0.00103306 0.0268595 0.00206612 0.00145137
1 0.490702 0.00103306 0.0268595 0.00206612 0.00152207
1 0.402893 0.00103306 0.0330578 0.00206612 0.00161722
0 0.551653 0.643595 0.0289256 0.0227273 0.00161843
0 0.55062 0.619835 0.035124 0.0289256 0.0017908
1 0.569215 0.00103306 0.0268595 0.00206612 0.00186468
1 0.594008 0.00103306 0.035124 0.00206612 0.00188742
1 0.440083 0.00103306 0.0330578 0.00206612 0.00198844
0 0.548554 0.639463 0.0433884 0.0433884 0.00202785
1 0.517562 0.00103306 0.035124 0.00206612 0.00202842
1 0.473141 0.00103306 0.0289256 0.00206612 0.00213571
0 0.551653 0.663223 0.0289256 0.0247934 0.00214029
1 0.556818 0.00103306 0.035124 0.00206612 0.00216698
0 0.55062 0.538223 0.0309917 0.0268595 0.00249528
0 0.557851 0.992769 0.0289256 0.0144628 0.00441608
0 0.549587 0.559917 0.0289256 0.0247934 0.0151688
2 0.619835 0.248967 0.0330578 0.0268595 0.0385317
1 0.556818 0.996901 0.0309917 0.00619835 0.0590844
3 0.614669 0.262397 0.035124 0.0289256 0.116042
3 0.630165 0.229339 0.0289256 0.0165289 0.785576
0 0.549587 0.55062 0.0289256 0.0227273 0.78658
2 0.613636 0.262397 0.0330578 0.0289256 0.847411
