1 0.672521 0.00206612 0.0392562 0.00413223 0.00100069
1 0.289256 0.00103306 0.0371901 0.00206612 0.00100138
1 0.634298 0.00206612 0.0413223 0.00413223 0.00101119
1 0.492769 0.00103306 0.0309917 0.00206612 0.00109837
1 0.570248 0.00103306 0.0330578 0.00206612 0.00111135
1 0.594008 0.00206612 0.0392562 0.00413223 0.0011905
1 0.532025 0.00103306 0.0309917 0.00206612 0.00123657
1 0.33781 0.00103306 0.0268595 0.00206612 0.00128618
1 0.454545 0.00103306 0.0289256 0.00206612 0.00149473
1 0.555785 0.00103306 0.0371901 0.00206612 0.00157217
1 0.415289 0.00103306 0.0289256 0.00206612 0.00160797
1 0.377066 0.00103306 0.0309917 0.00206612 0.00165826
1 0.325413 0.00103306 0.035124 0.00206612 0.00175984
1 0.477273 0.00103306 0.0371901 0.00206612 0.00176811
1 0.518595 0.00103306 0.0371901 0.00206612 0.00178499
1 0.364669 0.00103306 0.035124 0.00206612 0.00179118
1 0.440083 0.00103306 0.0371901 0.00206612 0.00198749
1 0.401859 0.00103306 0.035124 0.00206612 0.00217965
1 0.569215 0.991736 0.0309917 0.0123967 0.00246047
0 0.569215 0.83781 0.0309917 0.0227273 0.00428644
0 0.568182 0.816116 0.0330578 0.0247934 0.0179134
1 0.572314 0.996901 0.0289256 0.00619835 0.0457589
3 0.511364 0.609504 0.0309917 0.0289256 0.400226
0 0.569215 0.826446 0.0309917 0.0247934 0.763337
3 0.496901 0.592975 0.0227273 0.0206612 0.768453
2 0.511364 0.610537 0.0309917 0.0309917 0.908511
