1 0.492769 0.00103306 0.0309917 0.00206612 0.0010179
1 0.674587 0.00206612 0.0392562 0.00413223 0.00103521
0 0.533058 0.858471 0.0371901 0.0392562 0.00109473
1 0.279959 0.00103306 0.0309917 0.00206612 0.00111127
2 0.315083 0.777893 0.035124 0.0309917 0.00120279
1 0.377066 0.00103306 0.0309917 0.00206612 0.0012467
0 0.558884 0.987603 0.035124 0.0206612 0.00124874
1 0.530992 0.00103306 0.0330578 0.00206612 0.00126261
1 0.415289 0.00103306 0.0289256 0.00206612 0.00133766
1 0.595041 0.00103306 0.0413223 0.00206612 0.00137369
1 0.555785 0.00103306 0.0371901 0.00206612 0.00147668
1 0.516529 0.00103306 0.0371901 0.00206612 0.00167003
1 0.325413 0.00103306 0.035124 0.00206612 0.00172881
1 0.478306 0.00103306 0.0392562 0.00206612 0.00176526
1 0.338843 0.00103306 0.0289256 0.00206612 0.00180021
1 0.402893 0.00103306 0.0371901 0.00206612 0.00184368
1 0.455579 0.00103306 0.0309917 0.00206612 0.00185147
1 0.363636 0.00103306 0.0371901 0.00206612 0.00199573
1 0.441116 0.00103306 0.035124 0.00206612 0.00222612
1 0.558884 0.992769 0.0309917 0.0144628 0.00324588
0 0.530992 0.83781 0.0371901 0.0268595 0.0040625
1 0.56095 0.996901 0.0309917 0.00619835 0.0404413
3 0.293388 0.796488 0.0330578 0.0309917 0.189474
3 0.307851 0.785124 0.0330578 0.0330578 0.378443
0 0.527893 0.823347 0.0392562 0.0227273 0.765345
3 0.282025 0.807851 0.0227273 0.0247934 0.824645
2 0.307851 0.785124 0.0330578 0.0330578 0.864786
