1 0.646694 0.00103306 0.0330578 0.00206612 0.00108202
1 0.416322 0.00103306 0.0268595 0.00206612 0.00114631
0 0.529959 0.589876 0.035124 0.0433884 0.00118583
1 0.634298 0.00103306 0.0371901 0.00206612 0.00121887
1 0.555785 0.00103306 0.0371901 0.00206612 0.0012206
1 0.319215 0.00103306 0.0268595 0.00206612 0.00122397
1 0.595041 0.00103306 0.0371901 0.00206612 0.00137721
1 0.364669 0.00103306 0.035124 0.00206612 0.00142034
1 0.440083 0.00103306 0.0371901 0.00206612 0.0016083
1 0.514463 0.00103306 0.0371901 0.00206612 0.00161561
1 0.401859 0.00103306 0.035124 0.00206612 0.00168614
1 0.479339 0.00103306 0.0371901 0.00206612 0.00179619
1 0.491736 0.00103306 0.0289256 0.00206612 0.00213757
3 0.786157 0.140496 0.0309917 0.0661157 0.00215866
0 0.482438 0.596074 0.0433884 0.0433884 0.00250537
0 0.536157 0.630165 0.035124 0.0289256 0.00266844
0 0.542355 0.686983 0.0309917 0.0268595 0.0119702
1 0.558884 0.994835 0.0309917 0.0103306 0.0255921
1 0.555785 0.996901 0.0289256 0.00619835 0.0547149
0 0.540289 0.657025 0.0309917 0.0247934 0.0784137
3 0.432851 0.545455 0.035124 0.0330578 0.160835
0 0.540289 0.669421 0.0309917 0.0247934 0.492055
0 0.52686 0.559917 0.0330578 0.0247934 0.723964
3 0.422521 0.57438 0.0268595 0.0206612 0.78418
2 0.431818 0.545455 0.0330578 0.0330578 0.871972
