1 0.68595 0.00103306 0.0247934 0.00206612 0.00102568
0 0.551653 0.795455 0.0289256 0.0247934 0.00103862
1 0.645661 0.00103306 0.0268595 0.00206612 0.00105058
0 0.543388 0.660124 0.0330578 0.0516529 0.00114747
1 0.377066 0.00103306 0.0268595 0.00206612 0.0012077
1 0.529959 0.00103306 0.0268595 0.00206612 0.00127142
1 0.453512 0.00103306 0.0268595 0.00206612 0.00128123
1 0.318182 0.00103306 0.0247934 0.00206612 0.00128744
1 0.326446 0.00103306 0.0330578 0.00206612 0.00128967
0 0.549587 0.681818 0.0289256 0.0206612 0.00130472
0 0.545455 0.636364 0.0289256 0.0495868 0.00131162
1 0.672521 0.00103306 0.035124 0.00206612 0.00133582
1 0.633264 0.00103306 0.035124 0.00206612 0.00133635
1 0.492769 0.00103306 0.0268595 0.00206612 0.00136782
1 0.416322 0.00103306 0.0268595 0.00206612 0.00158101
1 0.364669 0.00103306 0.035124 0.00206612 0.00162213
1 0.586777 0.00103306 0.0289256 0.00206612 0.00167374
1 0.479339 0.00103306 0.0330578 0.00206612 0.00174344
1 0.441116 0.00103306 0.035124 0.00206612 0.00178366
1 0.556818 0.00103306 0.035124 0.00206612 0.00188694
1 0.402893 0.00103306 0.0330578 0.00206612 0.00190864
1 0.517562 0.00103306 0.035124 0.00206612 0.00196972
1 0.570248 0.00103306 0.0289256 0.00206612 0.00200735
0 0.547521 0.668388 0.0289256 0.0268595 0.00234964
1 0.555785 0.993802 0.0289256 0.0123967 0.00303763
0 0.541322 0.569215 0.0289256 0.0227273 0.006791
1 0.556818 0.996901 0.0309917 0.00619835 0.061759
3 0.525826 0.279959 0.0309917 0.0268595 0.479731
3 0.52376 0.248967 0.0268595 0.0144628 0.755434
0 0.540289 0.554752 0.0309917 0.0227273 0.758415
2 0.524793 0.280992 0.0289256 0.0289256 0.883996
