1 0.492769 0.00103306 0.0309917 0.00206612 0.00110252
1 0.636364 0.00206612 0.0413223 0.00413223 0.00110404
1 0.594008 0.00206612 0.0392562 0.00413223 0.00110725
1 0.319215 0.00103306 0.0268595 0.00206612 0.00111347
1 0.454545 0.00103306 0.0289256 0.00206612 0.00126428
1 0.530992 0.00103306 0.0330578 0.00206612 0.00127278
1 0.377066 0.00103306 0.0309917 0.00206612 0.00135666
1 0.554752 0.00103306 0.0392562 0.00206612 0.0014008
1 0.415289 0.00103306 0.0289256 0.00206612 0.00140474
3 0.839876 0.995868 0.018595 0.00826446 0.00147462
1 0.33781 0.00103306 0.0268595 0.00206612 0.00152718
0 0.57438 0.817149 0.0330578 0.0268595 0.00157899
1 0.325413 0.00103306 0.035124 0.00206612 0.00167817
1 0.479339 0.00103306 0.0371901 0.00206612 0.001796
1 0.516529 0.00103306 0.0371901 0.00206612 0.00185116
1 0.363636 0.00103306 0.0371901 0.00206612 0.00188108
1 0.401859 0.00103306 0.035124 0.00206612 0.00196719
1 0.440083 0.00103306 0.0371901 0.00206612 0.00199973
0 0.573347 0.836777 0.0309917 0.0206612 0.0130183
1 0.571281 0.996901 0.0309917 0.00619835 0.0213869
3 0.64876 0.597107 0.0330578 0.0330578 0.242219
0 0.573347 0.829545 0.0309917 0.0227273 0.769757
3 0.664256 0.575413 0.0227273 0.0227273 0.834149
2 0.647727 0.597107 0.035124 0.0330578 0.907315
