0 0.552686 0.674587 0.0433884 0.0805785 0.00110876
1 0.684917 0.00103306 0.0268595 0.00206612 0.00113671
1 0.607438 0.00103306 0.0289256 0.00206612 0.00120382
1 0.532025 0.00103306 0.0268595 0.00206612 0.00130699
1 0.569215 0.00103306 0.0268595 0.00206612 0.00137982
1 0.672521 0.00103306 0.035124 0.00206612 0.00140992
1 0.633264 0.00103306 0.035124 0.00206612 0.00142215
1 0.363636 0.00103306 0.0330578 0.00206612 0.00143065
1 0.492769 0.00103306 0.0268595 0.00206612 0.00148092
1 0.453512 0.00103306 0.0268595 0.00206612 0.00148507
0 0.55062 0.646694 0.0309917 0.0247934 0.00164404
1 0.594008 0.00103306 0.035124 0.00206612 0.00169199
1 0.402893 0.00103306 0.0330578 0.00206612 0.00171258
1 0.415289 0.00103306 0.0247934 0.00206612 0.00172414
1 0.478306 0.00103306 0.035124 0.00206612 0.00191339
0 0.551653 0.679752 0.0289256 0.0247934 0.00191382
1 0.440083 0.00103306 0.0330578 0.00206612 0.00206276
1 0.518595 0.00103306 0.0330578 0.00206612 0.00216166
1 0.556818 0.00103306 0.035124 0.00206612 0.00221865
0 0.546488 0.631198 0.035124 0.0599174 0.00306086
1 0.556818 0.994835 0.0309917 0.0103306 0.00312954
0 0.548554 0.580579 0.0309917 0.0247934 0.00340209
0 0.551653 0.659091 0.0413223 0.0413223 0.00439481
0 0.549587 0.663223 0.0289256 0.0247934 0.00585208
0 0.546488 0.556818 0.0309917 0.0268595 0.00716971
1 0.559917 0.996901 0.0289256 0.00619835 0.0913066
3 0.617769 0.275826 0.0330578 0.0309917 0.455513
0 0.546488 0.566116 0.0309917 0.0247934 0.751699
3 0.633264 0.245868 0.0268595 0.0165289 0.798477
2 0.617769 0.275826 0.0330578 0.0309917 0.908192
