0 0.573347 0.627066 0.0516529 0.0516529 0.00101886
1 0.645661 0.00103306 0.0268595 0.00206612 0.00102668
1 0.377066 0.00103306 0.0268595 0.00206612 0.00106323
1 0.414256 0.00103306 0.0268595 0.00206612 0.00107147
0 0.575413 0.644628 0.0309917 0.0247934 0.00110295
1 0.492769 0.00103306 0.0268595 0.00206612 0.00115918
1 0.530992 0.00103306 0.0289256 0.00206612 0.00118824
1 0.365702 0.00103306 0.0330578 0.00206612 0.00125638
1 0.635331 0.00103306 0.035124 0.00206612 0.00128587
1 0.441116 0.00103306 0.035124 0.00206612 0.00141511
0 0.575413 0.569215 0.0309917 0.0227273 0.00144003
1 0.554752 0.00103306 0.035124 0.00206612 0.00144247
1 0.596074 0.00103306 0.035124 0.00206612 0.0014448
1 0.400826 0.00103306 0.0330578 0.00206612 0.00149871
1 0.480372 0.00103306 0.035124 0.00206612 0.00162146
1 0.517562 0.00103306 0.035124 0.00206612 0.00181159
0 0.57438 0.663223 0.0289256 0.0371901 0.00192766
0 0.57438 0.632231 0.0289256 0.0413223 0.0020015
1 0.569215 0.993802 0.0309917 0.0123967 0.00821148
0 0.57438 0.547521 0.0330578 0.0247934 0.0104865
1 0.572314 0.996901 0.0289256 0.00619835 0.0573653
3 0.524793 0.318182 0.0330578 0.0289256 0.468859
0 0.576446 0.556818 0.0289256 0.0227273 0.757203
3 0.515496 0.296488 0.0268595 0.018595 0.791149
2 0.524793 0.318182 0.0330578 0.0289256 0.879457
