1 0.673554 0.00206612 0.0413223 0.00413223 0.0010115
1 0.530992 0.00103306 0.0330578 0.00206612 0.00103083
0 0.516529 0.802686 0.0413223 0.0475207 0.00103671
1 0.492769 0.00103306 0.0309917 0.00206612 0.00105668
0 0.547521 0.944215 0.0330578 0.0330578 0.00109772
1 0.454545 0.00103306 0.0289256 0.00206612 0.00124685
1 0.570248 0.00206612 0.0330578 0.00413223 0.00125532
1 0.594008 0.00206612 0.0392562 0.00413223 0.00129052
1 0.556818 0.00103306 0.0392562 0.00206612 0.00154633
1 0.477273 0.00103306 0.0371901 0.00206612 0.00158185
1 0.517562 0.00103306 0.0392562 0.00206612 0.00169301
2 0.328512 0.815083 0.0454545 0.035124 0.0019263
1 0.402893 0.00103306 0.0371901 0.00206612 0.00199202
1 0.363636 0.00103306 0.0371901 0.00206612 0.0020102
1 0.327479 0.00103306 0.035124 0.00206612 0.00202862
1 0.415289 0.00103306 0.0289256 0.00206612 0.00204401
1 0.440083 0.00103306 0.0371901 0.00206612 0.00209222
1 0.338843 0.00103306 0.0289256 0.00206612 0.00244352
0 0.524793 0.839876 0.0371901 0.0268595 0.00357907
0 0.520661 0.828512 0.0371901 0.0247934 0.0416231
1 0.551653 0.995868 0.0289256 0.00826446 0.0535269
3 0.309917 0.82438 0.0371901 0.0330578 0.111722
3 0.325413 0.807851 0.035124 0.0330578 0.347584
0 0.518595 0.820248 0.0413223 0.0247934 0.766838
3 0.305785 0.832645 0.0247934 0.0206612 0.82629
2 0.326446 0.804752 0.0371901 0.0309917 0.832678
