1 0.454545 0.00103306 0.0289256 0.00206612 0.00106991
1 0.571281 0.00103306 0.0309917 0.00206612 0.00112675
1 0.492769 0.00103306 0.0309917 0.00206612 0.0011292
1 0.635331 0.00206612 0.0392562 0.00413223 0.00113481
1 0.568182 0.990702 0.0330578 0.0144628 0.0012501
0 0.573347 0.817149 0.0309917 0.0268595 0.00125412
1 0.376033 0.00103306 0.0289256 0.00206612 0.00125588
1 0.338843 0.00103306 0.0289256 0.00206612 0.00134637
1 0.594008 0.00103306 0.0392562 0.00206612 0.00143635
1 0.556818 0.00103306 0.0392562 0.00206612 0.00150653
1 0.327479 0.00103306 0.035124 0.00206612 0.0015698
1 0.516529 0.00103306 0.0371901 0.00206612 0.00165459
1 0.479339 0.00103306 0.0371901 0.00206612 0.00168072
1 0.364669 0.00103306 0.035124 0.00206612 0.00192236
1 0.43905 0.00103306 0.035124 0.00206612 0.00194212
1 0.401859 0.00103306 0.035124 0.00206612 0.00214657
1 0.415289 0.00103306 0.0289256 0.00206612 0.00235125
0 0.57438 0.840909 0.0289256 0.0330578 0.00257249
1 0.571281 0.996901 0.0309917 0.00619835 0.0319768
3 0.63843 0.59814 0.0330578 0.0309917 0.359303
3 0.653926 0.576446 0.0227273 0.0206612 0.661604
0 0.573347 0.829545 0.0309917 0.0227273 0.769274
2 0.639463 0.597107 0.0309917 0.0330578 0.878414
