1 0.288223 0.00103306 0.0392562 0.00206612 0.00102477
1 0.320248 0.00103306 0.0289256 0.00206612 0.00105268
1 0.595041 0.00206612 0.0413223 0.00413223 0.00116517
1 0.455579 0.00103306 0.0309917 0.00206612 0.00125267
1 0.554752 0.00103306 0.0392562 0.00206612 0.00151686
1 0.377066 0.00103306 0.0309917 0.00206612 0.00151877
1 0.415289 0.00103306 0.0289256 0.00206612 0.00152529
1 0.472107 0.00103306 0.0309917 0.00206612 0.00182927
1 0.530992 0.00103306 0.0330578 0.00206612 0.00183006
1 0.338843 0.00103306 0.0289256 0.00206612 0.00185204
0 0.56095 0.989669 0.035124 0.0206612 0.00191621
1 0.400826 0.00103306 0.0371901 0.00206612 0.00196951
1 0.328512 0.00103306 0.0371901 0.00206612 0.00200442
0 0.535124 0.842975 0.0371901 0.0330578 0.00201529
1 0.442149 0.00103306 0.0371901 0.00206612 0.00201783
1 0.518595 0.00103306 0.0371901 0.00206612 0.00211119
0 0.529959 0.827479 0.0392562 0.0268595 0.0023109
1 0.363636 0.00103306 0.0371901 0.00206612 0.0024026
2 0.301653 0.786157 0.0371901 0.0309917 0.0100405
0 0.527893 0.815083 0.0309917 0.0268595 0.0107985
0 0.563017 0.995868 0.0309917 0.00826446 0.0257415
1 0.56095 0.995868 0.0309917 0.00826446 0.0592458
0 0.522727 0.801653 0.0371901 0.0247934 0.124608
3 0.31095 0.780992 0.035124 0.0330578 0.40074
0 0.519628 0.793388 0.0392562 0.0247934 0.718038
3 0.289256 0.806818 0.0247934 0.0227273 0.779356
2 0.309917 0.778926 0.0330578 0.0330578 0.915688
