1 0.672521 0.00206612 0.0392562 0.00413223 0.00104615
3 0.295455 0.798554 0.0206612 0.0227273 0.00105586
1 0.415289 0.00103306 0.0289256 0.00206612 0.00121466
1 0.635331 0.00206612 0.0392562 0.00413223 0.00122928
1 0.377066 0.00103306 0.0309917 0.00206612 0.00126137
1 0.491736 0.00103306 0.0289256 0.00206612 0.00136144
1 0.594008 0.00206612 0.0392562 0.00413223 0.0014737
1 0.339876 0.00103306 0.0309917 0.00206612 0.00148864
1 0.549587 0.00103306 0.0330578 0.00206612 0.00150437
0 0.534091 0.852273 0.035124 0.0392562 0.001557
0 0.527893 0.817149 0.0392562 0.0268595 0.00157429
1 0.454545 0.00103306 0.0289256 0.00206612 0.00168361
1 0.327479 0.00103306 0.035124 0.00206612 0.0016937
1 0.518595 0.00103306 0.0371901 0.00206612 0.0016952
0 0.551653 0.943182 0.0330578 0.0309917 0.00171465
0 0.554752 0.989669 0.0309917 0.0165289 0.00187697
1 0.477273 0.00103306 0.0371901 0.00206612 0.00196786
1 0.363636 0.00103306 0.0371901 0.00206612 0.00206653
1 0.440083 0.00103306 0.0371901 0.00206612 0.00210555
1 0.395661 0.00103306 0.0309917 0.00206612 0.00212767
1 0.554752 0.990702 0.0309917 0.0144628 0.00566202
1 0.556818 0.995868 0.0309917 0.00826446 0.0289734
0 0.532025 0.83781 0.035124 0.0227273 0.0422094
3 0.298554 0.788223 0.0268595 0.0309917 0.255635
3 0.317149 0.77376 0.035124 0.0309917 0.366824
0 0.530992 0.828512 0.0371901 0.0247934 0.762214
3 0.291322 0.791322 0.0206612 0.0247934 0.833665
2 0.319215 0.772727 0.0309917 0.0330578 0.917665
