1 0.416322 0.00103306 0.0268595 0.00206612 0.00107624
1 0.402893 0.00103306 0.0330578 0.00206612 0.00112427
1 0.592975 0.00103306 0.0371901 0.00206612 0.00118563
0 0.507231 0.547521 0.0392562 0.0289256 0.00134785
1 0.490702 0.00103306 0.0268595 0.00206612 0.00136089
1 0.479339 0.00103306 0.0371901 0.00206612 0.00140902
1 0.568182 0.00103306 0.0289256 0.00206612 0.00142153
1 0.441116 0.00103306 0.035124 0.00206612 0.00143317
1 0.555785 0.00103306 0.0371901 0.00206612 0.00150204
1 0.517562 0.00103306 0.035124 0.00206612 0.00163924
0 0.51343 0.583678 0.0392562 0.0268595 0.00176779
0 0.52686 0.663223 0.0330578 0.0247934 0.00184566
0 0.52376 0.637397 0.035124 0.0268595 0.00279992
0 0.521694 0.603306 0.0309917 0.0413223 0.00393333
0 0.521694 0.623967 0.035124 0.0247934 0.00395795
1 0.565083 0.993802 0.0309917 0.00826446 0.0274076
0 0.511364 0.569215 0.035124 0.0227273 0.0387436
1 0.566116 0.996901 0.0289256 0.00619835 0.0723437
3 0.38843 0.452479 0.0330578 0.0330578 0.12847
0 0.510331 0.559917 0.0371901 0.0247934 0.748743
3 0.368802 0.464876 0.0227273 0.0289256 0.782462
2 0.389463 0.452479 0.0309917 0.0330578 0.90933
