1 0.379132 0.00103306 0.0309917 0.00206612 0.00100851
0 0.555785 0.802686 0.0413223 0.0557851 0.00105727
1 0.28719 0.00103306 0.0371901 0.00206612 0.00109208
1 0.299587 0.00103306 0.0289256 0.00206612 0.00110771
1 0.492769 0.00103306 0.0309917 0.00206612 0.00116389
1 0.357438 0.00103306 0.0289256 0.00206612 0.00117007
1 0.607438 0.00206612 0.0330578 0.00413223 0.00121874
0 0.55062 0.83781 0.035124 0.0268595 0.00123449
0 0.547521 0.81095 0.0371901 0.0268595 0.00129573
1 0.454545 0.00103306 0.0289256 0.00206612 0.00129774
1 0.556818 0.00103306 0.0392562 0.00206612 0.00132333
1 0.595041 0.00206612 0.0413223 0.00413223 0.0013546
1 0.338843 0.00103306 0.0289256 0.00206612 0.00152977
1 0.517562 0.00103306 0.0392562 0.00206612 0.00153486
1 0.414256 0.00103306 0.0309917 0.00206612 0.00153636
1 0.325413 0.00103306 0.035124 0.00206612 0.00179121
1 0.478306 0.00103306 0.0392562 0.00206612 0.00180134
1 0.365702 0.00103306 0.0371901 0.00206612 0.00180147
1 0.440083 0.00103306 0.0371901 0.00206612 0.00195281
1 0.396694 0.00103306 0.0289256 0.00206612 0.00221285
3 0.309917 0.674587 0.0206612 0.0268595 0.0027234
2 0.309917 0.674587 0.0206612 0.0309917 0.00289121
1 0.563017 0.992769 0.0309917 0.0103306 0.0131956
3 0.329545 0.67562 0.0227273 0.0289256 0.0155921
1 0.565083 0.996901 0.0309917 0.00619835 0.0589765
0 0.549587 0.822314 0.0330578 0.0247934 0.768211
3 0.295455 0.67562 0.0123967 0.0289256 0.776717
2 0.329545 0.67562 0.0227273 0.0289256 0.869822
