1 0.636364 0.00206612 0.0413223 0.00413223 0.00103493
1 0.570248 0.00103306 0.0330578 0.00206612 0.00115709
1 0.454545 0.00103306 0.0289256 0.00206612 0.00119804
1 0.595041 0.00206612 0.0413223 0.00413223 0.00128234
1 0.556818 0.00103306 0.0392562 0.00206612 0.00142264
3 0.422521 0.646694 0.0268595 0.053719 0.00150014
1 0.491736 0.00103306 0.0330578 0.00206612 0.00161947
1 0.325413 0.00103306 0.035124 0.00206612 0.00164881
1 0.516529 0.00103306 0.0371901 0.00206612 0.00179792
1 0.363636 0.00103306 0.0371901 0.00206612 0.00181834
1 0.338843 0.00103306 0.0289256 0.00206612 0.00190381
1 0.479339 0.00103306 0.0371901 0.00206612 0.00193157
1 0.404959 0.00103306 0.0371901 0.00206612 0.00218036
1 0.440083 0.00103306 0.0371901 0.00206612 0.00234993
1 0.416322 0.00103306 0.0309917 0.00206612 0.00237796
0 0.56405 0.796488 0.0330578 0.0268595 0.0025414
1 0.569215 0.991736 0.0309917 0.0123967 0.00483136
1 0.572314 0.996901 0.0289256 0.00619835 0.0697194
3 0.452479 0.645661 0.0289256 0.0309917 0.326642
0 0.565083 0.809917 0.0309917 0.0247934 0.728405
3 0.429752 0.642562 0.0165289 0.0247934 0.832826
2 0.454545 0.645661 0.0289256 0.0309917 0.902408
