1 0.492769 0.00103306 0.0268595 0.00206612 0.00107222
1 0.441116 0.00103306 0.035124 0.00206612 0.00113048
0 0.556818 0.573347 0.035124 0.0268595 0.00114923
1 0.480372 0.00103306 0.035124 0.00206612 0.00116832
1 0.517562 0.00103306 0.035124 0.00206612 0.00128801
0 0.559917 0.65186 0.0330578 0.0268595 0.00175445
0 0.557851 0.603306 0.0330578 0.0247934 0.00254821
2 0.383264 0.322314 0.0309917 0.0371901 0.00461491
0 0.557851 0.619835 0.0330578 0.0371901 0.00685427
0 0.56095 0.642562 0.0309917 0.0247934 0.0071802
1 0.569215 0.993802 0.0309917 0.0123967 0.0125786
1 0.570248 0.996901 0.0289256 0.00619835 0.0698301
3 0.373967 0.320248 0.0247934 0.0247934 0.207118
3 0.397727 0.330579 0.0309917 0.0330578 0.415341
0 0.554752 0.551653 0.0309917 0.0247934 0.746488
3 0.368802 0.315083 0.018595 0.0227273 0.828772
2 0.397727 0.331612 0.0309917 0.0309917 0.876019
