0 0.515496 0.588843 0.035124 0.0371901 0.00101931
1 0.414256 0.00103306 0.0268595 0.00206612 0.00103476
1 0.635331 0.00103306 0.0392562 0.00206612 0.00104393
1 0.570248 0.00103306 0.0289256 0.00206612 0.00104956
1 0.453512 0.00103306 0.0268595 0.00206612 0.00111457
1 0.326446 0.00103306 0.0330578 0.00206612 0.00112024
1 0.673554 0.00103306 0.0371901 0.00206612 0.00112936
1 0.33781 0.00103306 0.0268595 0.00206612 0.0011626
0 0.51343 0.547521 0.035124 0.0247934 0.00131053
3 0.357438 0.996901 0.0206612 0.00619835 0.0013286
1 0.592975 0.00103306 0.0371901 0.00206612 0.00134571
1 0.491736 0.00103306 0.0289256 0.00206612 0.00138185
0 0.53719 0.698347 0.0289256 0.0247934 0.00138655
0 0.543388 0.758264 0.0371901 0.0743802 0.00140486
1 0.683884 0.00103306 0.0289256 0.00206612 0.00143056
1 0.556818 0.00103306 0.035124 0.00206612 0.00145288
1 0.364669 0.00103306 0.035124 0.00206612 0.00148728
1 0.516529 0.00103306 0.0371901 0.00206612 0.00153727
1 0.395661 0.00103306 0.0268595 0.00206612 0.00162361
1 0.478306 0.00103306 0.035124 0.00206612 0.0017256
1 0.441116 0.00103306 0.035124 0.00206612 0.00178166
0 0.542355 0.767562 0.0309917 0.0268595 0.00189223
0 0.53719 0.735537 0.0371901 0.0826446 0.00268334
3 0.413223 0.579545 0.0413223 0.0599174 0.00274384
0 0.53719 0.711777 0.0289256 0.0475207 0.00279242
0 0.52376 0.604339 0.035124 0.0268595 0.00374764
3 0.400826 0.577479 0.0289256 0.0227273 0.00456411
0 0.541322 0.755165 0.0289256 0.0268595 0.00461858
0 0.540289 0.744835 0.0309917 0.0268595 0.00501117
0 0.528926 0.642562 0.0330578 0.0371901 0.00716566
2 0.417355 0.530992 0.0330578 0.0289256 0.00775653
0 0.524793 0.622934 0.0330578 0.0268595 0.0098088
1 0.554752 0.994835 0.0309917 0.0103306 0.0105145
0 0.518595 0.569215 0.0330578 0.0227273 0.0142925
1 0.553719 0.996901 0.0289256 0.00619835 0.0215554
0 0.535124 0.680785 0.0289256 0.0309917 0.0238481
0 0.530992 0.659091 0.0330578 0.0371901 0.0373565
0 0.532025 0.670455 0.0309917 0.0268595 0.0826586
3 0.416322 0.542355 0.035124 0.035124 0.2527
0 0.516529 0.557851 0.0330578 0.0247934 0.734902
3 0.403926 0.570248 0.0268595 0.0206612 0.846755
2 0.414256 0.541322 0.035124 0.0330578 0.850731
