0 0.57438 0.68595 0.0413223 0.0785124 0.00109929
1 0.32438 0.00103306 0.0330578 0.00206612 0.0011327
1 0.634298 0.00103306 0.0371901 0.00206612 0.00121502
1 0.376033 0.00103306 0.0247934 0.00206612 0.00125187
1 0.415289 0.00103306 0.0247934 0.00206612 0.00126425
1 0.570248 0.00103306 0.0289256 0.00206612 0.00132971
1 0.453512 0.00103306 0.0268595 0.00206612 0.00137275
1 0.365702 0.00103306 0.0330578 0.00206612 0.00150477
1 0.556818 0.00103306 0.035124 0.00206612 0.00154318
1 0.594008 0.00103306 0.035124 0.00206612 0.00162683
3 0.831612 0.0857438 0.018595 0.018595 0.0016702
1 0.515496 0.00103306 0.035124 0.00206612 0.00167563
1 0.492769 0.00103306 0.0268595 0.00206612 0.00171065
1 0.441116 0.00103306 0.035124 0.00206612 0.0018552
1 0.402893 0.00103306 0.0330578 0.00206612 0.00193755
1 0.479339 0.00103306 0.0330578 0.00206612 0.00196433
3 0.596074 0.377066 0.0309917 0.0309917 0.002036
0 0.57438 0.670455 0.0330578 0.0309917 0.00236669
1 0.569215 0.993802 0.035124 0.0123967 0.00242097
3 0.58781 0.395661 0.0309917 0.0268595 0.00392373
0 0.576446 0.554752 0.0330578 0.0268595 0.00476443
1 0.570248 0.996901 0.0289256 0.00619835 0.112341
3 0.588843 0.383264 0.0330578 0.035124 0.338849
2 0.588843 0.384298 0.0330578 0.0330578 0.462812
3 0.589876 0.368802 0.0268595 0.018595 0.598106
0 0.579545 0.56405 0.0309917 0.0247934 0.738292
