1 0.684917 0.00103306 0.0268595 0.00206612 0.00100931
3 0.540289 0.259298 0.0309917 0.0144628 0.00101814
0 0.552686 0.682851 0.0309917 0.0268595 0.00102714
1 0.453512 0.00103306 0.0268595 0.00206612 0.00108298
1 0.608471 0.00103306 0.0268595 0.00206612 0.00108447
1 0.318182 0.00103306 0.0247934 0.00206612 0.00113997
1 0.338843 0.00103306 0.0247934 0.00206612 0.00120628
1 0.529959 0.00103306 0.0268595 0.00206612 0.00123824
0 0.552686 0.702479 0.0309917 0.0247934 0.00126134
2 0.886364 0.0971074 0.0578512 0.107438 0.00129726
1 0.673554 0.00103306 0.0330578 0.00206612 0.00136738
1 0.569215 0.00103306 0.0268595 0.00206612 0.00140596
0 0.551653 0.671488 0.0371901 0.0413223 0.00143534
1 0.633264 0.00103306 0.035124 0.00206612 0.0014823
1 0.326446 0.00103306 0.0330578 0.00206612 0.00149066
1 0.492769 0.00103306 0.0268595 0.00206612 0.00166326
1 0.555785 0.00103306 0.0330578 0.00206612 0.00174597
1 0.594008 0.00103306 0.035124 0.00206612 0.00176693
1 0.363636 0.00103306 0.0330578 0.00206612 0.00178635
1 0.402893 0.00103306 0.0330578 0.00206612 0.00192778
1 0.516529 0.00103306 0.0330578 0.00206612 0.00201804
1 0.479339 0.00103306 0.0330578 0.00206612 0.00202762
1 0.43905 0.00103306 0.035124 0.00206612 0.00205439
0 0.557851 0.992769 0.0289256 0.0144628 0.00207386
3 0.18595 0.984504 0.0206612 0.0309917 0.00216824
1 0.414256 0.00103306 0.0268595 0.00206612 0.00242479
1 0.555785 0.993802 0.0289256 0.0123967 0.0024848
3 0.186983 0.987603 0.035124 0.0247934 0.00309428
3 0.194215 0.989669 0.0247934 0.0123967 0.00468627
3 0.194215 0.992769 0.0206612 0.0103306 0.0163078
3 0.53719 0.28719 0.0371901 0.0330578 0.0191793
0 0.55062 0.579545 0.0309917 0.0227273 0.0247046
1 0.557851 0.996901 0.0289256 0.00619835 0.0339332
3 0.539256 0.295455 0.0289256 0.0289256 0.268522
0 0.549587 0.570248 0.0289256 0.0247934 0.743876
3 0.539256 0.264463 0.0289256 0.0123967 0.750011
2 0.539256 0.296488 0.0289256 0.0309917 0.881828
