1 0.532025 0.00103306 0.0309917 0.00206612 0.00102139
1 0.454545 0.00103306 0.0289256 0.00206612 0.00106776
1 0.572314 0.00206612 0.0330578 0.00413223 0.00114465
0 0.557851 0.919421 0.0330578 0.0247934 0.00152714
1 0.492769 0.00103306 0.0309917 0.00206612 0.00161377
1 0.586777 0.00103306 0.0330578 0.00206612 0.00164884
1 0.557851 0.00206612 0.0371901 0.00413223 0.00165434
1 0.327479 0.00103306 0.035124 0.00206612 0.00166453
1 0.338843 0.00103306 0.0289256 0.00206612 0.00169866
0 0.557851 0.928719 0.0330578 0.0268595 0.00179032
1 0.516529 0.00103306 0.0371901 0.00206612 0.00179487
1 0.416322 0.00103306 0.0309917 0.00206612 0.00181587
1 0.356405 0.00103306 0.0309917 0.00206612 0.00184752
1 0.479339 0.00103306 0.0371901 0.00206612 0.00192186
1 0.402893 0.00103306 0.0371901 0.00206612 0.0019702
1 0.440083 0.00103306 0.0371901 0.00206612 0.00222685
0 0.545455 0.832645 0.0371901 0.0330578 0.00253081
0 0.539256 0.802686 0.0413223 0.0309917 0.00631249
1 0.563017 0.990702 0.0309917 0.0144628 0.0114082
1 0.566116 0.996901 0.0289256 0.00619835 0.067696
3 0.31095 0.700413 0.0268595 0.0289256 0.426583
0 0.541322 0.811983 0.0371901 0.0247934 0.751953
3 0.279959 0.708678 0.018595 0.0289256 0.825094
2 0.31095 0.701446 0.0268595 0.0309917 0.86624
