1 0.570248 0.00103306 0.0289256 0.00206612 0.00101566
0 0.571281 0.701446 0.0309917 0.0392562 0.00103247
1 0.592975 0.00103306 0.0371901 0.00206612 0.001217
1 0.530992 0.00103306 0.0289256 0.00206612 0.0012643
1 0.401859 0.00103306 0.035124 0.00206612 0.001266
1 0.364669 0.00103306 0.035124 0.00206612 0.00128165
0 0.571281 0.680785 0.0392562 0.072314 0.00128747
1 0.555785 0.00103306 0.0371901 0.00206612 0.00142823
1 0.515496 0.00103306 0.035124 0.00206612 0.00157035
1 0.489669 0.00103306 0.0289256 0.00206612 0.00162192
1 0.443182 0.00103306 0.035124 0.00206612 0.00162214
0 0.57438 0.628099 0.0330578 0.0289256 0.00177407
3 0.596074 0.451446 0.0433884 0.072314 0.00183943
1 0.475207 0.00103306 0.0289256 0.00206612 0.00185733
0 0.572314 0.674587 0.0330578 0.0309917 0.00197778
0 0.573347 0.602273 0.0392562 0.0681818 0.00253956
0 0.576446 0.555785 0.0330578 0.0289256 0.00338192
0 0.572314 0.655992 0.0330578 0.0309917 0.00427014
1 0.568182 0.992769 0.0330578 0.0144628 0.00522663
0 0.573347 0.642562 0.035124 0.0330578 0.00548621
2 0.870868 0.100207 0.0599174 0.088843 0.00632215
1 0.570248 0.996901 0.0289256 0.00619835 0.0396735
3 0.618802 0.417355 0.0227273 0.0247934 0.113002
3 0.608471 0.421488 0.035124 0.0330578 0.389704
2 0.609504 0.421488 0.0330578 0.0330578 0.737637
0 0.576446 0.566116 0.0330578 0.0247934 0.776976
