1 0.635331 0.00206612 0.0392562 0.00413223 0.00104037
1 0.608471 0.00103306 0.0309917 0.00206612 0.00104917
1 0.378099 0.00103306 0.0289256 0.00206612 0.00110568
1 0.594008 0.00206612 0.0392562 0.00413223 0.00128042
1 0.454545 0.00103306 0.0289256 0.00206612 0.00131466
1 0.33781 0.00103306 0.0268595 0.00206612 0.00136091
1 0.555785 0.00103306 0.0371901 0.00206612 0.00144179
1 0.325413 0.00103306 0.035124 0.00206612 0.00149488
1 0.492769 0.00103306 0.0309917 0.00206612 0.00153986
1 0.415289 0.00103306 0.0289256 0.00206612 0.0016178
1 0.364669 0.00103306 0.035124 0.00206612 0.00178685
1 0.516529 0.00103306 0.0371901 0.00206612 0.0018171
1 0.479339 0.00103306 0.0371901 0.00206612 0.00188559
1 0.440083 0.00103306 0.0371901 0.00206612 0.00207218
1 0.401859 0.00103306 0.035124 0.00206612 0.00214168
0 0.57438 0.817149 0.0330578 0.0268595 0.00405442
0 0.57438 0.836777 0.0330578 0.0206612 0.00450598
1 0.569215 0.992769 0.0309917 0.0103306 0.00471034
1 0.570248 0.996901 0.0289256 0.00619835 0.0617616
3 0.673554 0.595041 0.0330578 0.0330578 0.317778
3 0.691116 0.577479 0.0227273 0.0227273 0.656988
0 0.57438 0.827479 0.0289256 0.0227273 0.74617
2 0.671488 0.596074 0.0330578 0.0309917 0.842233
