1 0.376033 0.00103306 0.0289256 0.00206612 0.00100108
1 0.492769 0.00103306 0.0309917 0.00206612 0.00106665
0 0.552686 0.946281 0.035124 0.0330578 0.00111025
3 0.30062 0.78719 0.0268595 0.0247934 0.00119207
1 0.570248 0.00103306 0.0330578 0.00206612 0.00119583
2 0.306818 0.772727 0.0309917 0.0330578 0.00143897
1 0.594008 0.00206612 0.0392562 0.00413223 0.001473
1 0.455579 0.00103306 0.0309917 0.00206612 0.00151613
1 0.338843 0.00103306 0.0289256 0.00206612 0.00153016
1 0.516529 0.00103306 0.0371901 0.00206612 0.00158777
1 0.556818 0.00103306 0.0392562 0.00206612 0.00161631
1 0.327479 0.00103306 0.035124 0.00206612 0.00168686
1 0.478306 0.00103306 0.0392562 0.00206612 0.00182225
0 0.534091 0.852273 0.035124 0.0392562 0.00191487
1 0.357438 0.00103306 0.0289256 0.00206612 0.00193961
1 0.415289 0.00103306 0.0289256 0.00206612 0.0019939
0 0.555785 0.993802 0.0289256 0.0123967 0.00203286
1 0.402893 0.00103306 0.0371901 0.00206612 0.0020892
1 0.555785 0.992769 0.0289256 0.0144628 0.00210571
1 0.441116 0.00103306 0.035124 0.00206612 0.00235188
1 0.556818 0.996901 0.0309917 0.00619835 0.0419062
3 0.315083 0.774793 0.0392562 0.0330578 0.279546
0 0.530992 0.830579 0.0371901 0.0247934 0.778333
3 0.291322 0.791322 0.0206612 0.0247934 0.826765
2 0.319215 0.770661 0.035124 0.0330578 0.919774
