1 0.595041 0.00103306 0.0371901 0.00206612 0.00100708
1 0.479339 0.00103306 0.0371901 0.00206612 0.00109406
1 0.402893 0.00103306 0.0330578 0.00206612 0.001097
1 0.441116 0.00103306 0.035124 0.00206612 0.00110568
1 0.555785 0.00103306 0.0371901 0.00206612 0.00120471
1 0.517562 0.00103306 0.035124 0.00206612 0.00127122
0 0.534091 0.626033 0.035124 0.0289256 0.00156173
0 0.541322 0.680785 0.0371901 0.072314 0.00174522
0 0.542355 0.68595 0.0309917 0.0289256 0.00253943
0 0.52376 0.567149 0.035124 0.035124 0.00367742
0 0.535124 0.646694 0.0330578 0.0371901 0.00440892
2 0.867769 0.100207 0.0661157 0.0971074 0.00462246
0 0.538223 0.669421 0.0309917 0.0247934 0.00775664
1 0.561983 0.994835 0.0330578 0.0103306 0.0292745
1 0.56095 0.996901 0.0309917 0.00619835 0.0715259
3 0.267562 0.422521 0.0144628 0.0309917 0.718634
0 0.519628 0.543388 0.035124 0.0247934 0.751487
2 0.302686 0.416322 0.0268595 0.0309917 0.883632
