1 0.479339 0.00103306 0.0371901 0.00206612 0.00100396
1 0.594008 0.00103306 0.035124 0.00206612 0.00102645
1 0.557851 0.00103306 0.0371901 0.00206612 0.00102874
0 0.565083 0.590909 0.0309917 0.0289256 0.00102909
1 0.414256 0.00103306 0.0268595 0.00206612 0.00104853
1 0.403926 0.00103306 0.035124 0.00206612 0.00107714
1 0.43905 0.00103306 0.035124 0.00206612 0.00119034
1 0.517562 0.00103306 0.035124 0.00206612 0.00126184
0 0.56405 0.546488 0.0330578 0.0268595 0.00127716
3 0.432851 0.402893 0.0227273 0.0289256 0.00288061
3 0.428719 0.414256 0.0227273 0.0268595 0.0037126
0 0.56405 0.580579 0.0289256 0.0247934 0.0124888
1 0.570248 0.992769 0.0371901 0.0103306 0.0166821
1 0.571281 0.996901 0.0309917 0.00619835 0.0619296
3 0.446281 0.410124 0.0289256 0.0309917 0.29513
0 0.565083 0.56405 0.0309917 0.0247934 0.697326
3 0.422521 0.407025 0.0144628 0.0247934 0.751141
2 0.447314 0.410124 0.0268595 0.0309917 0.905293
