1 0.492769 0.00103306 0.0268595 0.00206612 0.00105919
0 0.555785 0.704545 0.0371901 0.0371901 0.00106591
1 0.684917 0.00103306 0.0268595 0.00206612 0.00106665
1 0.511364 0.00103306 0.0268595 0.00206612 0.00111226
1 0.607438 0.00103306 0.0289256 0.00206612 0.00112841
1 0.363636 0.00103306 0.0330578 0.00206612 0.00121028
1 0.647727 0.00103306 0.0268595 0.00206612 0.00129643
1 0.453512 0.00103306 0.0268595 0.00206612 0.00136187
1 0.415289 0.00103306 0.0247934 0.00206612 0.00143493
1 0.672521 0.00103306 0.035124 0.00206612 0.00155556
1 0.635331 0.00103306 0.035124 0.00206612 0.00163849
1 0.402893 0.00103306 0.0330578 0.00206612 0.00165058
0 0.552686 0.603306 0.0392562 0.0619835 0.00181532
1 0.440083 0.00103306 0.0330578 0.00206612 0.00182942
1 0.568182 0.00103306 0.0289256 0.00206612 0.0018476
1 0.532025 0.00103306 0.0268595 0.00206612 0.00185912
1 0.478306 0.00103306 0.035124 0.00206612 0.00186343
1 0.594008 0.00103306 0.035124 0.00206612 0.00192916
1 0.519628 0.00103306 0.035124 0.00206612 0.00234855
1 0.554752 0.00103306 0.035124 0.00206612 0.00252666
0 0.557851 0.992769 0.0289256 0.0144628 0.00327533
0 0.554752 0.582645 0.0309917 0.0247934 0.00347396
0 0.555785 0.573347 0.0289256 0.0227273 0.00497944
2 0.636364 0.269628 0.0289256 0.0309917 0.00643987
1 0.557851 0.996901 0.0289256 0.00619835 0.059857
3 0.641529 0.256198 0.0309917 0.0247934 0.0781727
3 0.631198 0.280992 0.035124 0.0330578 0.302695
0 0.554752 0.565083 0.0309917 0.0227273 0.739221
3 0.64876 0.251033 0.0289256 0.018595 0.807504
2 0.631198 0.283058 0.035124 0.0289256 0.883454
