1 0.673554 0.00206612 0.0413223 0.00413223 0.00103229
1 0.634298 0.00206612 0.0413223 0.00413223 0.00104551
1 0.318182 0.00103306 0.0289256 0.00206612 0.00105677
1 0.378099 0.00103306 0.0289256 0.00206612 0.0011403
1 0.532025 0.00103306 0.0309917 0.00206612 0.00114743
0 0.553719 0.864669 0.0330578 0.0268595 0.00117701
1 0.594008 0.00206612 0.0392562 0.00413223 0.00124694
1 0.338843 0.00103306 0.0289256 0.00206612 0.00132437
1 0.554752 0.00103306 0.0392562 0.00206612 0.00133352
1 0.492769 0.00103306 0.0309917 0.00206612 0.00136633
1 0.453512 0.00103306 0.0309917 0.00206612 0.00151528
1 0.325413 0.00103306 0.035124 0.00206612 0.00156722
1 0.415289 0.00103306 0.0289256 0.00206612 0.00157373
1 0.478306 0.00103306 0.0392562 0.00206612 0.0017777
1 0.365702 0.00103306 0.0371901 0.00206612 0.00182731
1 0.516529 0.00103306 0.0371901 0.00206612 0.00187602
1 0.402893 0.00103306 0.0371901 0.00206612 0.00204206
1 0.440083 0.00103306 0.0371901 0.00206612 0.00213979
0 0.551653 0.840909 0.0371901 0.0289256 0.00430135
0 0.552686 0.852273 0.035124 0.0309917 0.00601481
1 0.565083 0.994835 0.0309917 0.0103306 0.0129242
1 0.568182 0.996901 0.0289256 0.00619835 0.0530692
3 0.448347 0.658058 0.0330578 0.035124 0.333183
3 0.456612 0.65186 0.0330578 0.035124 0.334057
0 0.539256 0.757231 0.0330578 0.0268595 0.737342
3 0.443182 0.667355 0.0268595 0.0247934 0.766195
2 0.458678 0.650826 0.0330578 0.0330578 0.789132
