1 0.634298 0.00206612 0.0413223 0.00413223 0.00110852
0 0.552686 0.832645 0.0392562 0.0330578 0.00118378
0 0.555785 0.805785 0.0454545 0.0495868 0.00126335
1 0.596074 0.00206612 0.0392562 0.00413223 0.00128184
1 0.453512 0.00103306 0.0309917 0.00206612 0.00129239
1 0.556818 0.00103306 0.0392562 0.00206612 0.00132064
1 0.492769 0.00103306 0.0309917 0.00206612 0.00139672
1 0.319215 0.00103306 0.0268595 0.00206612 0.00139799
1 0.376033 0.00103306 0.0289256 0.00206612 0.0014106
1 0.415289 0.00103306 0.0289256 0.00206612 0.00165613
1 0.338843 0.00103306 0.0289256 0.00206612 0.00178756
1 0.327479 0.00103306 0.035124 0.00206612 0.00183853
1 0.479339 0.00103306 0.0371901 0.00206612 0.00185156
1 0.516529 0.00103306 0.0371901 0.00206612 0.00190737
1 0.440083 0.00103306 0.0371901 0.00206612 0.00196468
1 0.362603 0.00103306 0.035124 0.00206612 0.00199001
1 0.401859 0.00103306 0.035124 0.00206612 0.00199568
3 0.536157 0.644628 0.0309917 0.0247934 0.00266484
2 0.536157 0.63843 0.0433884 0.0413223 0.00294706
1 0.567149 0.992769 0.0309917 0.0144628 0.0029747
0 0.558884 0.844008 0.035124 0.035124 0.00794113
0 0.556818 0.855372 0.0309917 0.0247934 0.012815
1 0.568182 0.996901 0.0289256 0.00619835 0.0892744
3 0.535124 0.629132 0.0371901 0.0392562 0.283039
2 0.534091 0.626033 0.035124 0.0413223 0.409652
3 0.530992 0.618802 0.0330578 0.0309917 0.61915
0 0.549587 0.744835 0.0330578 0.0268595 0.737527
