1 0.364669 0.00103306 0.035124 0.00206612 0.00101128
1 0.554752 0.00103306 0.035124 0.00206612 0.00108877
0 0.524793 0.595041 0.0371901 0.0330578 0.0011433
1 0.479339 0.00103306 0.0371901 0.00206612 0.00121215
1 0.43905 0.00103306 0.035124 0.00206612 0.00127808
1 0.395661 0.00103306 0.0268595 0.00206612 0.00133453
0 0.525826 0.621901 0.035124 0.0289256 0.0013461
1 0.517562 0.00103306 0.035124 0.00206612 0.00138921
0 0.528926 0.628099 0.0330578 0.053719 0.00207634
0 0.529959 0.646694 0.035124 0.0289256 0.00221503
0 0.51343 0.546488 0.035124 0.0268595 0.00253701
0 0.534091 0.705579 0.0309917 0.0392562 0.00360977
0 0.532025 0.663223 0.035124 0.0289256 0.00443478
0 0.542355 0.739669 0.0433884 0.0454545 0.00455651
0 0.533058 0.676653 0.0330578 0.0309917 0.0055488
0 0.519628 0.569215 0.035124 0.0227273 0.00894277
1 0.555785 0.994835 0.0330578 0.0103306 0.0101681
1 0.554752 0.996901 0.0309917 0.00619835 0.0192809
0 0.541322 0.731405 0.0289256 0.0371901 0.0774498
3 0.366736 0.516529 0.0309917 0.0330578 0.278542
3 0.373967 0.503099 0.0330578 0.035124 0.297819
0 0.517562 0.557851 0.035124 0.0247934 0.748497
3 0.356405 0.525826 0.0227273 0.0227273 0.880183
2 0.375 0.502066 0.035124 0.0330578 0.92207
