1 0.28719 0.00103306 0.0371901 0.00206612 0.00102064
1 0.570248 0.00103306 0.0330578 0.00206612 0.00116662
1 0.377066 0.00103306 0.0309917 0.00206612 0.00119547
0 0.557851 0.951446 0.0371901 0.035124 0.00129231
1 0.492769 0.00103306 0.0309917 0.00206612 0.00138323
1 0.453512 0.00103306 0.0309917 0.00206612 0.00138767
1 0.594008 0.00206612 0.0392562 0.00413223 0.00143039
1 0.556818 0.00206612 0.0392562 0.00413223 0.00147497
0 0.561983 0.993802 0.0289256 0.0123967 0.00155895
0 0.558884 0.98657 0.035124 0.0227273 0.00163764
1 0.517562 0.00103306 0.0392562 0.00206612 0.00176309
1 0.327479 0.00103306 0.035124 0.00206612 0.00180631
1 0.478306 0.00103306 0.0392562 0.00206612 0.00183184
1 0.338843 0.00103306 0.0289256 0.00206612 0.00189224
1 0.363636 0.00103306 0.0371901 0.00206612 0.00204136
1 0.416322 0.00103306 0.0309917 0.00206612 0.00211038
1 0.43905 0.00103306 0.035124 0.00206612 0.0021945
1 0.402893 0.00103306 0.0371901 0.00206612 0.0022714
0 0.538223 0.815083 0.0392562 0.0268595 0.00405363
1 0.558884 0.991736 0.0309917 0.0123967 0.0104643
0 0.543388 0.83781 0.0330578 0.0227273 0.0250663
1 0.56095 0.996901 0.0309917 0.00619835 0.0356921
3 0.316116 0.72314 0.0289256 0.0330578 0.476707
0 0.541322 0.82438 0.0371901 0.0247934 0.7597
3 0.284091 0.733471 0.018595 0.0289256 0.788073
2 0.317149 0.724174 0.0309917 0.0309917 0.874306
