1 0.492769 0.00103306 0.0309917 0.00206612 0.00101382
1 0.289256 0.00103306 0.0371901 0.00206612 0.00105771
1 0.377066 0.00103306 0.0309917 0.00206612 0.00107645
0 0.538223 0.899793 0.0392562 0.035124 0.00111613
1 0.532025 0.00103306 0.0309917 0.00206612 0.00115887
1 0.570248 0.00103306 0.0330578 0.00206612 0.00115969
1 0.592975 0.00206612 0.0413223 0.00413223 0.00117453
1 0.453512 0.00103306 0.0309917 0.00206612 0.0012829
0 0.541322 0.92562 0.0330578 0.0247934 0.00144779
1 0.416322 0.00103306 0.0309917 0.00206612 0.00148596
0 0.540289 0.914256 0.035124 0.0227273 0.00151055
1 0.555785 0.00103306 0.0371901 0.00206612 0.00159267
1 0.478306 0.00103306 0.0392562 0.00206612 0.00161927
1 0.518595 0.00103306 0.0371901 0.00206612 0.00173911
0 0.551653 0.991736 0.0289256 0.0165289 0.00179723
1 0.363636 0.00103306 0.0371901 0.00206612 0.00207684
1 0.325413 0.00103306 0.035124 0.00206612 0.0021269
2 0.321281 0.811983 0.0309917 0.0330578 0.00217353
1 0.403926 0.00103306 0.035124 0.00206612 0.00223189
1 0.440083 0.00103306 0.0371901 0.00206612 0.00228008
1 0.338843 0.00103306 0.0289256 0.00206612 0.00256855
0 0.545455 0.93595 0.0330578 0.0330578 0.00279017
0 0.524793 0.838843 0.0371901 0.0247934 0.0101599
1 0.551653 0.995868 0.0289256 0.00826446 0.0352808
3 0.332645 0.805785 0.0330578 0.0330578 0.428818
0 0.520661 0.822314 0.0413223 0.0247934 0.754199
3 0.31405 0.833678 0.0247934 0.0227273 0.841051
2 0.333678 0.804752 0.035124 0.0309917 0.87817
