1 0.592975 0.00103306 0.0371901 0.00206612 0.00110106
1 0.452479 0.00103306 0.0289256 0.00206612 0.00113977
0 0.542355 0.733471 0.0309917 0.0247934 0.00116802
1 0.555785 0.00103306 0.0371901 0.00206612 0.00122732
1 0.478306 0.00103306 0.035124 0.00206612 0.001246
1 0.364669 0.00103306 0.035124 0.00206612 0.00124713
1 0.518595 0.00103306 0.0371901 0.00206612 0.00125867
1 0.415289 0.00103306 0.0289256 0.00206612 0.00145371
1 0.438017 0.00103306 0.0371901 0.00206612 0.00156566
1 0.401859 0.00103306 0.035124 0.00206612 0.00161414
0 0.524793 0.603306 0.0371901 0.0289256 0.00230707
0 0.533058 0.691116 0.0330578 0.0392562 0.00472694
0 0.532025 0.650826 0.035124 0.0413223 0.00534592
1 0.565083 0.992769 0.0309917 0.0103306 0.00627057
0 0.542355 0.722107 0.0309917 0.0268595 0.0110133
0 0.540289 0.709711 0.0309917 0.0268595 0.0323249
1 0.566116 0.996901 0.0289256 0.00619835 0.129939
3 0.441116 0.505165 0.035124 0.035124 0.313801
0 0.52686 0.618802 0.0330578 0.0268595 0.729453
3 0.427686 0.519628 0.0247934 0.0268595 0.802002
2 0.442149 0.506198 0.0330578 0.0330578 0.868513
