1 0.635331 0.00103306 0.0392562 0.00206612 0.00102282
0 0.530992 0.650826 0.0413223 0.053719 0.00105526
1 0.416322 0.00103306 0.0268595 0.00206612 0.00106744
1 0.592975 0.00103306 0.0371901 0.00206612 0.00109298
0 0.538223 0.671488 0.035124 0.0330578 0.00119042
1 0.43905 0.00103306 0.035124 0.00206612 0.00125325
1 0.402893 0.00103306 0.0330578 0.00206612 0.00128898
1 0.480372 0.00103306 0.035124 0.00206612 0.00130611
1 0.554752 0.00103306 0.035124 0.00206612 0.00133605
3 0.336777 0.996901 0.0206612 0.00619835 0.00149974
1 0.517562 0.00103306 0.035124 0.00206612 0.00150743
0 0.541322 0.696281 0.0330578 0.0289256 0.00168766
3 0.346074 0.996901 0.0227273 0.00619835 0.00177136
0 0.538223 0.686983 0.0309917 0.0227273 0.0023306
0 0.516529 0.566116 0.0371901 0.0330578 0.00473294
0 0.508264 0.536157 0.0413223 0.0268595 0.00561094
1 0.565083 0.993802 0.0309917 0.00826446 0.036216
3 0.296488 0.423554 0.0268595 0.0330578 0.0762514
1 0.567149 0.996901 0.0268595 0.00619835 0.0799697
3 0.283058 0.428719 0.0413223 0.0392562 0.0910191
2 0.283058 0.427686 0.0454545 0.0371901 0.0914601
0 0.512397 0.545455 0.0371901 0.0247934 0.768104
3 0.262397 0.431818 0.0165289 0.0289256 0.771219
2 0.297521 0.423554 0.0289256 0.0330578 0.907347
