1 0.414256 0.00103306 0.0268595 0.00206612 0.00103904
1 0.492769 0.00103306 0.0268595 0.00206612 0.00104646
1 0.455579 0.00103306 0.0268595 0.00206612 0.00107871
1 0.595041 0.00103306 0.0371901 0.00206612 0.00117441
1 0.364669 0.00103306 0.035124 0.00206612 0.00117576
0 0.539256 0.719008 0.0330578 0.0247934 0.00124744
1 0.555785 0.00103306 0.0371901 0.00206612 0.00131657
1 0.401859 0.00103306 0.035124 0.00206612 0.00134691
1 0.517562 0.00103306 0.035124 0.00206612 0.00149143
1 0.441116 0.00103306 0.035124 0.00206612 0.00150678
2 0.864669 0.102273 0.0764463 0.117769 0.00152382
1 0.479339 0.00103306 0.0371901 0.00206612 0.00160824
0 0.516529 0.582645 0.0371901 0.0289256 0.00173725
3 0.805785 0.105372 0.0661157 0.0619835 0.00177278
0 0.52376 0.613636 0.035124 0.0289256 0.00289804
0 0.508264 0.540289 0.0413223 0.0268595 0.00314561
0 0.520661 0.599174 0.0330578 0.0371901 0.00406261
0 0.514463 0.571281 0.0371901 0.0268595 0.00502884
1 0.567149 0.993802 0.0309917 0.00826446 0.0311722
3 0.286157 0.436983 0.0227273 0.0309917 0.0545698
1 0.567149 0.996901 0.0268595 0.00619835 0.0845715
3 0.307851 0.431818 0.0289256 0.0289256 0.396864
0 0.510331 0.552686 0.0371901 0.0268595 0.736838
3 0.279959 0.438017 0.018595 0.0289256 0.818799
2 0.308884 0.432851 0.0268595 0.0309917 0.896207
