1 0.709711 0.00103306 0.035124 0.00206612 0.00103516
1 0.336777 0.00103306 0.0247934 0.00206612 0.00108285
0 0.566116 0.538223 0.0330578 0.035124 0.00111706
1 0.318182 0.00103306 0.0247934 0.00206612 0.001164
1 0.569215 0.00103306 0.0268595 0.00206612 0.00123447
1 0.453512 0.00103306 0.0268595 0.00206612 0.00124851
1 0.608471 0.00103306 0.0268595 0.00206612 0.00132419
1 0.414256 0.00103306 0.0268595 0.00206612 0.00132768
1 0.532025 0.00103306 0.0268595 0.00206612 0.00134463
1 0.326446 0.00103306 0.0330578 0.00206612 0.00134825
1 0.377066 0.00103306 0.0268595 0.00206612 0.00138605
0 0.565083 0.604339 0.0309917 0.0309917 0.00142403
0 0.566116 0.591942 0.0289256 0.035124 0.00145601
1 0.645661 0.00103306 0.0268595 0.00206612 0.00154866
1 0.671488 0.00103306 0.0330578 0.00206612 0.00166821
1 0.684917 0.00103306 0.0268595 0.00206612 0.00171453
1 0.440083 0.00103306 0.0330578 0.00206612 0.00178805
1 0.364669 0.00103306 0.0309917 0.00206612 0.00180942
1 0.492769 0.00103306 0.0268595 0.00206612 0.00182733
1 0.395661 0.00103306 0.0268595 0.00206612 0.00185868
1 0.596074 0.00103306 0.035124 0.00206612 0.00195496
1 0.633264 0.00103306 0.035124 0.00206612 0.00200853
1 0.555785 0.00103306 0.0330578 0.00206612 0.00203282
1 0.479339 0.00103306 0.0330578 0.00206612 0.00214263
1 0.517562 0.00103306 0.035124 0.00206612 0.00222878
0 0.566116 0.568182 0.0289256 0.0247934 0.00305562
1 0.556818 0.994835 0.0309917 0.0103306 0.00330202
3 0.58781 0.248967 0.0309917 0.0144628 0.00437916
1 0.559917 0.996901 0.0289256 0.00619835 0.0804096
3 0.583678 0.285124 0.0309917 0.0289256 0.476987
0 0.567149 0.554752 0.0309917 0.0227273 0.721125
3 0.58781 0.255165 0.0268595 0.0144628 0.769858
2 0.583678 0.285124 0.0309917 0.0289256 0.89048
