1 0.634298 0.00206612 0.0413223 0.00413223 0.00102779
1 0.530992 0.00103306 0.0330578 0.00206612 0.00107595
1 0.595041 0.00206612 0.0413223 0.00413223 0.0013445
1 0.492769 0.00103306 0.0309917 0.00206612 0.00135078
1 0.556818 0.00103306 0.0392562 0.00206612 0.00137131
0 0.561983 0.988636 0.0371901 0.0227273 0.00139633
1 0.378099 0.00103306 0.0289256 0.00206612 0.00140507
0 0.53719 0.842975 0.0330578 0.0454545 0.00140579
3 0.342975 0.784091 0.0289256 0.0227273 0.00150811
1 0.415289 0.00103306 0.0289256 0.00206612 0.00157865
1 0.453512 0.00103306 0.0309917 0.00206612 0.00164706
1 0.516529 0.00103306 0.0371901 0.00206612 0.00171112
2 0.354339 0.782025 0.035124 0.0309917 0.00172516
1 0.477273 0.00103306 0.0371901 0.00206612 0.00189253
1 0.327479 0.00103306 0.035124 0.00206612 0.00208852
1 0.396694 0.00103306 0.0289256 0.00206612 0.00213886
1 0.440083 0.00103306 0.0371901 0.00206612 0.00217358
1 0.364669 0.00103306 0.035124 0.00206612 0.00228654
1 0.338843 0.00103306 0.0289256 0.00206612 0.00247686
0 0.530992 0.821281 0.0371901 0.0268595 0.00259671
0 0.56405 0.994835 0.0330578 0.0103306 0.00336347
0 0.52376 0.789256 0.0392562 0.0247934 0.00637314
0 0.529959 0.811983 0.035124 0.0247934 0.0237998
1 0.563017 0.995868 0.0309917 0.00826446 0.0290601
3 0.334711 0.816116 0.0289256 0.0289256 0.566308
0 0.525826 0.798554 0.0392562 0.0227273 0.77083
3 0.330579 0.82438 0.0247934 0.0206612 0.786901
2 0.347107 0.794421 0.0330578 0.0309917 0.890847
