1 0.68595 0.00103306 0.0247934 0.00206612 0.00106409
1 0.711777 0.00103306 0.035124 0.00206612 0.00108613
1 0.645661 0.00103306 0.0268595 0.00206612 0.00108765
1 0.608471 0.00103306 0.0268595 0.00206612 0.00109891
1 0.724174 0.00103306 0.0268595 0.00206612 0.0011332
1 0.363636 0.00103306 0.0330578 0.00206612 0.00131357
1 0.453512 0.00103306 0.0268595 0.00206612 0.00139484
1 0.569215 0.00103306 0.0268595 0.00206612 0.00140907
1 0.673554 0.00103306 0.0330578 0.00206612 0.00144627
1 0.492769 0.00103306 0.0268595 0.00206612 0.0015406
1 0.633264 0.00103306 0.035124 0.00206612 0.00169345
1 0.415289 0.00103306 0.0247934 0.00206612 0.00173727
1 0.594008 0.00103306 0.035124 0.00206612 0.00179861
1 0.403926 0.00103306 0.0309917 0.00206612 0.00180461
0 0.555785 0.597107 0.0371901 0.0578512 0.00200979
1 0.478306 0.00103306 0.035124 0.00206612 0.00201274
1 0.440083 0.00103306 0.0330578 0.00206612 0.00211859
1 0.554752 0.00103306 0.035124 0.00206612 0.00224792
0 0.556818 0.677686 0.0309917 0.0247934 0.00225149
1 0.555785 0.993802 0.0330578 0.0123967 0.00230991
0 0.556818 0.665289 0.0309917 0.0247934 0.00235771
1 0.532025 0.00103306 0.0268595 0.00206612 0.00237447
1 0.518595 0.00103306 0.0330578 0.00206612 0.00256785
3 0.64876 0.271694 0.0330578 0.035124 0.00289145
0 0.559917 0.582645 0.0330578 0.0247934 0.00381875
0 0.558884 0.556818 0.0309917 0.0227273 0.0185626
1 0.559917 0.996901 0.0289256 0.00619835 0.0554796
3 0.640496 0.285124 0.0330578 0.0330578 0.408063
0 0.558884 0.566116 0.0309917 0.0247934 0.739563
3 0.658058 0.255165 0.0268595 0.018595 0.815211
2 0.640496 0.285124 0.0330578 0.0289256 0.883457
