1 0.376033 0.00103306 0.0247934 0.00206612 0.001026
1 0.684917 0.00103306 0.0268595 0.00206612 0.00102835
1 0.532025 0.00103306 0.0268595 0.00206612 0.00112547
0 0.541322 0.635331 0.0413223 0.072314 0.00119715
1 0.567149 0.00103306 0.0268595 0.00206612 0.00128274
1 0.336777 0.00103306 0.0247934 0.00206612 0.00129947
1 0.672521 0.00103306 0.035124 0.00206612 0.00130802
1 0.608471 0.00103306 0.0268595 0.00206612 0.0014028
0 0.549587 0.720041 0.0289256 0.0227273 0.00142598
1 0.491736 0.00103306 0.0289256 0.00206612 0.00151514
1 0.36157 0.00103306 0.0330578 0.00206612 0.0015198
1 0.633264 0.00103306 0.035124 0.00206612 0.00153017
1 0.318182 0.00103306 0.0247934 0.00206612 0.00158371
0 0.546488 0.676653 0.0309917 0.0475207 0.00163262
1 0.402893 0.00103306 0.0330578 0.00206612 0.0016483
1 0.416322 0.00103306 0.0268595 0.00206612 0.00168977
1 0.43905 0.00103306 0.035124 0.00206612 0.00173033
1 0.480372 0.00103306 0.035124 0.00206612 0.00173693
1 0.594008 0.00103306 0.035124 0.00206612 0.00189002
1 0.554752 0.00103306 0.035124 0.00206612 0.0019371
0 0.548554 0.704545 0.0309917 0.0289256 0.00201709
1 0.517562 0.00103306 0.035124 0.00206612 0.00215441
1 0.557851 0.992769 0.0289256 0.0144628 0.00246115
0 0.540289 0.556818 0.0309917 0.0268595 0.00735784
1 0.556818 0.996901 0.0309917 0.00619835 0.0531543
3 0.55062 0.262397 0.0309917 0.0247934 0.396095
0 0.540289 0.566116 0.0309917 0.0247934 0.760123
3 0.553719 0.228306 0.0289256 0.0103306 0.784683
2 0.55062 0.262397 0.0309917 0.0206612 0.854994
