1 0.414256 0.00103306 0.0268595 0.00206612 0.00114994
1 0.401859 0.00103306 0.035124 0.00206612 0.00118452
1 0.530992 0.00103306 0.0289256 0.00206612 0.00121456
1 0.594008 0.00103306 0.035124 0.00206612 0.00121676
0 0.522727 0.65186 0.0330578 0.0268595 0.00122953
1 0.43905 0.00103306 0.035124 0.00206612 0.00133519
1 0.555785 0.00103306 0.0371901 0.00206612 0.00137079
1 0.480372 0.00103306 0.035124 0.00206612 0.00139217
1 0.517562 0.00103306 0.035124 0.00206612 0.0015556
2 0.866736 0.102273 0.072314 0.105372 0.00283582
1 0.559917 0.991736 0.0371901 0.0123967 0.00518613
0 0.507231 0.568182 0.0392562 0.0413223 0.00863432
0 0.518595 0.625 0.0330578 0.035124 0.0102962
0 0.496901 0.536157 0.0392562 0.0268595 0.0125703
0 0.520661 0.637397 0.0330578 0.0227273 0.0174385
1 0.56095 0.995868 0.0309917 0.00826446 0.0237924
3 0.245868 0.441116 0.0206612 0.0268595 0.258267
3 0.270661 0.434917 0.0247934 0.0309917 0.418516
0 0.501033 0.545455 0.0392562 0.0247934 0.759673
3 0.238636 0.443182 0.018595 0.0309917 0.829903
2 0.271694 0.436983 0.0268595 0.0309917 0.876756
