1 0.288223 0.00103306 0.0392562 0.00206612 0.00104637
1 0.570248 0.00206612 0.0330578 0.00413223 0.00114437
1 0.492769 0.00103306 0.0309917 0.00206612 0.00126285
1 0.454545 0.00103306 0.0289256 0.00206612 0.00127374
1 0.592975 0.00206612 0.0413223 0.00413223 0.00131399
1 0.33781 0.00103306 0.0268595 0.00206612 0.00142383
1 0.377066 0.00103306 0.0309917 0.00206612 0.00149117
1 0.556818 0.00206612 0.0392562 0.00413223 0.00158135
1 0.325413 0.00103306 0.035124 0.00206612 0.00170879
1 0.479339 0.00103306 0.0371901 0.00206612 0.00171768
1 0.516529 0.00103306 0.0371901 0.00206612 0.00173083
3 0.305785 0.785124 0.0289256 0.0454545 0.00175522
1 0.415289 0.00103306 0.0289256 0.00206612 0.0018223
3 0.323347 0.783058 0.035124 0.0289256 0.00197596
1 0.440083 0.00103306 0.0371901 0.00206612 0.0020204
2 0.323347 0.783058 0.035124 0.0289256 0.0020266
1 0.364669 0.00103306 0.035124 0.00206612 0.00204906
1 0.401859 0.00103306 0.035124 0.00206612 0.00230214
0 0.535124 0.890496 0.0330578 0.0330578 0.0028061
0 0.534091 0.876033 0.035124 0.0371901 0.00291201
0 0.545455 0.922521 0.0330578 0.0309917 0.00318606
0 0.541322 0.907025 0.0330578 0.0247934 0.00479798
0 0.521694 0.804752 0.0392562 0.0309917 0.00533635
0 0.528926 0.832645 0.0371901 0.0289256 0.00721304
1 0.551653 0.990702 0.0289256 0.0144628 0.00836483
0 0.539256 0.89876 0.0330578 0.0247934 0.0114724
1 0.552686 0.996901 0.0309917 0.00619835 0.0297338
3 0.332645 0.774793 0.0371901 0.0330578 0.231379
0 0.524793 0.816116 0.0371901 0.0247934 0.765745
3 0.309917 0.797521 0.0247934 0.0247934 0.813554
2 0.333678 0.774793 0.035124 0.0330578 0.884755
