1 0.672521 0.00206612 0.0392562 0.00413223 0.00108015
1 0.492769 0.00103306 0.0309917 0.00206612 0.00108365
1 0.376033 0.00103306 0.0289256 0.00206612 0.00110222
1 0.454545 0.00103306 0.0289256 0.00206612 0.00128707
1 0.530992 0.00103306 0.0289256 0.00206612 0.0013294
1 0.628099 0.00103306 0.0330578 0.00206612 0.00133106
2 0.623967 0.585744 0.0330578 0.0268595 0.00136189
1 0.357438 0.00103306 0.0289256 0.00206612 0.00136759
1 0.596074 0.00103306 0.0392562 0.00206612 0.00143268
1 0.555785 0.00103306 0.0371901 0.00206612 0.0016277
1 0.567149 0.990702 0.0309917 0.0144628 0.00171266
1 0.479339 0.00103306 0.0371901 0.00206612 0.00173179
0 0.572314 0.817149 0.0330578 0.0268595 0.00177003
1 0.327479 0.00103306 0.035124 0.00206612 0.00178395
1 0.338843 0.00103306 0.0289256 0.00206612 0.00180804
1 0.516529 0.00103306 0.0371901 0.00206612 0.00199053
1 0.364669 0.00103306 0.035124 0.00206612 0.00215603
1 0.438017 0.00103306 0.0371901 0.00206612 0.00224481
1 0.401859 0.00103306 0.035124 0.00206612 0.00233955
1 0.415289 0.00103306 0.0289256 0.00206612 0.00305488
0 0.571281 0.836777 0.0309917 0.0206612 0.00915405
1 0.570248 0.996901 0.0289256 0.00619835 0.0316756
3 0.623967 0.597107 0.0330578 0.0289256 0.300182
3 0.635331 0.576446 0.0268595 0.0206612 0.742236
0 0.571281 0.828512 0.0309917 0.0247934 0.778978
2 0.623967 0.59814 0.0330578 0.0309917 0.895627
