1 0.376033 0.00103306 0.0247934 0.00206612 0.00100058
1 0.684917 0.00103306 0.0268595 0.00206612 0.00100303
0 0.544421 0.686983 0.0433884 0.0516529 0.00101569
1 0.355372 0.00103306 0.0247934 0.00206612 0.00103171
1 0.530992 0.00103306 0.0247934 0.00206612 0.00109195
1 0.570248 0.00103306 0.0289256 0.00206612 0.00114713
1 0.453512 0.00103306 0.0268595 0.00206612 0.00121984
1 0.326446 0.00103306 0.0330578 0.00206612 0.00122814
1 0.606405 0.00103306 0.0268595 0.00206612 0.00123873
1 0.336777 0.00103306 0.0247934 0.00206612 0.0012809
1 0.665289 0.00103306 0.0247934 0.00206612 0.00137544
0 0.538223 0.646694 0.0392562 0.0330578 0.0014625
1 0.556818 0.992769 0.0309917 0.0144628 0.00152955
1 0.673554 0.00103306 0.0330578 0.00206612 0.00157444
1 0.491736 0.00103306 0.0247934 0.00206612 0.00162582
3 0.194215 0.992769 0.0206612 0.0103306 0.00164452
1 0.634298 0.00103306 0.0330578 0.00206612 0.00167745
1 0.363636 0.00103306 0.0330578 0.00206612 0.00168495
1 0.557851 0.00103306 0.0330578 0.00206612 0.00186802
1 0.594008 0.00103306 0.035124 0.00206612 0.00198173
1 0.479339 0.00103306 0.0330578 0.00206612 0.00199666
1 0.415289 0.00103306 0.0247934 0.00206612 0.00201198
1 0.516529 0.00103306 0.0330578 0.00206612 0.00202529
1 0.440083 0.00103306 0.0330578 0.00206612 0.00207919
1 0.402893 0.00103306 0.0330578 0.00206612 0.00210356
0 0.542355 0.684917 0.0309917 0.0309917 0.00397225
0 0.532025 0.568182 0.0309917 0.0247934 0.00530055
0 0.528926 0.547521 0.0330578 0.0247934 0.00723315
0 0.538223 0.658058 0.0309917 0.0309917 0.00769156
0 0.541322 0.668388 0.0289256 0.0309917 0.0150424
1 0.554752 0.996901 0.0309917 0.00619835 0.0342868
3 0.504132 0.283058 0.0289256 0.0247934 0.340765
3 0.501033 0.25 0.0268595 0.0123967 0.715613
0 0.529959 0.556818 0.0309917 0.0227273 0.760068
2 0.504132 0.284091 0.0289256 0.0268595 0.889713
