0 0.55062 0.64876 0.0392562 0.053719 0.0010208
1 0.684917 0.00103306 0.0268595 0.00206612 0.001082
0 0.552686 0.815083 0.0309917 0.0227273 0.00114504
1 0.33781 0.00103306 0.0268595 0.00206612 0.00120488
1 0.532025 0.00103306 0.0268595 0.00206612 0.0012369
0 0.547521 0.660124 0.0330578 0.0268595 0.0012404
1 0.634298 0.00103306 0.0371901 0.00206612 0.00130286
1 0.377066 0.00103306 0.0268595 0.00206612 0.00138488
1 0.673554 0.00103306 0.0330578 0.00206612 0.00139873
1 0.358471 0.00103306 0.0268595 0.00206612 0.00139909
1 0.326446 0.00103306 0.0330578 0.00206612 0.00140918
1 0.318182 0.00103306 0.0247934 0.00206612 0.00147435
1 0.569215 0.00103306 0.0268595 0.00206612 0.00149855
1 0.454545 0.00103306 0.0289256 0.00206612 0.00153673
1 0.594008 0.00103306 0.035124 0.00206612 0.00160423
1 0.41219 0.00103306 0.0268595 0.00206612 0.00176385
1 0.491736 0.00103306 0.0289256 0.00206612 0.00181883
1 0.555785 0.00103306 0.0330578 0.00206612 0.00194231
1 0.364669 0.00103306 0.035124 0.00206612 0.00207014
1 0.517562 0.00103306 0.035124 0.00206612 0.00207781
1 0.440083 0.00103306 0.0330578 0.00206612 0.00209206
1 0.479339 0.00103306 0.0330578 0.00206612 0.00216178
2 0.882231 0.10124 0.053719 0.0991736 0.00248591
0 0.538223 0.545455 0.035124 0.0289256 0.00252914
1 0.395661 0.00103306 0.0268595 0.00206612 0.00293634
0 0.540289 0.568182 0.0309917 0.0247934 0.014034
1 0.555785 0.996901 0.0289256 0.00619835 0.0781218
3 0.521694 0.284091 0.0309917 0.0268595 0.434934
3 0.518595 0.251033 0.0289256 0.0144628 0.700867
0 0.540289 0.555785 0.0309917 0.0247934 0.756087
2 0.520661 0.285124 0.0289256 0.0289256 0.856131
