1 0.594008 0.00103306 0.0392562 0.00206612 0.00111061
1 0.375 0.00103306 0.0268595 0.00206612 0.00113772
1 0.518595 0.00103306 0.0371901 0.00206612 0.00115704
1 0.362603 0.00103306 0.035124 0.00206612 0.0011666
0 0.543388 0.748967 0.0330578 0.0268595 0.00117147
1 0.555785 0.00103306 0.0371901 0.00206612 0.00123991
1 0.47624 0.00103306 0.035124 0.00206612 0.00128558
1 0.452479 0.00103306 0.0289256 0.00206612 0.00154187
1 0.403926 0.00103306 0.035124 0.00206612 0.00157578
0 0.533058 0.68595 0.0330578 0.0454545 0.00162543
1 0.441116 0.00103306 0.035124 0.00206612 0.00187249
0 0.522727 0.605372 0.0371901 0.0289256 0.00205194
0 0.529959 0.644628 0.035124 0.0413223 0.00418412
0 0.542355 0.728306 0.0309917 0.0268595 0.0177224
0 0.538223 0.714876 0.0309917 0.0413223 0.0212626
1 0.566116 0.994835 0.0330578 0.0103306 0.0220327
0 0.52686 0.626033 0.0330578 0.0247934 0.0470292
1 0.567149 0.996901 0.0268595 0.00619835 0.0652836
3 0.43905 0.505165 0.035124 0.035124 0.310808
0 0.52376 0.616736 0.035124 0.0268595 0.729715
3 0.426653 0.519628 0.0227273 0.0268595 0.828498
2 0.441116 0.506198 0.0309917 0.0330578 0.880388
