1 0.672521 0.00206612 0.0392562 0.00413223 0.00101001
1 0.28719 0.00103306 0.0371901 0.00206612 0.00101763
1 0.569215 0.989669 0.035124 0.0206612 0.00107435
1 0.634298 0.00206612 0.0413223 0.00413223 0.00107981
1 0.569215 0.00103306 0.0309917 0.00206612 0.00110313
1 0.608471 0.00103306 0.0309917 0.00206612 0.00115013
1 0.338843 0.00103306 0.0289256 0.00206612 0.00119666
3 0.655992 0.612603 0.0309917 0.0392562 0.00120729
1 0.317149 0.00103306 0.0268595 0.00206612 0.00121963
1 0.556818 0.00103306 0.0392562 0.00206612 0.00149518
1 0.594008 0.00103306 0.0392562 0.00206612 0.00156218
1 0.454545 0.00103306 0.0289256 0.00206612 0.00159925
1 0.376033 0.00103306 0.0289256 0.00206612 0.00160828
1 0.325413 0.00103306 0.035124 0.00206612 0.00162188
1 0.492769 0.00103306 0.0309917 0.00206612 0.00166631
1 0.516529 0.00103306 0.0371901 0.00206612 0.00178847
1 0.477273 0.00103306 0.0371901 0.00206612 0.00194411
1 0.358471 0.00103306 0.0309917 0.00206612 0.00196919
1 0.415289 0.00103306 0.0289256 0.00206612 0.00200359
1 0.440083 0.00103306 0.0371901 0.00206612 0.00219869
1 0.401859 0.00103306 0.035124 0.00206612 0.00232087
0 0.577479 0.83781 0.0309917 0.0227273 0.00249654
0 0.578512 0.816116 0.0330578 0.0289256 0.00318418
3 0.657025 0.623967 0.0247934 0.0247934 0.00560517
1 0.572314 0.996901 0.0289256 0.00619835 0.0263449
3 0.636364 0.630165 0.0330578 0.0330578 0.3924
0 0.577479 0.828512 0.0309917 0.0247934 0.741355
3 0.64876 0.616736 0.0247934 0.0227273 0.741769
2 0.634298 0.631198 0.0330578 0.0309917 0.8387
