1 0.492769 0.00103306 0.0309917 0.00206612 0.0010279
1 0.570248 0.00103306 0.0330578 0.00206612 0.00107755
1 0.338843 0.00103306 0.0289256 0.00206612 0.00108705
0 0.0516529 0.166322 0.0413223 0.088843 0.00116408
1 0.594008 0.00103306 0.0392562 0.00206612 0.00130148
1 0.453512 0.00103306 0.0309917 0.00206612 0.00146569
1 0.556818 0.00103306 0.0392562 0.00206612 0.00152204
1 0.327479 0.00103306 0.035124 0.00206612 0.00158634
1 0.477273 0.00103306 0.0371901 0.00206612 0.00162479
1 0.518595 0.00103306 0.0371901 0.00206612 0.00166876
1 0.400826 0.00103306 0.0371901 0.00206612 0.00192424
1 0.377066 0.00103306 0.0309917 0.00206612 0.00195689
1 0.440083 0.00103306 0.0371901 0.00206612 0.00198928
1 0.364669 0.00103306 0.035124 0.00206612 0.00222061
0 0.541322 0.770661 0.0371901 0.0247934 0.00494059
0 0.553719 0.85124 0.0330578 0.0247934 0.0068101
1 0.565083 0.994835 0.0309917 0.0103306 0.0112683
0 0.549587 0.830579 0.0330578 0.0289256 0.0125299
0 0.551653 0.840909 0.0371901 0.0289256 0.0144565
1 0.568182 0.996901 0.0289256 0.00619835 0.0515618
0 0.545455 0.796488 0.0330578 0.0309917 0.0580977
3 0.350207 0.682851 0.0309917 0.0309917 0.380965
0 0.543388 0.780992 0.0371901 0.0247934 0.758137
3 0.322314 0.693182 0.0206612 0.0268595 0.823943
2 0.350207 0.682851 0.0309917 0.0309917 0.887102
