1 0.28719 0.00103306 0.0371901 0.00206612 0.00100185
1 0.570248 0.00103306 0.0330578 0.00206612 0.00106193
0 0.536157 0.747934 0.0392562 0.0289256 0.00109723
1 0.492769 0.00103306 0.0309917 0.00206612 0.00114602
1 0.377066 0.00103306 0.0309917 0.00206612 0.00122072
1 0.454545 0.00103306 0.0289256 0.00206612 0.00128931
1 0.338843 0.00103306 0.0289256 0.00206612 0.0013299
1 0.594008 0.00206612 0.0392562 0.00413223 0.00145112
1 0.556818 0.00103306 0.0392562 0.00206612 0.00160738
1 0.326446 0.00103306 0.0371901 0.00206612 0.0016246
1 0.517562 0.00103306 0.0392562 0.00206612 0.00165923
1 0.478306 0.00103306 0.0392562 0.00206612 0.00174973
1 0.363636 0.00103306 0.0371901 0.00206612 0.00183666
0 0.541322 0.783058 0.0330578 0.0289256 0.0018382
1 0.416322 0.00103306 0.0309917 0.00206612 0.00186705
1 0.440083 0.00103306 0.0371901 0.00206612 0.00218092
1 0.403926 0.00103306 0.035124 0.00206612 0.00224034
0 0.549587 0.880165 0.0330578 0.0289256 0.00230497
0 0.546488 0.828512 0.0309917 0.0371901 0.00267989
0 0.555785 0.992769 0.0289256 0.0144628 0.00270825
1 0.553719 0.993802 0.0289256 0.0123967 0.00840602
1 0.554752 0.996901 0.0309917 0.00619835 0.022986
0 0.547521 0.857438 0.0330578 0.0330578 0.0250184
0 0.55062 0.866736 0.0268595 0.0268595 0.181742
3 0.409091 0.738636 0.0330578 0.035124 0.302154
0 0.538223 0.762397 0.035124 0.0247934 0.722683
3 0.392562 0.766529 0.0247934 0.0206612 0.818346
2 0.408058 0.737603 0.035124 0.0330578 0.873507
