1 0.290289 0.00103306 0.0392562 0.00206612 0.00104607
1 0.453512 0.00103306 0.0309917 0.00206612 0.00110273
1 0.636364 0.00206612 0.0413223 0.00413223 0.0011129
1 0.672521 0.00206612 0.0392562 0.00413223 0.00112282
1 0.570248 0.00103306 0.0330578 0.00206612 0.00118117
1 0.594008 0.00206612 0.0392562 0.00413223 0.00131694
1 0.377066 0.00103306 0.0309917 0.00206612 0.0013599
1 0.33781 0.00103306 0.0309917 0.00206612 0.0013967
1 0.555785 0.00103306 0.0371901 0.00206612 0.00147058
1 0.416322 0.00103306 0.0309917 0.00206612 0.00157822
1 0.492769 0.00103306 0.0309917 0.00206612 0.0016648
1 0.363636 0.00103306 0.0371901 0.00206612 0.00175521
1 0.479339 0.00103306 0.0371901 0.00206612 0.00180324
1 0.516529 0.00103306 0.0371901 0.00206612 0.00182405
1 0.440083 0.00103306 0.0371901 0.00206612 0.00194485
1 0.402893 0.00103306 0.0371901 0.00206612 0.00208433
1 0.318182 0.00103306 0.0289256 0.00206612 0.00264346
0 0.541322 0.92562 0.0330578 0.0247934 0.00345866
3 0.457645 0.595041 0.0309917 0.0123967 0.00400411
0 0.544421 0.942149 0.0309917 0.0206612 0.00413599
0 0.55062 0.993802 0.035124 0.0123967 0.00681569
3 0.464876 0.610537 0.0289256 0.018595 0.0129594
0 0.544421 0.953512 0.035124 0.0268595 0.0134866
3 0.472107 0.635331 0.035124 0.0227273 0.304289
3 0.46281 0.60124 0.0289256 0.0123967 0.754305
0 0.543388 0.932851 0.0330578 0.0227273 0.759526
2 0.473141 0.635331 0.0330578 0.0227273 0.852481
