1 0.377066 0.00103306 0.0309917 0.00206612 0.0011916
1 0.588843 0.995868 0.0371901 0.00826446 0.00126969
1 0.595041 0.00206612 0.0413223 0.00413223 0.00129932
1 0.554752 0.00103306 0.0392562 0.00206612 0.00132002
1 0.492769 0.00103306 0.0309917 0.00206612 0.00136706
1 0.338843 0.00103306 0.0289256 0.00206612 0.00138513
1 0.326446 0.00103306 0.0371901 0.00206612 0.0016037
1 0.530992 0.00103306 0.0330578 0.00206612 0.00182728
1 0.480372 0.00103306 0.0392562 0.00206612 0.0018651
1 0.365702 0.00103306 0.0371901 0.00206612 0.00199475
1 0.438017 0.00103306 0.0371901 0.00206612 0.00219964
1 0.516529 0.00103306 0.0371901 0.00206612 0.00229233
1 0.401859 0.00103306 0.035124 0.00206612 0.002644
1 0.415289 0.00103306 0.0289256 0.00206612 0.00299791
3 0.682851 0.887397 0.0309917 0.035124 0.463902
3 0.709711 0.865702 0.0227273 0.0247934 0.812194
2 0.681818 0.886364 0.0330578 0.0330578 0.903491
