2 0.875 0.106405 0.072314 0.109504 0.0010313
1 0.672521 0.00103306 0.0392562 0.00206612 0.00111088
1 0.635331 0.00206612 0.0392562 0.00413223 0.00115462
1 0.33781 0.00103306 0.0268595 0.00206612 0.00120157
1 0.493802 0.00103306 0.0289256 0.00206612 0.00123929
1 0.569215 0.00103306 0.0309917 0.00206612 0.00128696
1 0.454545 0.00103306 0.0289256 0.00206612 0.00132793
1 0.413223 0.00103306 0.0289256 0.00206612 0.0013877
1 0.594008 0.00103306 0.0392562 0.00206612 0.00152583
1 0.319215 0.00103306 0.0268595 0.00206612 0.00163061
1 0.379132 0.00103306 0.0309917 0.00206612 0.00167348
1 0.516529 0.00103306 0.0371901 0.00206612 0.00174139
1 0.479339 0.00103306 0.0371901 0.00206612 0.00178879
1 0.440083 0.00103306 0.0371901 0.00206612 0.00181219
1 0.556818 0.00103306 0.0392562 0.00206612 0.00183734
1 0.366736 0.00103306 0.035124 0.00206612 0.00197875
1 0.394628 0.00103306 0.0289256 0.00206612 0.00301395
1 0.561983 0.993802 0.0289256 0.0123967 0.0031679
3 0.557851 0.544421 0.0289256 0.018595 0.011701
1 0.56095 0.996901 0.0309917 0.00619835 0.0377938
3 0.553719 0.568182 0.0330578 0.0289256 0.392355
3 0.551653 0.541322 0.0289256 0.0123967 0.743043
0 0.565083 0.821281 0.0309917 0.0227273 0.774657
2 0.553719 0.569215 0.0330578 0.0309917 0.885257
