1 0.674587 0.00103306 0.035124 0.00206612 0.00100712
1 0.415289 0.00103306 0.0247934 0.00206612 0.00104258
1 0.326446 0.00103306 0.0330578 0.00206612 0.00104875
1 0.490702 0.00103306 0.0268595 0.00206612 0.00111744
1 0.594008 0.00103306 0.035124 0.00206612 0.00117049
0 0.540289 0.806818 0.035124 0.0268595 0.00118141
1 0.364669 0.00103306 0.035124 0.00206612 0.00137418
1 0.517562 0.00103306 0.035124 0.00206612 0.00139596
1 0.555785 0.00103306 0.0371901 0.00206612 0.00141914
2 0.870868 0.10124 0.072314 0.115702 0.00143592
1 0.402893 0.00103306 0.0330578 0.00206612 0.00144463
1 0.478306 0.00103306 0.035124 0.00206612 0.00148197
1 0.441116 0.00103306 0.035124 0.00206612 0.00150629
0 0.540289 0.792355 0.035124 0.0268595 0.00510298
3 0.458678 0.441116 0.0289256 0.0103306 0.023542
1 0.556818 0.996901 0.0309917 0.00619835 0.0609021
3 0.470041 0.480372 0.035124 0.0227273 0.171748
3 0.459711 0.445248 0.0268595 0.0103306 0.726703
0 0.53719 0.777893 0.0330578 0.0227273 0.749958
2 0.470041 0.480372 0.035124 0.0227273 0.855087
