1 0.492769 0.00103306 0.0309917 0.00206612 0.0010415
1 0.533058 0.00103306 0.0330578 0.00206612 0.00107327
1 0.672521 0.00206612 0.0392562 0.00413223 0.00109128
1 0.568182 0.00103306 0.0330578 0.00206612 0.00114408
1 0.634298 0.00206612 0.0413223 0.00413223 0.00119551
1 0.595041 0.00103306 0.0413223 0.00206612 0.00134043
1 0.416322 0.00103306 0.0309917 0.00206612 0.00148466
1 0.33781 0.00103306 0.0268595 0.00206612 0.00152031
1 0.319215 0.00103306 0.0268595 0.00206612 0.00160715
1 0.55062 0.00103306 0.0309917 0.00206612 0.00165437
1 0.455579 0.00103306 0.0309917 0.00206612 0.00168643
1 0.477273 0.00103306 0.0371901 0.00206612 0.0017042
1 0.518595 0.00103306 0.0371901 0.00206612 0.00171275
1 0.327479 0.00103306 0.035124 0.00206612 0.0018687
1 0.377066 0.00103306 0.0309917 0.00206612 0.00200491
1 0.440083 0.00103306 0.0371901 0.00206612 0.00222245
1 0.401859 0.00103306 0.035124 0.00206612 0.00227095
1 0.364669 0.00103306 0.035124 0.00206612 0.00235541
0 0.543388 0.748967 0.0330578 0.0268595 0.00417007
0 0.552686 0.875 0.035124 0.0309917 0.00471255
0 0.549587 0.820248 0.0330578 0.0247934 0.00744199
0 0.545455 0.771694 0.0330578 0.0227273 0.0127707
0 0.551653 0.863636 0.0330578 0.0289256 0.0145284
0 0.539256 0.792355 0.0371901 0.035124 0.0235813
0 0.55062 0.830579 0.0309917 0.0289256 0.0500338
1 0.556818 0.996901 0.0309917 0.00619835 0.0615672
0 0.551653 0.847107 0.0330578 0.0289256 0.0845974
3 0.433884 0.73657 0.0371901 0.035124 0.277705
0 0.543388 0.759298 0.0330578 0.0268595 0.746441
3 0.418388 0.764463 0.0268595 0.0206612 0.845447
2 0.432851 0.735537 0.035124 0.0330578 0.880518
