1 0.377066 0.00103306 0.0309917 0.00206612 0.00104536
1 0.569215 0.00103306 0.035124 0.00206612 0.00104703
1 0.453512 0.00103306 0.0309917 0.00206612 0.00111607
1 0.592975 0.994835 0.0371901 0.0103306 0.00113145
1 0.492769 0.00103306 0.0309917 0.00206612 0.00117498
1 0.592975 0.00206612 0.0413223 0.00413223 0.00123496
1 0.532025 0.00103306 0.0309917 0.00206612 0.00141711
1 0.554752 0.00206612 0.0392562 0.00413223 0.00156487
0 0.0526859 0.167355 0.0433884 0.0909091 0.00159208
1 0.327479 0.00103306 0.035124 0.00206612 0.00163361
1 0.416322 0.00103306 0.0309917 0.00206612 0.00165493
1 0.338843 0.00103306 0.0289256 0.00206612 0.00170407
1 0.479339 0.00103306 0.0371901 0.00206612 0.00170549
1 0.518595 0.00103306 0.0371901 0.00206612 0.00184579
1 0.440083 0.00103306 0.0371901 0.00206612 0.00194442
1 0.402893 0.00103306 0.0371901 0.00206612 0.00202371
1 0.363636 0.00103306 0.0371901 0.00206612 0.00204852
3 0.705579 0.905992 0.0309917 0.035124 0.218599
3 0.735537 0.889463 0.0206612 0.0268595 0.797493
2 0.703512 0.905992 0.0309917 0.035124 0.906142
