1 0.328512 0.00103306 0.0330578 0.00206612 0.00115651
1 0.570248 0.00103306 0.0289256 0.00206612 0.0011709
1 0.33781 0.00103306 0.0268595 0.00206612 0.00117263
1 0.586777 0.00103306 0.0289256 0.00206612 0.0012315
1 0.479339 0.00103306 0.0371901 0.00206612 0.00131695
1 0.517562 0.00103306 0.035124 0.00206612 0.00143573
1 0.556818 0.00103306 0.035124 0.00206612 0.00143954
1 0.364669 0.00103306 0.035124 0.00206612 0.00153184
1 0.43905 0.00103306 0.035124 0.00206612 0.00157172
1 0.402893 0.00103306 0.0330578 0.00206612 0.0017504
1 0.414256 0.00103306 0.0268595 0.00206612 0.00200027
3 0.473141 0.442149 0.0289256 0.0123967 0.0067536
0 0.540289 0.791322 0.0309917 0.0247934 0.0132934
1 0.556818 0.996901 0.0309917 0.00619835 0.0518348
3 0.482438 0.482438 0.035124 0.0227273 0.433739
0 0.539256 0.779959 0.0330578 0.0227273 0.750219
3 0.473141 0.447314 0.0289256 0.0103306 0.796165
2 0.482438 0.482438 0.035124 0.0227273 0.853277
