1 0.674587 0.00206612 0.0392562 0.00413223 0.0010416
1 0.634298 0.00206612 0.0413223 0.00413223 0.00113952
1 0.453512 0.00103306 0.0309917 0.00206612 0.00118486
1 0.570248 0.00103306 0.0330578 0.00206612 0.00126435
1 0.338843 0.00103306 0.0289256 0.00206612 0.0012827
0 0.55062 0.856405 0.035124 0.0268595 0.00129958
1 0.377066 0.00103306 0.0309917 0.00206612 0.00132945
1 0.596074 0.00206612 0.0392562 0.00413223 0.0015867
1 0.325413 0.00103306 0.035124 0.00206612 0.00159478
1 0.478306 0.00103306 0.0392562 0.00206612 0.00160534
1 0.556818 0.00103306 0.0392562 0.00206612 0.00160606
1 0.517562 0.00103306 0.0392562 0.00206612 0.00162441
1 0.364669 0.00103306 0.035124 0.00206612 0.00179689
1 0.416322 0.00103306 0.0309917 0.00206612 0.00195331
0 0.536157 0.779959 0.035124 0.0227273 0.00198287
1 0.440083 0.00103306 0.0371901 0.00206612 0.00212127
1 0.402893 0.00103306 0.0371901 0.00206612 0.00218668
2 0.311983 0.642562 0.0247934 0.0413223 0.00533072
1 0.56405 0.994835 0.0330578 0.0103306 0.0257381
1 0.566116 0.996901 0.0289256 0.00619835 0.07516
3 0.272727 0.650826 0.0165289 0.0289256 0.717649
0 0.535124 0.766529 0.0371901 0.0247934 0.751833
2 0.304752 0.647727 0.0268595 0.0309917 0.86811
