1 0.633264 0.00103306 0.0392562 0.00206612 0.00101793
0 0.563017 0.832645 0.0392562 0.0619835 0.00102229
0 0.563017 0.758264 0.0309917 0.0289256 0.00104513
0 0.563017 0.797521 0.0309917 0.0330578 0.0010837
1 0.529959 0.00103306 0.0268595 0.00206612 0.00111504
1 0.596074 0.00103306 0.035124 0.00206612 0.00117702
1 0.561983 0.993802 0.0330578 0.0123967 0.00119231
1 0.554752 0.00103306 0.035124 0.00206612 0.00121271
1 0.480372 0.00103306 0.035124 0.00206612 0.0012584
1 0.364669 0.00103306 0.035124 0.00206612 0.00128217
1 0.438017 0.00103306 0.0330578 0.00206612 0.00159419
1 0.517562 0.00103306 0.035124 0.00206612 0.00160194
1 0.402893 0.00103306 0.0330578 0.00206612 0.00182071
3 0.650826 0.459711 0.0371901 0.0309917 0.00211311
1 0.414256 0.00103306 0.0268595 0.00206612 0.0021214
1 0.561983 0.996901 0.0289256 0.00619835 0.0413481
3 0.639463 0.493802 0.035124 0.0330578 0.368511
0 0.561983 0.77376 0.0289256 0.0227273 0.748748
3 0.658058 0.46281 0.0268595 0.0206612 0.817568
2 0.640496 0.492769 0.0330578 0.0309917 0.865495
