1 0.673554 0.00206612 0.0413223 0.00413223 0.00102882
1 0.454545 0.00103306 0.0289256 0.00206612 0.00105651
0 0.547521 0.829545 0.0289256 0.0392562 0.0010989
1 0.378099 0.00103306 0.0289256 0.00206612 0.00113424
0 0.551653 0.90186 0.0330578 0.0309917 0.0011975
0 0.541322 0.780992 0.0330578 0.0289256 0.00130531
1 0.594008 0.00206612 0.0392562 0.00413223 0.00138325
1 0.556818 0.00103306 0.0392562 0.00206612 0.00144594
1 0.570248 0.00206612 0.0330578 0.00413223 0.00153665
1 0.491736 0.00103306 0.0330578 0.00206612 0.00164368
1 0.516529 0.00103306 0.0371901 0.00206612 0.00165439
1 0.416322 0.00103306 0.0309917 0.00206612 0.00177575
1 0.478306 0.00103306 0.0392562 0.00206612 0.00188488
1 0.363636 0.00103306 0.0371901 0.00206612 0.00189788
1 0.440083 0.00103306 0.0371901 0.00206612 0.00207394
1 0.336777 0.00103306 0.0289256 0.00206612 0.00221771
1 0.402893 0.00103306 0.0371901 0.00206612 0.00222672
1 0.320248 0.00103306 0.0289256 0.00206612 0.00226047
0 0.548554 0.849174 0.035124 0.0289256 0.00519799
0 0.552686 0.890496 0.0309917 0.0330578 0.00595043
0 0.555785 0.992769 0.0289256 0.0144628 0.0129335
1 0.555785 0.996901 0.0289256 0.00619835 0.0296156
0 0.549587 0.860537 0.0289256 0.0227273 0.0332679
0 0.55062 0.871901 0.0268595 0.0247934 0.278483
3 0.410124 0.740702 0.035124 0.035124 0.3176
0 0.539256 0.762397 0.0330578 0.0247934 0.732748
3 0.393595 0.768595 0.0268595 0.0206612 0.827858
2 0.410124 0.739669 0.035124 0.0330578 0.884612
