1 0.627066 0.00206612 0.035124 0.00413223 0.00107627
1 0.530992 0.00103306 0.0330578 0.00206612 0.00114852
1 0.492769 0.00103306 0.0309917 0.00206612 0.00115463
1 0.570248 0.00103306 0.0330578 0.00206612 0.00129953
1 0.453512 0.00103306 0.0309917 0.00206612 0.00131026
1 0.594008 0.00206612 0.0392562 0.00413223 0.00150131
1 0.556818 0.00103306 0.0392562 0.00206612 0.00154032
3 0.652893 0.83781 0.0330578 0.0392562 0.00158623
1 0.479339 0.00103306 0.0371901 0.00206612 0.00165576
1 0.327479 0.00103306 0.035124 0.00206612 0.00182133
1 0.416322 0.00103306 0.0309917 0.00206612 0.00192946
1 0.517562 0.00103306 0.0392562 0.00206612 0.00194387
1 0.338843 0.00103306 0.0289256 0.00206612 0.00209248
1 0.403926 0.00103306 0.035124 0.00206612 0.00211176
1 0.440083 0.00103306 0.0371901 0.00206612 0.00223102
1 0.356405 0.00103306 0.0309917 0.00206612 0.00228061
1 0.577479 0.995868 0.0309917 0.00826446 0.00615747
3 0.645661 0.859504 0.0309917 0.0330578 0.417463
3 0.665289 0.830579 0.0247934 0.0206612 0.804297
2 0.644628 0.860537 0.0330578 0.0309917 0.889507
