1 0.377066 0.00103306 0.0268595 0.00206612 0.001001
1 0.635331 0.00103306 0.0392562 0.00206612 0.00101724
1 0.647727 0.00103306 0.0309917 0.00206612 0.00107213
1 0.673554 0.00103306 0.0371901 0.00206612 0.00110085
1 0.326446 0.00103306 0.0330578 0.00206612 0.00110139
3 0.557851 0.481405 0.0289256 0.0206612 0.00112753
0 0.563017 0.833678 0.0309917 0.0309917 0.00114871
1 0.570248 0.00103306 0.0289256 0.00206612 0.0011963
1 0.592975 0.00103306 0.0371901 0.00206612 0.00121108
1 0.555785 0.994835 0.0330578 0.0103306 0.00123713
0 0.563017 0.795455 0.0309917 0.0289256 0.00130372
1 0.555785 0.00103306 0.0371901 0.00206612 0.00141544
1 0.364669 0.00103306 0.035124 0.00206612 0.00143091
1 0.491736 0.00103306 0.0289256 0.00206612 0.0014391
1 0.479339 0.00103306 0.0371901 0.00206612 0.00157404
1 0.415289 0.00103306 0.0289256 0.00206612 0.00163913
1 0.515496 0.00103306 0.035124 0.00206612 0.00166721
1 0.440083 0.00103306 0.0371901 0.00206612 0.00178377
1 0.402893 0.00103306 0.0330578 0.00206612 0.00192503
2 0.877066 0.105372 0.0599174 0.0991736 0.00446336
1 0.559917 0.996901 0.0289256 0.00619835 0.0434814
3 0.563017 0.516529 0.0309917 0.0247934 0.410427
3 0.56405 0.483471 0.0289256 0.0123967 0.752819
0 0.563017 0.813017 0.0309917 0.0227273 0.754548
2 0.561983 0.517562 0.0289256 0.0268595 0.906998
