1 0.636364 0.00206612 0.0413223 0.00413223 0.00103833
1 0.261364 0.00103306 0.0268595 0.00206612 0.00110613
1 0.666322 0.00206612 0.035124 0.00413223 0.0011362
1 0.338843 0.00103306 0.0289256 0.00206612 0.00124641
1 0.530992 0.00103306 0.0330578 0.00206612 0.00138047
1 0.375 0.00103306 0.0309917 0.00206612 0.00141775
1 0.556818 0.00206612 0.0392562 0.00413223 0.00144123
1 0.416322 0.00103306 0.0309917 0.00206612 0.00153622
1 0.326446 0.00103306 0.0371901 0.00206612 0.00159587
1 0.517562 0.00103306 0.0392562 0.00206612 0.00162258
1 0.588843 0.00206612 0.0330578 0.00413223 0.00171833
1 0.363636 0.00103306 0.0371901 0.00206612 0.00174647
1 0.453512 0.00103306 0.0309917 0.00206612 0.00178202
1 0.477273 0.00103306 0.0371901 0.00206612 0.0017942
1 0.402893 0.00103306 0.0371901 0.00206612 0.00190896
3 0.280992 0.695248 0.0413223 0.0640496 0.002018
1 0.440083 0.00103306 0.0371901 0.00206612 0.00230647
0 0.528926 0.779959 0.0371901 0.0227273 0.0078018
1 0.563017 0.995868 0.0309917 0.00826446 0.0559752
0 0.524793 0.766529 0.0413223 0.0247934 0.76655
3 0.259298 0.694215 0.018595 0.0289256 0.824641
2 0.291322 0.681818 0.0289256 0.0330578 0.876334
