1 0.634298 0.00103306 0.0371901 0.00206612 0.00100736
1 0.530992 0.00103306 0.0289256 0.00206612 0.00100861
1 0.326446 0.00103306 0.0330578 0.00206612 0.00101308
1 0.336777 0.00103306 0.0247934 0.00206612 0.00101953
1 0.363636 0.00103306 0.0330578 0.00206612 0.00119249
0 0.52376 0.804752 0.035124 0.018595 0.00125366
1 0.594008 0.00103306 0.035124 0.00206612 0.00129854
1 0.555785 0.00103306 0.0371901 0.00206612 0.00139525
1 0.491736 0.00103306 0.0289256 0.00206612 0.00139547
1 0.516529 0.00103306 0.0371901 0.00206612 0.00156013
1 0.478306 0.00103306 0.035124 0.00206612 0.00158065
1 0.402893 0.00103306 0.0330578 0.00206612 0.00158276
1 0.416322 0.00103306 0.0268595 0.00206612 0.00159383
1 0.43905 0.00103306 0.035124 0.00206612 0.0016932
3 0.411157 0.461777 0.0330578 0.0144628 0.00359072
0 0.52686 0.815083 0.0330578 0.0309917 0.00378701
2 0.867769 0.103306 0.0619835 0.0950413 0.00498934
1 0.553719 0.995868 0.0330578 0.00826446 0.0143966
3 0.427686 0.501033 0.0371901 0.0227273 0.282945
0 0.52376 0.794421 0.035124 0.0268595 0.751869
3 0.411157 0.467975 0.0289256 0.0144628 0.800216
2 0.426653 0.501033 0.035124 0.0227273 0.864162
