1 0.532025 0.00103306 0.0309917 0.00206612 0.00105418
3 0.649793 0.58781 0.0268595 0.0309917 0.00105426
1 0.455579 0.00103306 0.0309917 0.00206612 0.00106662
1 0.594008 0.00103306 0.0392562 0.00206612 0.00107332
1 0.377066 0.00103306 0.0309917 0.00206612 0.00117775
1 0.415289 0.00103306 0.0289256 0.00206612 0.00118791
1 0.555785 0.00103306 0.0371901 0.00206612 0.00127213
0 0.0526859 0.163223 0.0433884 0.0950413 0.00127583
1 0.326446 0.00103306 0.0330578 0.00206612 0.00143302
1 0.33781 0.00103306 0.0268595 0.00206612 0.00146375
1 0.492769 0.00103306 0.0309917 0.00206612 0.00158487
1 0.363636 0.00103306 0.0371901 0.00206612 0.00176942
1 0.395661 0.00103306 0.0309917 0.00206612 0.00177319
1 0.516529 0.00103306 0.0371901 0.00206612 0.00178098
3 0.657025 0.585744 0.0330578 0.0475207 0.00184266
1 0.442149 0.00103306 0.0371901 0.00206612 0.00185999
1 0.479339 0.00103306 0.0371901 0.00206612 0.00188666
1 0.555785 0.994835 0.0330578 0.0103306 0.00260599
2 0.873967 0.102273 0.0661157 0.088843 0.00340947
0 0.56405 0.805785 0.0330578 0.0247934 0.00347387
0 0.563017 0.828512 0.0309917 0.0206612 0.00836417
1 0.561983 0.996901 0.0289256 0.00619835 0.0727918
3 0.671488 0.56405 0.0330578 0.0330578 0.330948
3 0.693182 0.540289 0.0227273 0.0227273 0.739132
0 0.563017 0.818182 0.0309917 0.0247934 0.80921
2 0.669421 0.56405 0.0330578 0.0330578 0.898048
