1 0.635331 0.00206612 0.0392562 0.00413223 0.00102398
1 0.672521 0.00206612 0.0392562 0.00413223 0.00105467
1 0.569215 0.00103306 0.0309917 0.00206612 0.00115934
1 0.376033 0.00103306 0.0289256 0.00206612 0.00121817
1 0.594008 0.00103306 0.0392562 0.00206612 0.00129709
1 0.556818 0.00103306 0.0392562 0.00206612 0.00134748
1 0.338843 0.00103306 0.0289256 0.00206612 0.00157084
1 0.325413 0.00103306 0.035124 0.00206612 0.0016617
1 0.363636 0.00103306 0.0371901 0.00206612 0.0016776
1 0.479339 0.00103306 0.0371901 0.00206612 0.00179908
1 0.514463 0.00103306 0.0371901 0.00206612 0.00186479
0 0.540289 0.905992 0.035124 0.0268595 0.00187788
1 0.492769 0.00103306 0.0309917 0.00206612 0.00202711
1 0.417355 0.00103306 0.0289256 0.00206612 0.00221095
1 0.403926 0.00103306 0.035124 0.00206612 0.0022488
1 0.432851 0.00103306 0.0309917 0.00206612 0.00236163
1 0.547521 0.970041 0.0371901 0.0227273 0.00288125
0 0.547521 0.969008 0.0330578 0.0247934 0.00304932
0 0.536157 0.887397 0.035124 0.0268595 0.0102011
1 0.551653 0.996901 0.0330578 0.00619835 0.0315195
3 0.452479 0.55062 0.0371901 0.0227273 0.109026
3 0.459711 0.575413 0.035124 0.0227273 0.393693
0 0.534091 0.872934 0.0309917 0.0227273 0.751202
3 0.44938 0.543388 0.0268595 0.0123967 0.79519
2 0.459711 0.577479 0.035124 0.0227273 0.85944
