1 0.673554 0.00206612 0.0413223 0.00413223 0.0010025
1 0.379132 0.00103306 0.0309917 0.00206612 0.00106278
1 0.634298 0.00206612 0.0413223 0.00413223 0.00110682
1 0.455579 0.00103306 0.0309917 0.00206612 0.0011693
1 0.532025 0.00103306 0.0309917 0.00206612 0.00122695
1 0.595041 0.00206612 0.0413223 0.00413223 0.00125585
1 0.356405 0.00103306 0.0309917 0.00206612 0.00133125
1 0.554752 0.00103306 0.0392562 0.00206612 0.00148877
0 0.563017 0.974174 0.035124 0.0309917 0.00151552
1 0.479339 0.00103306 0.0371901 0.00206612 0.0015707
1 0.414256 0.00103306 0.0309917 0.00206612 0.00158435
1 0.517562 0.00103306 0.0392562 0.00206612 0.00175829
1 0.326446 0.00103306 0.0371901 0.00206612 0.00177139
1 0.338843 0.00103306 0.0289256 0.00206612 0.00180632
1 0.440083 0.00103306 0.0371901 0.00206612 0.0020408
1 0.365702 0.00103306 0.0371901 0.00206612 0.00208452
1 0.395661 0.00103306 0.0309917 0.00206612 0.00267681
0 0.563017 0.988636 0.035124 0.0227273 0.00950531
0 0.565083 0.994835 0.0309917 0.0103306 0.118885
3 0.530992 0.708678 0.0330578 0.0247934 0.430993
3 0.524793 0.67562 0.0289256 0.0123967 0.753979
2 0.529959 0.708678 0.0309917 0.0247934 0.882235
