1 0.673554 0.00103306 0.0371901 0.00206612 0.00100475
1 0.375 0.00103306 0.0268595 0.00206612 0.00107996
1 0.338843 0.00103306 0.0247934 0.00206612 0.00108356
1 0.684917 0.00103306 0.0309917 0.00206612 0.00112735
0 0.558884 0.835744 0.0309917 0.035124 0.00117477
1 0.588843 0.00103306 0.0289256 0.00206612 0.00120841
1 0.489669 0.00103306 0.0289256 0.00206612 0.00121051
1 0.327479 0.00103306 0.035124 0.00206612 0.00128017
1 0.559917 0.992769 0.0289256 0.0144628 0.00137047
1 0.364669 0.00103306 0.035124 0.00206612 0.00158347
1 0.555785 0.00103306 0.0371901 0.00206612 0.00161138
1 0.416322 0.00103306 0.0268595 0.00206612 0.00169064
1 0.530992 0.00103306 0.0289256 0.00206612 0.00171436
1 0.441116 0.00103306 0.035124 0.00206612 0.00175655
1 0.473141 0.00103306 0.0289256 0.00206612 0.00178453
1 0.517562 0.00103306 0.035124 0.00206612 0.00181582
1 0.401859 0.00103306 0.035124 0.00206612 0.00182783
1 0.559917 0.996901 0.0289256 0.00619835 0.0645939
3 0.554752 0.515496 0.0309917 0.0309917 0.2668
3 0.553719 0.483471 0.0289256 0.0123967 0.715314
0 0.558884 0.813017 0.0309917 0.0227273 0.75022
2 0.553719 0.518595 0.0289256 0.0247934 0.846852
