1 0.327479 0.00103306 0.035124 0.00206612 0.00101937
1 0.634298 0.00103306 0.0371901 0.00206612 0.0010349
0 0.528926 0.838843 0.0371901 0.0413223 0.00114452
1 0.554752 0.993802 0.0309917 0.0123967 0.00118934
1 0.375 0.00103306 0.0268595 0.00206612 0.00121039
1 0.568182 0.00103306 0.0289256 0.00206612 0.00127119
1 0.478306 0.00103306 0.035124 0.00206612 0.00128292
1 0.592975 0.00103306 0.0371901 0.00206612 0.00130064
3 0.428719 0.451446 0.0309917 0.0103306 0.00141003
2 0.433884 0.464876 0.0330578 0.0206612 0.00142043
1 0.517562 0.00103306 0.035124 0.00206612 0.00142049
1 0.43905 0.00103306 0.035124 0.00206612 0.00144067
1 0.363636 0.00103306 0.0330578 0.00206612 0.00144732
1 0.556818 0.00103306 0.035124 0.00206612 0.00145386
1 0.416322 0.00103306 0.0268595 0.00206612 0.00145564
3 0.421488 0.455579 0.0413223 0.018595 0.00152413
1 0.402893 0.00103306 0.0330578 0.00206612 0.00165447
0 0.52376 0.799587 0.035124 0.0247934 0.00201445
1 0.553719 0.996901 0.0289256 0.00619835 0.0431395
3 0.436983 0.475207 0.035124 0.0247934 0.0657805
3 0.440083 0.488636 0.0330578 0.0227273 0.424248
3 0.427686 0.456612 0.0289256 0.0123967 0.762654
0 0.520661 0.783058 0.0330578 0.0247934 0.775924
2 0.440083 0.488636 0.0330578 0.0227273 0.889686
