1 0.635331 0.00103306 0.035124 0.00206612 0.00101445
1 0.594008 0.00103306 0.035124 0.00206612 0.00118936
1 0.480372 0.00103306 0.035124 0.00206612 0.00122739
1 0.547521 0.994835 0.0330578 0.0103306 0.00122773
1 0.555785 0.00103306 0.0371901 0.00206612 0.00125885
1 0.365702 0.00103306 0.0330578 0.00206612 0.00129783
1 0.415289 0.00103306 0.0247934 0.00206612 0.00146133
1 0.517562 0.00103306 0.035124 0.00206612 0.0014711
1 0.43905 0.00103306 0.035124 0.00206612 0.00158494
1 0.402893 0.00103306 0.0330578 0.00206612 0.00171855
0 0.517562 0.770661 0.035124 0.0206612 0.0179111
3 0.424587 0.446281 0.0309917 0.0206612 0.0647502
1 0.551653 0.996901 0.0289256 0.00619835 0.0667878
3 0.430785 0.472107 0.035124 0.0227273 0.447417
3 0.420455 0.440083 0.0309917 0.0123967 0.747287
0 0.515496 0.76343 0.035124 0.0227273 0.766667
2 0.430785 0.472107 0.035124 0.0227273 0.869868
