1 0.327479 0.00103306 0.035124 0.00206612 0.00100646
1 0.672521 0.00103306 0.035124 0.00206612 0.00102948
0 0.561983 0.835744 0.0330578 0.0268595 0.001109
1 0.635331 0.00103306 0.035124 0.00206612 0.00124188
0 0.561983 0.802686 0.0289256 0.0433884 0.00130251
1 0.555785 0.994835 0.0289256 0.0103306 0.00131437
1 0.595041 0.00103306 0.0371901 0.00206612 0.00131758
1 0.556818 0.00103306 0.035124 0.00206612 0.00132624
1 0.453512 0.00103306 0.0268595 0.00206612 0.00133477
1 0.492769 0.00103306 0.0268595 0.00206612 0.00134457
1 0.363636 0.00103306 0.0330578 0.00206612 0.00137253
0 0.56095 0.853306 0.0309917 0.0289256 0.00139255
0 0.56095 0.869835 0.0309917 0.0247934 0.00142816
1 0.402893 0.00103306 0.0330578 0.00206612 0.00143297
0 0.563017 0.831612 0.0392562 0.0599174 0.00146711
1 0.516529 0.00103306 0.0330578 0.00206612 0.00157018
0 0.561983 0.757231 0.0330578 0.0268595 0.00157491
3 0.576446 0.456612 0.0371901 0.0247934 0.00167026
1 0.478306 0.00103306 0.035124 0.00206612 0.00173251
1 0.441116 0.00103306 0.035124 0.00206612 0.0018372
2 0.872934 0.103306 0.0640496 0.107438 0.00237471
1 0.559917 0.996901 0.0289256 0.00619835 0.0698838
3 0.575413 0.490702 0.0309917 0.0268595 0.40599
0 0.561983 0.772727 0.0289256 0.0247934 0.744421
3 0.580579 0.458678 0.0289256 0.0123967 0.757811
2 0.577479 0.490702 0.0309917 0.0268595 0.882498
