1 0.416322 0.00103306 0.0309917 0.00206612 0.00101103
1 0.493802 0.00103306 0.0330578 0.00206612 0.00105238
1 0.572314 0.00103306 0.0330578 0.00206612 0.00105937
1 0.453512 0.00103306 0.0309917 0.00206612 0.00139536
1 0.338843 0.00103306 0.0289256 0.00206612 0.0014144
1 0.558884 0.00103306 0.0392562 0.00206612 0.00143628
1 0.595041 0.00206612 0.0413223 0.00413223 0.00144401
1 0.515496 0.00103306 0.0392562 0.00206612 0.00163411
1 0.326446 0.00103306 0.0371901 0.00206612 0.00179546
1 0.478306 0.00103306 0.0392562 0.00206612 0.00181398
1 0.440083 0.00103306 0.0371901 0.00206612 0.00200783
1 0.401859 0.00103306 0.035124 0.00206612 0.0020666
1 0.377066 0.00103306 0.0309917 0.00206612 0.00207615
1 0.363636 0.00103306 0.0371901 0.00206612 0.00236624
0 0.56095 0.988636 0.035124 0.0227273 0.00390974
3 0.536157 0.789256 0.0309917 0.0247934 0.00952282
0 0.563017 0.994835 0.0309917 0.0103306 0.077984
3 0.530992 0.753099 0.0289256 0.0103306 0.757742
2 0.536157 0.789256 0.0309917 0.0247934 0.85988
