1 0.647727 0.00103306 0.0309917 0.00206612 0.0010031
1 0.378099 0.00103306 0.0289256 0.00206612 0.00103533
1 0.492769 0.00103306 0.0309917 0.00206612 0.0010428
1 0.454545 0.00103306 0.0289256 0.00206612 0.00117055
1 0.671488 0.00103306 0.0371901 0.00206612 0.0011825
0 0.559917 0.857438 0.0371901 0.0330578 0.00121312
1 0.608471 0.00103306 0.0309917 0.00206612 0.00122708
1 0.635331 0.00103306 0.0392562 0.00206612 0.00135297
0 0.557851 0.877066 0.0330578 0.0268595 0.00148407
1 0.555785 0.00103306 0.0371901 0.00206612 0.00150049
1 0.335744 0.00103306 0.0268595 0.00206612 0.00150909
1 0.479339 0.00103306 0.0371901 0.00206612 0.00158043
1 0.595041 0.00103306 0.0371901 0.00206612 0.00162599
2 0.873967 0.108471 0.0661157 0.10124 0.00164765
1 0.325413 0.00103306 0.035124 0.00206612 0.00168749
1 0.516529 0.00103306 0.0371901 0.00206612 0.00175364
1 0.364669 0.00103306 0.035124 0.00206612 0.0017682
1 0.557851 0.990702 0.0289256 0.0144628 0.00185954
1 0.415289 0.00103306 0.0289256 0.00206612 0.0018999
1 0.43905 0.00103306 0.035124 0.00206612 0.00206169
1 0.402893 0.00103306 0.0330578 0.00206612 0.00230731
1 0.557851 0.996901 0.0289256 0.00619835 0.0152133
3 0.538223 0.568182 0.0309917 0.0289256 0.361126
0 0.558884 0.820248 0.0309917 0.0247934 0.762336
3 0.533058 0.544421 0.0289256 0.0144628 0.790958
2 0.53719 0.570248 0.0330578 0.0289256 0.846743
