1 0.530992 0.00103306 0.0289256 0.00206612 0.0010837
1 0.635331 0.00103306 0.0392562 0.00206612 0.00115292
0 0.565083 0.833678 0.0309917 0.0309917 0.00116944
1 0.338843 0.00103306 0.0247934 0.00206612 0.00120348
1 0.592975 0.00103306 0.0371901 0.00206612 0.00123258
1 0.673554 0.00103306 0.0371901 0.00206612 0.00130514
1 0.68595 0.00103306 0.0289256 0.00206612 0.0013096
1 0.478306 0.00103306 0.035124 0.00206612 0.00139693
1 0.555785 0.00103306 0.0371901 0.00206612 0.00142355
1 0.326446 0.00103306 0.0330578 0.00206612 0.00145794
1 0.516529 0.00103306 0.0371901 0.00206612 0.00150678
1 0.364669 0.00103306 0.035124 0.00206612 0.0017205
1 0.43905 0.00103306 0.035124 0.00206612 0.00172515
1 0.403926 0.00103306 0.035124 0.00206612 0.00203584
1 0.416322 0.00103306 0.0268595 0.00206612 0.00209457
3 0.576446 0.479339 0.0289256 0.0123967 0.00712272
1 0.56095 0.996901 0.0309917 0.00619835 0.0108915
3 0.571281 0.516529 0.0309917 0.0247934 0.43067
3 0.573347 0.482438 0.0309917 0.0103306 0.733082
0 0.565083 0.813017 0.0309917 0.0227273 0.743659
2 0.571281 0.516529 0.0309917 0.0247934 0.87257
