1 0.596074 0.00206612 0.0392562 0.00413223 0.00120486
1 0.453512 0.00103306 0.0309917 0.00206612 0.00134989
1 0.549587 0.00103306 0.0330578 0.00206612 0.00138456
1 0.416322 0.00103306 0.0309917 0.00206612 0.00160789
1 0.492769 0.00103306 0.0309917 0.00206612 0.00163812
1 0.516529 0.00103306 0.0371901 0.00206612 0.00175433
1 0.325413 0.00103306 0.035124 0.00206612 0.00175855
1 0.363636 0.00103306 0.0371901 0.00206612 0.00189197
1 0.338843 0.00103306 0.0289256 0.00206612 0.0019114
1 0.479339 0.00103306 0.0371901 0.00206612 0.00191572
1 0.402893 0.00103306 0.0371901 0.00206612 0.0021882
1 0.440083 0.00103306 0.0371901 0.00206612 0.00223037
0 0.56095 0.988636 0.035124 0.0227273 0.00352239
0 0.563017 0.994835 0.0309917 0.0103306 0.0730258
3 0.541322 0.785124 0.0330578 0.0247934 0.123312
3 0.535124 0.751033 0.0289256 0.0103306 0.705486
2 0.540289 0.786157 0.0309917 0.0227273 0.852843
