1 0.672521 0.00206612 0.0392562 0.00413223 0.00101536
1 0.453512 0.00103306 0.0309917 0.00206612 0.00112916
1 0.635331 0.00206612 0.0433884 0.00413223 0.00114432
1 0.285124 0.00103306 0.0371901 0.00206612 0.00114864
1 0.492769 0.00103306 0.0309917 0.00206612 0.00126423
1 0.260331 0.00103306 0.0289256 0.00206612 0.00128134
1 0.556818 0.00206612 0.0392562 0.00413223 0.00129919
1 0.378099 0.00103306 0.0289256 0.00206612 0.00134989
2 0.541322 0.647727 0.0413223 0.0557851 0.00138476
1 0.595041 0.00206612 0.0413223 0.00413223 0.00141474
1 0.326446 0.00103306 0.0371901 0.00206612 0.00157303
1 0.516529 0.00103306 0.0371901 0.00206612 0.00158203
1 0.338843 0.00103306 0.0289256 0.00206612 0.00163535
1 0.416322 0.00103306 0.0309917 0.00206612 0.00169742
1 0.477273 0.00103306 0.0371901 0.00206612 0.00176358
0 0.566116 0.85124 0.0330578 0.0289256 0.00182435
1 0.363636 0.00103306 0.0371901 0.00206612 0.00191411
1 0.432851 0.00103306 0.0309917 0.00206612 0.00215574
1 0.402893 0.00103306 0.0371901 0.00206612 0.0023451
0 0.566116 0.826446 0.0371901 0.0371901 0.0029536
0 0.566116 0.836777 0.0330578 0.0289256 0.00316254
1 0.566116 0.992769 0.0330578 0.0144628 0.00355855
0 0.565083 0.755165 0.0309917 0.0268595 0.00487898
0 0.565083 0.794421 0.0309917 0.0309917 0.00596229
1 0.570248 0.996901 0.0289256 0.00619835 0.0293089
0 0.565083 0.765496 0.0309917 0.0268595 0.0399297
3 0.533058 0.655992 0.0330578 0.0309917 0.374986
2 0.534091 0.657025 0.0309917 0.0330578 0.443434
0 0.565083 0.775826 0.0309917 0.0268595 0.690291
3 0.52686 0.66219 0.0247934 0.0268595 0.775962
