1 0.570248 0.00103306 0.0330578 0.00206612 0.00101855
1 0.28719 0.00103306 0.0371901 0.00206612 0.00110143
1 0.556818 0.00103306 0.0392562 0.00206612 0.00130962
1 0.595041 0.00206612 0.0413223 0.00413223 0.00131171
1 0.492769 0.00103306 0.0309917 0.00206612 0.00134862
1 0.377066 0.00103306 0.0309917 0.00206612 0.00138911
1 0.338843 0.00103306 0.0289256 0.00206612 0.00140783
1 0.453512 0.00103306 0.0309917 0.00206612 0.00147712
1 0.325413 0.00103306 0.035124 0.00206612 0.00164284
1 0.515496 0.00103306 0.0392562 0.00206612 0.00170129
1 0.416322 0.00103306 0.0309917 0.00206612 0.00171888
1 0.364669 0.00103306 0.035124 0.00206612 0.00184652
2 0.543388 0.792355 0.0330578 0.0268595 0.0019076
1 0.479339 0.00103306 0.0371901 0.00206612 0.00191661
1 0.402893 0.00103306 0.0371901 0.00206612 0.00233413
1 0.440083 0.00103306 0.0371901 0.00206612 0.00235193
0 0.561983 0.988636 0.0371901 0.0227273 0.00373086
3 0.538223 0.780992 0.0309917 0.0247934 0.0264688
3 0.536157 0.767562 0.035124 0.035124 0.0288711
0 0.56405 0.994835 0.0330578 0.0103306 0.0473925
3 0.535124 0.75 0.0330578 0.0247934 0.155394
3 0.534091 0.746901 0.0309917 0.0103306 0.776119
2 0.538223 0.782025 0.0309917 0.0227273 0.879567
