1 0.637397 0.00206612 0.0392562 0.00413223 0.00112978
1 0.672521 0.00206612 0.0392562 0.00413223 0.00116716
1 0.594008 0.00103306 0.0392562 0.00206612 0.00117616
1 0.453512 0.00103306 0.0309917 0.00206612 0.00118329
1 0.569215 0.00103306 0.0309917 0.00206612 0.00118917
1 0.376033 0.00103306 0.0289256 0.00206612 0.00121032
1 0.493802 0.00103306 0.0289256 0.00206612 0.00124571
1 0.415289 0.00103306 0.0289256 0.00206612 0.00128436
1 0.555785 0.994835 0.0330578 0.0103306 0.00131807
1 0.555785 0.00103306 0.0371901 0.00206612 0.0013942
1 0.340909 0.00103306 0.0289256 0.00206612 0.00150123
0 0.563017 0.83781 0.0309917 0.0268595 0.00152235
1 0.479339 0.00103306 0.0371901 0.00206612 0.00160572
1 0.328512 0.00103306 0.0371901 0.00206612 0.00167666
1 0.440083 0.00103306 0.0371901 0.00206612 0.00167687
1 0.516529 0.00103306 0.0371901 0.00206612 0.00169839
1 0.401859 0.00103306 0.035124 0.00206612 0.00171776
1 0.357438 0.00103306 0.0289256 0.00206612 0.00219013
1 0.561983 0.996901 0.0289256 0.00619835 0.0548822
3 0.545455 0.569215 0.0330578 0.0268595 0.366972
0 0.56405 0.821281 0.0289256 0.0227273 0.748644
3 0.542355 0.542355 0.0309917 0.0144628 0.779334
2 0.546488 0.569215 0.0309917 0.0309917 0.868081
