1 0.377066 0.00103306 0.0309917 0.00206612 0.00106361
1 0.674587 0.00206612 0.0392562 0.00413223 0.00111736
1 0.592975 0.00206612 0.0413223 0.00413223 0.00123186
1 0.568182 0.00103306 0.0330578 0.00206612 0.00133327
1 0.453512 0.00103306 0.0309917 0.00206612 0.00143251
1 0.478306 0.00103306 0.0392562 0.00206612 0.00158005
1 0.555785 0.00206612 0.0371901 0.00413223 0.00158986
1 0.518595 0.00103306 0.0371901 0.00206612 0.00174271
1 0.338843 0.00103306 0.0289256 0.00206612 0.0017822
1 0.326446 0.00103306 0.0371901 0.00206612 0.00180872
1 0.363636 0.00103306 0.0371901 0.00206612 0.00198076
0 0.558884 0.988636 0.035124 0.0227273 0.00203085
1 0.438017 0.00103306 0.0371901 0.00206612 0.00235808
1 0.416322 0.00103306 0.0309917 0.00206612 0.00252354
1 0.403926 0.00103306 0.035124 0.00206612 0.0025585
0 0.558884 0.994835 0.0309917 0.0103306 0.0636878
3 0.56095 0.826446 0.0309917 0.0247934 0.332954
3 0.561983 0.789256 0.0289256 0.0123967 0.747863
2 0.561983 0.826446 0.0289256 0.0247934 0.857663
