0 0.534091 0.769628 0.0433884 0.0309917 0.00104124
1 0.570248 0.00103306 0.0289256 0.00206612 0.00113494
1 0.416322 0.00103306 0.0268595 0.00206612 0.00114825
1 0.377066 0.00103306 0.0268595 0.00206612 0.00116676
1 0.586777 0.00103306 0.0289256 0.00206612 0.00136561
1 0.478306 0.00103306 0.035124 0.00206612 0.00137573
1 0.366736 0.00103306 0.035124 0.00206612 0.00148689
1 0.43905 0.00103306 0.035124 0.00206612 0.00151657
1 0.517562 0.00103306 0.035124 0.00206612 0.00152951
1 0.402893 0.00103306 0.0330578 0.00206612 0.0017735
1 0.556818 0.00103306 0.035124 0.00206612 0.0018042
0 0.536157 0.80062 0.035124 0.0268595 0.00190419
0 0.536157 0.81405 0.0309917 0.0371901 0.00214707
3 0.448347 0.442149 0.0289256 0.0123967 0.00448014
3 0.458678 0.482438 0.0371901 0.0227273 0.0116758
1 0.556818 0.996901 0.0309917 0.00619835 0.029304
0 0.533058 0.782025 0.0330578 0.0227273 0.761764
3 0.447314 0.446281 0.0309917 0.0123967 0.807777
2 0.457645 0.482438 0.035124 0.0227273 0.878394
