1 0.492769 0.00103306 0.0309917 0.00206612 0.00112694
1 0.28719 0.00103306 0.0371901 0.00206612 0.00114035
1 0.378099 0.00103306 0.0289256 0.00206612 0.00114495
1 0.532025 0.00103306 0.0309917 0.00206612 0.0011922
1 0.568182 0.00103306 0.0330578 0.00206612 0.0012158
1 0.453512 0.00103306 0.0309917 0.00206612 0.00130165
1 0.594008 0.00206612 0.0392562 0.00413223 0.00135225
1 0.338843 0.00103306 0.0289256 0.00206612 0.0014194
1 0.325413 0.00103306 0.035124 0.00206612 0.00167314
1 0.555785 0.00206612 0.0371901 0.00413223 0.00172519
1 0.415289 0.00103306 0.0289256 0.00206612 0.00176803
1 0.478306 0.00103306 0.0392562 0.00206612 0.00177634
1 0.365702 0.00103306 0.0371901 0.00206612 0.00184348
1 0.518595 0.00103306 0.0371901 0.00206612 0.00188206
1 0.440083 0.00103306 0.0371901 0.00206612 0.00202859
1 0.402893 0.00103306 0.0371901 0.00206612 0.00234382
2 0.731405 0.891529 0.0247934 0.0309917 0.0331009
3 0.732438 0.893595 0.0268595 0.0309917 0.181307
3 0.709711 0.905992 0.0309917 0.035124 0.204583
3 0.741736 0.88843 0.0206612 0.0289256 0.860476
2 0.708678 0.905992 0.0289256 0.035124 0.86158
