1 0.378099 0.00103306 0.0289256 0.00206612 0.00103539
1 0.569215 0.00103306 0.0309917 0.00206612 0.00104196
1 0.33781 0.00103306 0.0268595 0.00206612 0.00110119
1 0.415289 0.00103306 0.0289256 0.00206612 0.00119388
1 0.635331 0.00206612 0.0392562 0.00413223 0.00126074
3 0.700413 0.538223 0.0247934 0.0227273 0.0012648
1 0.491736 0.00103306 0.0289256 0.00206612 0.00138838
1 0.595041 0.00103306 0.0371901 0.00206612 0.00139529
1 0.318182 0.00103306 0.0289256 0.00206612 0.00147461
1 0.555785 0.00103306 0.0371901 0.00206612 0.00154111
1 0.646694 0.00103306 0.0330578 0.00206612 0.00160328
1 0.364669 0.00103306 0.035124 0.00206612 0.0016427
1 0.516529 0.00103306 0.0371901 0.00206612 0.00170026
1 0.403926 0.00103306 0.035124 0.00206612 0.00183563
1 0.477273 0.00103306 0.0371901 0.00206612 0.00186527
1 0.453512 0.00103306 0.0309917 0.00206612 0.00195339
2 0.867769 0.105372 0.0702479 0.0991736 0.0019545
1 0.440083 0.00103306 0.0371901 0.00206612 0.00215933
0 0.561983 0.864669 0.0330578 0.0309917 0.00220489
0 0.559917 0.852273 0.0330578 0.0309917 0.00245294
1 0.556818 0.994835 0.0309917 0.0103306 0.00292285
0 0.56095 0.825413 0.0309917 0.018595 0.00400059
0 0.561983 0.805785 0.0330578 0.0247934 0.0168703
1 0.561983 0.996901 0.0289256 0.00619835 0.121891
3 0.682851 0.561983 0.035124 0.0330578 0.124068
0 0.56095 0.816116 0.0309917 0.0247934 0.751689
3 0.708678 0.53719 0.0247934 0.0206612 0.817436
2 0.684917 0.561983 0.035124 0.0330578 0.885069
