1 0.28719 0.00103306 0.0371901 0.00206612 0.00115525
1 0.595041 0.00206612 0.0413223 0.00413223 0.00121352
1 0.529959 0.00103306 0.0309917 0.00206612 0.00121445
0 0.0526859 0.163223 0.0433884 0.0909091 0.00123524
1 0.554752 0.00103306 0.0392562 0.00206612 0.001236
0 0.55062 0.893595 0.0309917 0.0227273 0.00128617
1 0.416322 0.00103306 0.0309917 0.00206612 0.00129883
1 0.375 0.00103306 0.0309917 0.00206612 0.00144682
1 0.453512 0.00103306 0.0309917 0.00206612 0.00155366
0 0.53719 0.783058 0.0371901 0.0289256 0.00165953
1 0.318182 0.00103306 0.0289256 0.00206612 0.00173947
1 0.478306 0.00103306 0.0392562 0.00206612 0.00180161
1 0.516529 0.00103306 0.0371901 0.00206612 0.00191445
1 0.401859 0.00103306 0.035124 0.00206612 0.00195615
1 0.440083 0.00103306 0.0371901 0.00206612 0.00203907
1 0.554752 0.992769 0.0309917 0.0144628 0.00208749
1 0.358471 0.00103306 0.0309917 0.00206612 0.00219583
0 0.547521 0.875 0.0330578 0.0268595 0.0028745
0 0.542355 0.809917 0.0309917 0.0454545 0.00299865
0 0.532025 0.747934 0.0392562 0.0289256 0.00332603
0 0.543388 0.831612 0.0330578 0.0268595 0.00345551
0 0.547521 0.860537 0.0330578 0.035124 0.00386502
0 0.535124 0.770661 0.0330578 0.0247934 0.0292057
1 0.554752 0.996901 0.0309917 0.00619835 0.0391462
3 0.354339 0.739669 0.0309917 0.0289256 0.0424777
3 0.367769 0.722107 0.0330578 0.035124 0.443333
0 0.534091 0.761364 0.035124 0.0268595 0.730897
3 0.348141 0.746901 0.0227273 0.0227273 0.795268
2 0.369835 0.722107 0.0371901 0.035124 0.875665
