1 0.672521 0.00103306 0.0392562 0.00206612 0.00101524
2 0.873967 0.105372 0.0702479 0.107438 0.00101905
0 0.565083 0.86157 0.0309917 0.0330578 0.00103337
1 0.608471 0.00103306 0.0309917 0.00206612 0.00103848
1 0.454545 0.00103306 0.0289256 0.00206612 0.00112618
1 0.633264 0.00103306 0.0392562 0.00206612 0.00114285
1 0.378099 0.00103306 0.0289256 0.00206612 0.0011513
1 0.491736 0.00103306 0.0289256 0.00206612 0.00118587
1 0.530992 0.00103306 0.0289256 0.00206612 0.00129101
1 0.413223 0.00103306 0.0289256 0.00206612 0.00141216
1 0.596074 0.00103306 0.0392562 0.00206612 0.00144996
1 0.556818 0.00103306 0.0392562 0.00206612 0.00147026
1 0.339876 0.00103306 0.0268595 0.00206612 0.00156124
1 0.327479 0.00103306 0.035124 0.00206612 0.00157656
1 0.479339 0.00103306 0.0371901 0.00206612 0.00173952
1 0.440083 0.00103306 0.0371901 0.00206612 0.00179315
1 0.516529 0.00103306 0.0371901 0.00206612 0.00186454
1 0.364669 0.00103306 0.035124 0.00206612 0.00187563
1 0.396694 0.00103306 0.0289256 0.00206612 0.00236487
0 0.565083 0.805785 0.0309917 0.0247934 0.00340972
3 0.646694 0.56095 0.0330578 0.0309917 0.0103592
1 0.559917 0.993802 0.0289256 0.00826446 0.0112558
0 0.563017 0.828512 0.0309917 0.0206612 0.0117858
1 0.559917 0.996901 0.0289256 0.00619835 0.0783958
3 0.654959 0.554752 0.0289256 0.0309917 0.193149
3 0.642562 0.570248 0.0330578 0.0330578 0.440163
0 0.56405 0.819215 0.0289256 0.0227273 0.774962
3 0.661157 0.546488 0.0247934 0.0227273 0.834246
2 0.641529 0.571281 0.035124 0.035124 0.880544
