1 0.28719 0.00103306 0.0371901 0.00206612 0.00102937
1 0.686983 0.00103306 0.035124 0.00206612 0.00123148
1 0.532025 0.00103306 0.0309917 0.00206612 0.00124097
1 0.674587 0.00206612 0.0392562 0.00413223 0.00125503
1 0.570248 0.00206612 0.0330578 0.00413223 0.00134923
1 0.594008 0.00206612 0.0392562 0.00413223 0.00137013
1 0.415289 0.00103306 0.0289256 0.00206612 0.0014514
1 0.556818 0.00103306 0.0392562 0.00206612 0.00168481
1 0.517562 0.00103306 0.0392562 0.00206612 0.00169196
1 0.378099 0.00103306 0.0289256 0.00206612 0.00169775
1 0.338843 0.00103306 0.0289256 0.00206612 0.00171077
1 0.579545 0.994835 0.035124 0.0103306 0.00173325
1 0.472107 0.00103306 0.0309917 0.00206612 0.0018888
1 0.320248 0.00103306 0.0289256 0.00206612 0.00195798
1 0.455579 0.00103306 0.0309917 0.00206612 0.00217416
1 0.364669 0.00103306 0.035124 0.00206612 0.00233752
1 0.441116 0.00103306 0.035124 0.00206612 0.00236212
1 0.401859 0.00103306 0.035124 0.00206612 0.00236545
3 0.680785 0.842975 0.0268595 0.0289256 0.0106363
3 0.665289 0.867769 0.0330578 0.0330578 0.425646
3 0.688017 0.839876 0.0247934 0.0227273 0.810304
2 0.666322 0.867769 0.035124 0.0330578 0.907991
