1 0.416322 0.00103306 0.0309917 0.00206612 0.00118846
0 0.571281 0.988636 0.035124 0.0227273 0.00133284
1 0.569215 0.00103306 0.0309917 0.00206612 0.00145914
1 0.594008 0.00103306 0.0392562 0.00206612 0.00147419
1 0.492769 0.00103306 0.0309917 0.00206612 0.00151488
1 0.556818 0.00103306 0.0392562 0.00206612 0.00158139
1 0.516529 0.00103306 0.0371901 0.00206612 0.00159248
1 0.33781 0.00103306 0.0268595 0.00206612 0.00160076
1 0.377066 0.00103306 0.0309917 0.00206612 0.0018246
1 0.326446 0.00103306 0.0330578 0.00206612 0.00191387
1 0.401859 0.00103306 0.035124 0.00206612 0.00202796
1 0.453512 0.00103306 0.0309917 0.00206612 0.00210114
1 0.363636 0.00103306 0.0371901 0.00206612 0.00210122
1 0.478306 0.00103306 0.035124 0.00206612 0.0022235
1 0.441116 0.00103306 0.035124 0.00206612 0.00229448
1 0.571281 0.995868 0.0309917 0.00826446 0.0281976
0 0.571281 0.994835 0.0309917 0.0103306 0.0295034
3 0.581612 0.817149 0.0309917 0.0227273 0.212911
3 0.580579 0.846074 0.0330578 0.0227273 0.332042
3 0.584711 0.809917 0.0289256 0.0123967 0.764361
2 0.579545 0.846074 0.0309917 0.0227273 0.863483
