1 0.634298 0.00206612 0.0413223 0.00413223 0.00102511
1 0.377066 0.00103306 0.0309917 0.00206612 0.00104825
1 0.596074 0.00206612 0.0392562 0.00413223 0.00135483
1 0.554752 0.00103306 0.0392562 0.00206612 0.00141812
1 0.454545 0.00103306 0.0330578 0.00206612 0.00155911
1 0.478306 0.00103306 0.0392562 0.00206612 0.00159618
1 0.530992 0.00103306 0.0330578 0.00206612 0.00170501
1 0.58781 0.995868 0.035124 0.00826446 0.00180288
1 0.416322 0.00103306 0.0309917 0.00206612 0.00188617
1 0.327479 0.00103306 0.035124 0.00206612 0.00192939
1 0.517562 0.00103306 0.0392562 0.00206612 0.00201436
1 0.356405 0.00103306 0.0309917 0.00206612 0.00220384
1 0.339876 0.00103306 0.0309917 0.00206612 0.00220926
1 0.402893 0.00103306 0.0371901 0.00206612 0.00221788
1 0.440083 0.00103306 0.0371901 0.00206612 0.00238076
3 0.68595 0.889463 0.0330578 0.035124 0.443549
3 0.711777 0.865702 0.0227273 0.0247934 0.809762
2 0.683884 0.88843 0.0330578 0.0330578 0.892573
