1 0.28719 0.00103306 0.0371901 0.00206612 0.00103347
1 0.492769 0.00103306 0.0309917 0.00206612 0.00105499
1 0.673554 0.00206612 0.0371901 0.00413223 0.00109381
1 0.634298 0.00206612 0.0413223 0.00413223 0.00114169
1 0.415289 0.00103306 0.0289256 0.00206612 0.00121168
1 0.570248 0.00103306 0.0330578 0.00206612 0.00126906
1 0.379132 0.00103306 0.0309917 0.00206612 0.00148279
1 0.517562 0.00103306 0.0392562 0.00206612 0.00148626
1 0.556818 0.00103306 0.0392562 0.00206612 0.00155658
1 0.594008 0.00206612 0.0392562 0.00413223 0.00162302
1 0.454545 0.00103306 0.0289256 0.00206612 0.00164969
0 0.558884 0.988636 0.035124 0.0227273 0.00165994
1 0.325413 0.00103306 0.035124 0.00206612 0.00175472
1 0.477273 0.00103306 0.0371901 0.00206612 0.00177462
1 0.338843 0.00103306 0.0289256 0.00206612 0.00195893
1 0.440083 0.00103306 0.0371901 0.00206612 0.00199753
1 0.364669 0.00103306 0.035124 0.00206612 0.00205829
1 0.394628 0.00103306 0.0289256 0.00206612 0.00225367
2 0.554752 0.806818 0.0268595 0.018595 0.00317733
3 0.554752 0.831612 0.0309917 0.0227273 0.0104013
0 0.559917 0.995868 0.0330578 0.00826446 0.040794
3 0.554752 0.796488 0.0268595 0.0103306 0.730391
2 0.554752 0.831612 0.0309917 0.0227273 0.876647
