1 0.672521 0.00103306 0.0392562 0.00206612 0.00105908
1 0.491736 0.00103306 0.0289256 0.00206612 0.00106156
1 0.319215 0.00103306 0.0268595 0.00206612 0.00108525
1 0.633264 0.00103306 0.0392562 0.00206612 0.00114848
1 0.608471 0.00103306 0.0309917 0.00206612 0.0011993
1 0.569215 0.00103306 0.0309917 0.00206612 0.00125282
0 0.559917 0.855372 0.0371901 0.0330578 0.00125331
2 0.518595 0.58781 0.0454545 0.0433884 0.00134994
1 0.33781 0.00103306 0.0268595 0.00206612 0.00144385
1 0.517562 0.00103306 0.035124 0.00206612 0.00154658
1 0.592975 0.00103306 0.0371901 0.00206612 0.00159786
1 0.376033 0.00103306 0.0289256 0.00206612 0.00163819
1 0.557851 0.00103306 0.0371901 0.00206612 0.00164806
1 0.326446 0.00103306 0.0330578 0.00206612 0.00171842
0 0.558884 0.838843 0.0309917 0.0289256 0.00172387
1 0.47624 0.00103306 0.035124 0.00206612 0.00177426
1 0.401859 0.00103306 0.035124 0.00206612 0.00192242
1 0.441116 0.00103306 0.035124 0.00206612 0.00192943
1 0.364669 0.00103306 0.035124 0.00206612 0.00194595
1 0.454545 0.00103306 0.0289256 0.00206612 0.00194737
0 0.559917 0.877066 0.0330578 0.0268595 0.00200406
1 0.56095 0.992769 0.0309917 0.0103306 0.00321521
2 0.870868 0.107438 0.0640496 0.0950413 0.00331743
1 0.559917 0.996901 0.0289256 0.00619835 0.0285292
3 0.512397 0.570248 0.0330578 0.0289256 0.355826
0 0.558884 0.821281 0.0309917 0.0227273 0.755064
3 0.502066 0.544421 0.0289256 0.0144628 0.758466
2 0.512397 0.571281 0.0330578 0.0309917 0.874677
