1 0.377066 0.00103306 0.0309917 0.00206612 0.00102276
1 0.453512 0.00103306 0.0309917 0.00206612 0.0010309
1 0.596074 0.00206612 0.0392562 0.00413223 0.00128306
1 0.532025 0.00103306 0.0309917 0.00206612 0.00131036
1 0.554752 0.00103306 0.0392562 0.00206612 0.00137836
1 0.478306 0.00103306 0.0392562 0.00206612 0.00149472
0 0.538223 0.796488 0.035124 0.0392562 0.00164582
1 0.517562 0.00103306 0.0392562 0.00206612 0.0018595
1 0.327479 0.00103306 0.035124 0.00206612 0.00185988
1 0.362603 0.00103306 0.035124 0.00206612 0.00197464
1 0.417355 0.00103306 0.0289256 0.00206612 0.00202568
1 0.403926 0.00103306 0.035124 0.00206612 0.00216921
1 0.338843 0.00103306 0.0289256 0.00206612 0.00245673
1 0.432851 0.00103306 0.0309917 0.00206612 0.0028073
0 0.528926 0.759298 0.0413223 0.0268595 0.0040476
1 0.563017 0.993802 0.0309917 0.0123967 0.0109832
1 0.566116 0.996901 0.0289256 0.00619835 0.0384629
0 0.534091 0.779959 0.035124 0.0227273 0.0643801
0 0.532025 0.770661 0.0392562 0.0247934 0.746277
3 0.272727 0.665289 0.0165289 0.0289256 0.817744
2 0.304752 0.655992 0.0268595 0.0309917 0.85414
