1 0.289256 0.00103306 0.0371901 0.00206612 0.00100141
1 0.338843 0.00103306 0.0289256 0.00206612 0.0010037
1 0.530992 0.00103306 0.0330578 0.00206612 0.00102974
3 0.556818 0.794421 0.0309917 0.018595 0.00103979
1 0.377066 0.00103306 0.0309917 0.00206612 0.00116347
1 0.627066 0.00206612 0.035124 0.00413223 0.00119357
3 0.56095 0.78719 0.0309917 0.0123967 0.00123932
2 0.559917 0.81405 0.0289256 0.0247934 0.00126383
1 0.556818 0.00103306 0.0392562 0.00206612 0.0014019
1 0.597107 0.00206612 0.0413223 0.00413223 0.00142694
1 0.453512 0.00103306 0.0309917 0.00206612 0.00153167
1 0.478306 0.00103306 0.0392562 0.00206612 0.00160882
1 0.517562 0.00103306 0.0392562 0.00206612 0.00161885
1 0.416322 0.00103306 0.0309917 0.00206612 0.00175629
1 0.363636 0.00103306 0.0371901 0.00206612 0.00177957
1 0.440083 0.00103306 0.0371901 0.00206612 0.00210794
1 0.402893 0.00103306 0.0371901 0.00206612 0.0022705
1 0.318182 0.00103306 0.0289256 0.00206612 0.00259212
0 0.555785 0.985537 0.0330578 0.0206612 0.0100552
0 0.555785 0.991736 0.0330578 0.0123967 0.0853053
3 0.561983 0.795455 0.0289256 0.0123967 0.718043
2 0.561983 0.830579 0.0289256 0.0247934 0.867508
