1 0.672521 0.00206612 0.0392562 0.00413223 0.00102161
1 0.590909 0.994835 0.0371901 0.0103306 0.00105473
1 0.338843 0.00103306 0.0289256 0.00206612 0.00126595
1 0.454545 0.00103306 0.0289256 0.00206612 0.00130662
1 0.377066 0.00103306 0.0309917 0.00206612 0.00139676
1 0.416322 0.00103306 0.0309917 0.00206612 0.00140115
1 0.491736 0.00103306 0.0330578 0.00206612 0.00148081
1 0.591942 0.00206612 0.0392562 0.00413223 0.00148577
1 0.326446 0.00103306 0.0371901 0.00206612 0.00161706
1 0.516529 0.00103306 0.0371901 0.00206612 0.00166047
1 0.556818 0.00206612 0.0392562 0.00413223 0.00171692
1 0.363636 0.00103306 0.0371901 0.00206612 0.00181869
1 0.478306 0.00103306 0.0392562 0.00206612 0.00187016
1 0.570248 0.00206612 0.0330578 0.00413223 0.00192506
1 0.401859 0.00103306 0.035124 0.00206612 0.00197629
1 0.440083 0.00103306 0.0371901 0.00206612 0.00212678
3 0.698347 0.915289 0.0289256 0.0330578 0.271611
3 0.72624 0.903926 0.0227273 0.0268595 0.828947
2 0.696281 0.917355 0.0289256 0.0330578 0.893746
