1 0.326446 0.00103306 0.0330578 0.00206612 0.00109475
1 0.636364 0.00103306 0.0371901 0.00206612 0.00112228
0 0.56095 0.853306 0.0309917 0.0289256 0.00112642
1 0.416322 0.00103306 0.0268595 0.00206612 0.00118457
1 0.452479 0.00103306 0.0289256 0.00206612 0.00119981
1 0.395661 0.00103306 0.0268595 0.00206612 0.00130351
1 0.594008 0.00103306 0.035124 0.00206612 0.00130792
0 0.561983 0.829545 0.0371901 0.0557851 0.0013524
3 0.566116 0.452479 0.0289256 0.0123967 0.00136771
1 0.364669 0.00103306 0.035124 0.00206612 0.00136981
1 0.555785 0.994835 0.0330578 0.0103306 0.00139287
1 0.556818 0.00103306 0.035124 0.00206612 0.00143734
1 0.492769 0.00103306 0.0268595 0.00206612 0.00161753
1 0.404959 0.00103306 0.0330578 0.00206612 0.00172279
1 0.517562 0.00103306 0.035124 0.00206612 0.00172383
0 0.56095 0.796488 0.0309917 0.035124 0.00173529
1 0.478306 0.00103306 0.035124 0.00206612 0.00181213
1 0.434917 0.00103306 0.0268595 0.00206612 0.00193202
2 0.878099 0.103306 0.0619835 0.107438 0.00297584
3 0.565083 0.463843 0.0268595 0.018595 0.00581459
1 0.559917 0.996901 0.0289256 0.00619835 0.0495707
3 0.565083 0.489669 0.0309917 0.0289256 0.416792
0 0.56095 0.774793 0.0309917 0.0247934 0.746916
3 0.566116 0.456612 0.0289256 0.0123967 0.812904
2 0.565083 0.489669 0.0309917 0.0289256 0.87694
