1 0.637397 0.00103306 0.0392562 0.00206612 0.00110274
1 0.530992 0.00103306 0.0289256 0.00206612 0.00112773
1 0.671488 0.00103306 0.0371901 0.00206612 0.00118998
1 0.592975 0.00103306 0.0371901 0.00206612 0.00119033
1 0.569215 0.00103306 0.0309917 0.00206612 0.00132018
1 0.33781 0.00103306 0.0268595 0.00206612 0.00135341
1 0.479339 0.00103306 0.0371901 0.00206612 0.00137369
1 0.325413 0.00103306 0.035124 0.00206612 0.00144505
1 0.555785 0.00103306 0.0371901 0.00206612 0.00162333
1 0.364669 0.00103306 0.035124 0.00206612 0.00163235
1 0.438017 0.00103306 0.0371901 0.00206612 0.00173458
1 0.518595 0.00103306 0.0371901 0.00206612 0.00174016
1 0.403926 0.00103306 0.035124 0.00206612 0.00202445
1 0.415289 0.00103306 0.0289256 0.00206612 0.00231836
1 0.56095 0.993802 0.0309917 0.0123967 0.00502094
0 0.556818 0.828512 0.0309917 0.0247934 0.00728755
0 0.559917 0.804752 0.0330578 0.0227273 0.00771675
2 0.65186 0.530992 0.0309917 0.0330578 0.024969
1 0.56095 0.996901 0.0309917 0.00619835 0.0332608
3 0.644628 0.538223 0.0330578 0.035124 0.387656
0 0.556818 0.816116 0.0309917 0.0247934 0.732819
3 0.663223 0.510331 0.0247934 0.0206612 0.81977
2 0.643595 0.538223 0.035124 0.0309917 0.873126
