1 0.568182 0.00206612 0.0330578 0.00413223 0.00101121
1 0.416322 0.00103306 0.0309917 0.00206612 0.00117555
1 0.453512 0.00103306 0.0309917 0.00206612 0.00120378
1 0.554752 0.00206612 0.0392562 0.00413223 0.00128347
1 0.594008 0.00206612 0.0392562 0.00413223 0.00133539
2 0.373967 0.653926 0.0413223 0.0599174 0.00138547
1 0.491736 0.00103306 0.0330578 0.00206612 0.00150788
1 0.516529 0.00103306 0.0371901 0.00206612 0.00159685
2 0.394628 0.64876 0.0371901 0.0619835 0.00162985
1 0.364669 0.00103306 0.035124 0.00206612 0.00168435
1 0.327479 0.00103306 0.035124 0.00206612 0.0017012
1 0.338843 0.00103306 0.0289256 0.00206612 0.00170153
1 0.478306 0.00103306 0.0392562 0.00206612 0.00183611
1 0.442149 0.00103306 0.0371901 0.00206612 0.00189845
1 0.396694 0.00103306 0.0289256 0.00206612 0.00190578
0 0.548554 0.798554 0.035124 0.0392562 0.00610004
1 0.567149 0.994835 0.0309917 0.0103306 0.0143793
0 0.556818 0.869835 0.0309917 0.0247934 0.0181938
3 0.383264 0.658058 0.0309917 0.0309917 0.0403855
1 0.568182 0.996901 0.0289256 0.00619835 0.0683534
3 0.363636 0.661157 0.0289256 0.0289256 0.244295
0 0.543388 0.772727 0.0330578 0.0247934 0.747909
3 0.357438 0.666322 0.0206612 0.0268595 0.843256
2 0.384298 0.659091 0.0289256 0.0330578 0.908142
