1 0.453512 0.00103306 0.0268595 0.00206612 0.00104016
1 0.325413 0.00103306 0.035124 0.00206612 0.00106606
1 0.532025 0.00103306 0.0268595 0.00206612 0.00107344
1 0.563017 0.992769 0.0309917 0.0144628 0.00109045
0 0.569215 0.794421 0.0309917 0.0309917 0.00109345
1 0.597107 0.00103306 0.0371901 0.00206612 0.00113277
1 0.377066 0.00103306 0.0268595 0.00206612 0.00117735
1 0.553719 0.00103306 0.0371901 0.00206612 0.00124873
1 0.416322 0.00103306 0.0268595 0.00206612 0.00131142
1 0.478306 0.00103306 0.035124 0.00206612 0.00141988
1 0.364669 0.00103306 0.035124 0.00206612 0.00145532
1 0.517562 0.00103306 0.035124 0.00206612 0.00152742
1 0.43905 0.00103306 0.035124 0.00206612 0.00155555
1 0.401859 0.00103306 0.035124 0.00206612 0.00169222
2 0.870868 0.102273 0.072314 0.109504 0.00183446
2 0.700413 0.505165 0.0330578 0.035124 0.0348265
1 0.56405 0.995868 0.0289256 0.00826446 0.0471485
3 0.691116 0.517562 0.035124 0.035124 0.387365
0 0.571281 0.774793 0.0309917 0.0247934 0.752405
3 0.714876 0.492769 0.0247934 0.0227273 0.798705
2 0.690083 0.518595 0.0330578 0.0330578 0.857001
