1 0.453512 0.00103306 0.0268595 0.00206612 0.00100057
1 0.414256 0.00103306 0.0268595 0.00206612 0.00100135
0 0.520661 0.799587 0.0371901 0.0330578 0.00115075
1 0.569215 0.00103306 0.0268595 0.00206612 0.00119601
1 0.594008 0.00103306 0.035124 0.00206612 0.00122222
1 0.365702 0.00103306 0.0330578 0.00206612 0.00131174
1 0.517562 0.00103306 0.035124 0.00206612 0.00140033
1 0.478306 0.00103306 0.035124 0.00206612 0.00145801
1 0.556818 0.00103306 0.035124 0.00206612 0.00151754
1 0.441116 0.00103306 0.035124 0.00206612 0.00154259
1 0.401859 0.00103306 0.0309917 0.00206612 0.00170946
0 0.514463 0.758264 0.0371901 0.0247934 0.00200897
0 0.519628 0.780992 0.035124 0.0206612 0.00795364
3 0.423554 0.441116 0.0289256 0.0103306 0.00812971
1 0.552686 0.996901 0.0309917 0.00619835 0.036358
3 0.431818 0.478306 0.0330578 0.0227273 0.441328
3 0.420455 0.445248 0.0309917 0.0103306 0.730645
0 0.516529 0.768595 0.0330578 0.0247934 0.738645
2 0.431818 0.478306 0.0371901 0.0227273 0.865101
