1 0.28719 0.00103306 0.0371901 0.00206612 0.00100813
1 0.532025 0.00103306 0.0309917 0.00206612 0.0010101
1 0.673554 0.00206612 0.0413223 0.00413223 0.00105074
1 0.634298 0.00206612 0.0413223 0.00413223 0.00108715
1 0.492769 0.00103306 0.0309917 0.00206612 0.0011383
1 0.595041 0.00206612 0.0413223 0.00413223 0.00128568
1 0.453512 0.00103306 0.0309917 0.00206612 0.00138704
1 0.556818 0.00103306 0.0392562 0.00206612 0.00146321
3 0.575413 0.784091 0.035124 0.0144628 0.00150676
1 0.326446 0.00103306 0.0371901 0.00206612 0.0016985
1 0.479339 0.00103306 0.0371901 0.00206612 0.00176914
1 0.377066 0.00103306 0.0309917 0.00206612 0.00178467
1 0.338843 0.00103306 0.0289256 0.00206612 0.00179145
1 0.517562 0.00103306 0.0392562 0.00206612 0.00182456
1 0.416322 0.00103306 0.0309917 0.00206612 0.00191574
1 0.438017 0.00103306 0.0371901 0.00206612 0.00204724
1 0.365702 0.00103306 0.0371901 0.00206612 0.00239351
1 0.401859 0.00103306 0.035124 0.00206612 0.00240335
0 0.561983 0.994835 0.0330578 0.0103306 0.0362456
3 0.577479 0.818182 0.035124 0.0289256 0.118615
3 0.580579 0.791322 0.0289256 0.0123967 0.713012
2 0.576446 0.826446 0.0289256 0.0247934 0.848663
