1 0.338843 0.00103306 0.0247934 0.00206612 0.0010004
1 0.645661 0.00103306 0.0268595 0.00206612 0.00100221
1 0.416322 0.00103306 0.0268595 0.00206612 0.00100368
0 0.555785 0.783058 0.0330578 0.0247934 0.00119135
1 0.490702 0.00103306 0.0268595 0.00206612 0.00126244
1 0.453512 0.00103306 0.0268595 0.00206612 0.0012967
1 0.557851 0.992769 0.0289256 0.0144628 0.00129688
1 0.328512 0.00103306 0.0330578 0.00206612 0.00131398
1 0.633264 0.00103306 0.035124 0.00206612 0.00131468
1 0.376033 0.00103306 0.0247934 0.00206612 0.00137348
1 0.554752 0.00103306 0.035124 0.00206612 0.00139489
1 0.596074 0.00103306 0.035124 0.00206612 0.0014232
1 0.532025 0.00103306 0.0268595 0.00206612 0.00150742
1 0.517562 0.00103306 0.035124 0.00206612 0.00176054
1 0.402893 0.00103306 0.0330578 0.00206612 0.00178377
1 0.477273 0.00103306 0.0330578 0.00206612 0.00179809
1 0.363636 0.00103306 0.0330578 0.00206612 0.00185943
1 0.441116 0.00103306 0.035124 0.00206612 0.0019961
0 0.554752 0.828512 0.035124 0.0413223 0.00275206
0 0.554752 0.849174 0.035124 0.0330578 0.00306119
0 0.553719 0.809917 0.0289256 0.0413223 0.00358415
2 0.878099 0.102273 0.0578512 0.0971074 0.00359409
1 0.556818 0.996901 0.0309917 0.00619835 0.0462751
3 0.549587 0.466942 0.0289256 0.0247934 0.45686
3 0.549587 0.431818 0.0289256 0.0123967 0.768862
0 0.554752 0.774793 0.0309917 0.0247934 0.774318
2 0.549587 0.466942 0.0289256 0.0247934 0.867857
