1 0.595041 0.00206612 0.0413223 0.00413223 0.00116325
1 0.492769 0.00103306 0.0309917 0.00206612 0.00117819
1 0.416322 0.00103306 0.0309917 0.00206612 0.00118428
1 0.532025 0.00103306 0.0309917 0.00206612 0.00124243
1 0.377066 0.00103306 0.0309917 0.00206612 0.00127104
1 0.554752 0.00206612 0.0392562 0.00413223 0.00147154
1 0.338843 0.00103306 0.0289256 0.00206612 0.00150635
1 0.326446 0.00103306 0.0371901 0.00206612 0.00151597
1 0.453512 0.00103306 0.0309917 0.00206612 0.00163259
1 0.477273 0.00103306 0.0371901 0.00206612 0.00174244
1 0.363636 0.00103306 0.0371901 0.00206612 0.00177511
1 0.517562 0.00103306 0.0392562 0.00206612 0.00187732
1 0.402893 0.00103306 0.0371901 0.00206612 0.00187965
3 0.697314 0.923554 0.0227273 0.0289256 0.00197393
1 0.440083 0.00103306 0.0371901 0.00206612 0.00216102
3 0.725207 0.919421 0.0206612 0.0371901 0.0307341
3 0.702479 0.930785 0.0289256 0.035124 0.406821
3 0.731405 0.923554 0.0206612 0.0289256 0.738637
2 0.701446 0.929752 0.0268595 0.0330578 0.883773
