0 0.557851 0.88843 0.0330578 0.0247934 0.00107156
1 0.610537 0.00103306 0.0309917 0.00206612 0.00111218
0 0.554752 0.804752 0.0392562 0.0475207 0.00112296
1 0.376033 0.00103306 0.0289256 0.00206612 0.00119447
0 0.548554 0.808884 0.035124 0.0268595 0.00120722
0 0.557851 0.856405 0.0371901 0.0309917 0.00125038
1 0.530992 0.00103306 0.0289256 0.00206612 0.00126731
1 0.633264 0.00103306 0.0392562 0.00206612 0.00127076
1 0.555785 0.00103306 0.0371901 0.00206612 0.00151838
1 0.596074 0.00103306 0.0392562 0.00206612 0.00153293
1 0.416322 0.00103306 0.0268595 0.00206612 0.00166285
2 0.410124 0.57438 0.0309917 0.0289256 0.00169066
1 0.477273 0.00103306 0.0371901 0.00206612 0.00170279
1 0.518595 0.00103306 0.0371901 0.00206612 0.00171487
1 0.454545 0.00103306 0.0289256 0.00206612 0.00175847
0 0.557851 0.877066 0.0330578 0.0268595 0.00180416
1 0.326446 0.00103306 0.0330578 0.00206612 0.00182015
1 0.33781 0.00103306 0.0268595 0.00206612 0.00192027
1 0.362603 0.00103306 0.035124 0.00206612 0.00200085
1 0.402893 0.00103306 0.0330578 0.00206612 0.00205914
1 0.43905 0.00103306 0.035124 0.00206612 0.00223625
2 0.875 0.104339 0.0640496 0.0971074 0.00302035
0 0.552686 0.838843 0.0309917 0.0247934 0.00331569
1 0.56405 0.991736 0.0289256 0.0123967 0.00347629
1 0.567149 0.996901 0.0268595 0.00619835 0.0310437
3 0.403926 0.571281 0.0309917 0.0268595 0.083054
3 0.416322 0.583678 0.035124 0.0309917 0.29578
0 0.55062 0.822314 0.0309917 0.0247934 0.749152
3 0.390496 0.561983 0.0247934 0.0247934 0.831637
2 0.417355 0.582645 0.0330578 0.0330578 0.881155
