3 0.844008 0.98657 0.0392562 0.0227273 0.00101089
1 0.492769 0.00103306 0.0309917 0.00206612 0.00106661
1 0.667355 0.00206612 0.0330578 0.00413223 0.00107212
1 0.594008 0.00206612 0.0392562 0.00413223 0.00133809
1 0.532025 0.00103306 0.0309917 0.00206612 0.00135326
3 0.543388 0.804752 0.0247934 0.018595 0.00147011
1 0.453512 0.00103306 0.0309917 0.00206612 0.0015006
1 0.416322 0.00103306 0.0309917 0.00206612 0.00159189
1 0.556818 0.00103306 0.0392562 0.00206612 0.001615
1 0.478306 0.00103306 0.0392562 0.00206612 0.00173533
1 0.320248 0.00103306 0.0289256 0.00206612 0.00175348
1 0.363636 0.00103306 0.0371901 0.00206612 0.00180283
1 0.517562 0.00103306 0.0392562 0.00206612 0.00190553
1 0.33781 0.00103306 0.0309917 0.00206612 0.00195683
1 0.402893 0.00103306 0.0371901 0.00206612 0.00212437
1 0.440083 0.00103306 0.0371901 0.00206612 0.00218955
3 0.841942 0.996901 0.018595 0.00619835 0.00308771
3 0.839876 0.993802 0.0309917 0.0123967 0.00354587
0 0.555785 0.988636 0.0330578 0.0227273 0.00420382
3 0.547521 0.832645 0.0289256 0.0247934 0.0086396
0 0.556818 0.994835 0.0309917 0.0103306 0.0899241
3 0.544421 0.797521 0.0268595 0.0123967 0.79289
2 0.547521 0.831612 0.0289256 0.0227273 0.87555
