1 0.569215 0.00103306 0.0309917 0.00206612 0.00100558
1 0.608471 0.00103306 0.0309917 0.00206612 0.00101332
1 0.33781 0.00103306 0.0268595 0.00206612 0.00104265
1 0.532025 0.00103306 0.0309917 0.00206612 0.00107249
1 0.378099 0.00103306 0.0289256 0.00206612 0.00109429
1 0.672521 0.00206612 0.0392562 0.00413223 0.00112464
1 0.635331 0.00103306 0.0392562 0.00206612 0.00122513
2 0.872934 0.106405 0.0681818 0.10124 0.00123542
1 0.454545 0.00103306 0.0289256 0.00206612 0.00126121
1 0.594008 0.00103306 0.0392562 0.00206612 0.00134013
1 0.325413 0.00103306 0.035124 0.00206612 0.00144355
1 0.555785 0.993802 0.0289256 0.0123967 0.00152802
1 0.478306 0.00103306 0.035124 0.00206612 0.00158968
1 0.415289 0.00103306 0.0289256 0.00206612 0.00162074
1 0.555785 0.00103306 0.0371901 0.00206612 0.00163267
1 0.365702 0.00103306 0.0371901 0.00206612 0.00167747
1 0.518595 0.00103306 0.0371901 0.00206612 0.00171946
0 0.56095 0.809917 0.0309917 0.0247934 0.0018125
1 0.43905 0.00103306 0.035124 0.00206612 0.0019629
1 0.401859 0.00103306 0.035124 0.00206612 0.00207518
1 0.558884 0.996901 0.0309917 0.00619835 0.0668669
3 0.542355 0.569215 0.0309917 0.0268595 0.39802
3 0.539256 0.541322 0.0289256 0.0123967 0.705973
0 0.56095 0.821281 0.0309917 0.0227273 0.767219
2 0.542355 0.570248 0.0309917 0.0289256 0.907425
