1 0.570248 0.00103306 0.0330578 0.00206612 0.00102711
1 0.532025 0.00103306 0.0309917 0.00206612 0.00103006
1 0.377066 0.00103306 0.0309917 0.00206612 0.00112857
1 0.595041 0.00206612 0.0413223 0.00413223 0.00116594
1 0.492769 0.00103306 0.0309917 0.00206612 0.00118712
1 0.285124 0.00103306 0.0371901 0.00206612 0.00122773
1 0.454545 0.00103306 0.0289256 0.00206612 0.00130441
1 0.357438 0.00103306 0.0289256 0.00206612 0.00142327
1 0.556818 0.00103306 0.0392562 0.00206612 0.0014352
1 0.318182 0.00103306 0.0289256 0.00206612 0.00143807
1 0.260331 0.00103306 0.0289256 0.00206612 0.00148771
1 0.517562 0.00103306 0.0392562 0.00206612 0.00162994
1 0.478306 0.00103306 0.0392562 0.00206612 0.00165009
1 0.563017 0.991736 0.0309917 0.0165289 0.00167217
1 0.365702 0.00103306 0.0371901 0.00206612 0.00169542
2 0.31405 0.64876 0.0330578 0.0578512 0.00174347
1 0.438017 0.00103306 0.0371901 0.00206612 0.00211199
1 0.415289 0.00103306 0.0289256 0.00206612 0.0023621
1 0.402893 0.00103306 0.0371901 0.00206612 0.00248462
0 0.536157 0.779959 0.035124 0.0227273 0.0104946
0 0.529959 0.758264 0.0392562 0.0247934 0.0113103
1 0.56405 0.995868 0.0289256 0.00826446 0.0468221
3 0.304752 0.655992 0.0268595 0.0309917 0.074025
3 0.28719 0.660124 0.0330578 0.0309917 0.183636
0 0.533058 0.768595 0.0371901 0.0247934 0.746578
3 0.272727 0.66219 0.0165289 0.0268595 0.82929
2 0.304752 0.653926 0.0268595 0.0309917 0.855189
