1 0.555785 0.993802 0.0330578 0.0123967 0.00100042
1 0.665289 0.00103306 0.0289256 0.00206612 0.0010212
1 0.453512 0.00103306 0.0268595 0.00206612 0.00105448
1 0.636364 0.00103306 0.0371901 0.00206612 0.00108077
1 0.491736 0.00103306 0.0289256 0.00206612 0.00108291
1 0.568182 0.00103306 0.0289256 0.00206612 0.00117767
1 0.555785 0.00103306 0.0371901 0.00206612 0.00134224
1 0.365702 0.00103306 0.0330578 0.00206612 0.00138157
1 0.517562 0.00103306 0.035124 0.00206612 0.00141288
1 0.592975 0.00103306 0.0371901 0.00206612 0.00141773
0 0.52376 0.827479 0.035124 0.035124 0.0015188
1 0.478306 0.00103306 0.035124 0.00206612 0.00152104
1 0.414256 0.00103306 0.0268595 0.00206612 0.00163601
1 0.401859 0.00103306 0.035124 0.00206612 0.00181509
1 0.43905 0.00103306 0.035124 0.00206612 0.00184285
0 0.522727 0.801653 0.0371901 0.0247934 0.00194677
2 0.871901 0.10124 0.0578512 0.0909091 0.00746352
3 0.415289 0.464876 0.0330578 0.0165289 0.0283316
1 0.555785 0.996901 0.0289256 0.00619835 0.0384829
3 0.418388 0.480372 0.0433884 0.0227273 0.110242
3 0.423554 0.492769 0.0371901 0.0227273 0.403738
0 0.517562 0.782025 0.035124 0.0227273 0.75146
3 0.409091 0.459711 0.0289256 0.0144628 0.757852
2 0.422521 0.492769 0.035124 0.0227273 0.8738
