1 0.454545 0.00103306 0.0289256 0.00206612 0.0010896
1 0.492769 0.00103306 0.0309917 0.00206612 0.00115655
1 0.33781 0.00103306 0.0268595 0.00206612 0.00117707
1 0.591942 0.00103306 0.0392562 0.00206612 0.001236
1 0.325413 0.00103306 0.035124 0.00206612 0.00137915
1 0.555785 0.00103306 0.0371901 0.00206612 0.00141057
1 0.378099 0.00103306 0.0289256 0.00206612 0.00141779
1 0.569215 0.00103306 0.0309917 0.00206612 0.00144421
1 0.516529 0.00103306 0.0371901 0.00206612 0.00161382
1 0.479339 0.00103306 0.0371901 0.00206612 0.00173789
1 0.440083 0.00103306 0.0371901 0.00206612 0.00181056
1 0.364669 0.00103306 0.035124 0.00206612 0.00182585
1 0.415289 0.00103306 0.0289256 0.00206612 0.00201671
1 0.401859 0.00103306 0.035124 0.00206612 0.00224699
1 0.56095 0.993802 0.0309917 0.0123967 0.00510879
0 0.563017 0.805785 0.0309917 0.0247934 0.00577652
0 0.563017 0.828512 0.0309917 0.0206612 0.00733042
1 0.561983 0.996901 0.0289256 0.00619835 0.0387055
3 0.686983 0.56095 0.035124 0.035124 0.052768
0 0.563017 0.818182 0.0309917 0.0247934 0.791226
3 0.71281 0.535124 0.0247934 0.0247934 0.803463
2 0.686983 0.56095 0.035124 0.035124 0.898287
