0 0.548554 0.855372 0.035124 0.0289256 0.00106403
1 0.530992 0.00103306 0.0289256 0.00206612 0.00106757
1 0.634298 0.00103306 0.0371901 0.00206612 0.00108814
1 0.375 0.00103306 0.0268595 0.00206612 0.00111452
1 0.452479 0.00103306 0.0289256 0.00206612 0.00111997
1 0.328512 0.00103306 0.0330578 0.00206612 0.0011555
1 0.607438 0.00103306 0.0289256 0.00206612 0.00119299
1 0.338843 0.00103306 0.0247934 0.00206612 0.00122646
1 0.595041 0.00103306 0.0371901 0.00206612 0.00128747
1 0.555785 0.00103306 0.0371901 0.00206612 0.00129043
1 0.362603 0.00103306 0.035124 0.00206612 0.00141619
1 0.402893 0.00103306 0.0330578 0.00206612 0.001423
1 0.515496 0.00103306 0.035124 0.00206612 0.00162126
1 0.443182 0.00103306 0.035124 0.00206612 0.00164355
1 0.490702 0.00103306 0.0268595 0.00206612 0.00164746
1 0.478306 0.00103306 0.035124 0.00206612 0.00188823
3 0.487603 0.442149 0.0289256 0.0123967 0.00210178
0 0.542355 0.792355 0.0309917 0.0268595 0.00605623
1 0.556818 0.996901 0.0309917 0.00619835 0.0731682
3 0.495868 0.482438 0.0330578 0.0227273 0.428372
0 0.541322 0.778926 0.0289256 0.0247934 0.750424
3 0.489669 0.447314 0.0289256 0.0103306 0.762999
2 0.495868 0.482438 0.0330578 0.0227273 0.858595
