1 0.570248 0.00103306 0.0289256 0.00206612 0.00101521
1 0.645661 0.00103306 0.0309917 0.00206612 0.00114126
1 0.454545 0.00103306 0.0289256 0.00206612 0.00126549
1 0.530992 0.00103306 0.0289256 0.00206612 0.0012864
1 0.491736 0.00103306 0.0289256 0.00206612 0.00130774
1 0.595041 0.00103306 0.0371901 0.00206612 0.00131986
1 0.634298 0.00103306 0.0371901 0.00206612 0.00132978
1 0.555785 0.00103306 0.0371901 0.00206612 0.00143575
1 0.413223 0.00103306 0.0289256 0.00206612 0.00145013
1 0.328512 0.00103306 0.0330578 0.00206612 0.00149779
1 0.516529 0.00103306 0.0371901 0.00206612 0.00159791
1 0.338843 0.00103306 0.0247934 0.00206612 0.00160338
1 0.478306 0.00103306 0.035124 0.00206612 0.00169563
1 0.363636 0.00103306 0.0371901 0.00206612 0.00171391
0 0.55062 0.796488 0.035124 0.0268595 0.00176806
1 0.440083 0.00103306 0.0371901 0.00206612 0.00178979
1 0.396694 0.00103306 0.0289256 0.00206612 0.00180759
1 0.558884 0.996901 0.0309917 0.00619835 0.0798694
3 0.534091 0.515496 0.0309917 0.0268595 0.462356
0 0.551653 0.809917 0.0289256 0.0247934 0.743003
3 0.530992 0.479339 0.0289256 0.0123967 0.785797
2 0.533058 0.515496 0.0289256 0.0268595 0.8716
