1 0.570248 0.00103306 0.0330578 0.00206612 0.00107824
1 0.492769 0.00103306 0.0309917 0.00206612 0.00116819
1 0.378099 0.00103306 0.0289256 0.00206612 0.00118825
1 0.594008 0.00206612 0.0392562 0.00413223 0.00120884
1 0.453512 0.00103306 0.0309917 0.00206612 0.00123214
1 0.416322 0.00103306 0.0309917 0.00206612 0.00135934
1 0.556818 0.00103306 0.0392562 0.00206612 0.00144641
1 0.517562 0.00103306 0.0392562 0.00206612 0.00164941
1 0.478306 0.00103306 0.0392562 0.00206612 0.00166861
1 0.326446 0.00103306 0.0371901 0.00206612 0.00176797
1 0.338843 0.00103306 0.0289256 0.00206612 0.00177151
1 0.434917 0.00103306 0.0309917 0.00206612 0.00207653
1 0.402893 0.00103306 0.0371901 0.00206612 0.00209855
1 0.363636 0.00103306 0.0371901 0.00206612 0.0021069
0 0.559917 0.985537 0.0330578 0.0247934 0.00233216
0 0.561983 0.993802 0.0330578 0.0123967 0.208617
3 0.53719 0.779959 0.0330578 0.0309917 0.224994
3 0.533058 0.755165 0.0289256 0.0268595 0.268541
3 0.533058 0.75 0.0289256 0.0123967 0.752175
2 0.538223 0.786157 0.0309917 0.0227273 0.868112
