1 0.634298 0.00206612 0.0413223 0.00413223 0.00111085
1 0.492769 0.00103306 0.0309917 0.00206612 0.00111463
1 0.377066 0.00103306 0.0309917 0.00206612 0.00113653
1 0.454545 0.00103306 0.0289256 0.00206612 0.00113887
1 0.416322 0.00103306 0.0309917 0.00206612 0.00139603
1 0.556818 0.00103306 0.0392562 0.00206612 0.00143896
0 0.552686 0.983471 0.0309917 0.0247934 0.00145502
1 0.595041 0.00206612 0.0413223 0.00413223 0.00148434
1 0.338843 0.00103306 0.0289256 0.00206612 0.00158702
1 0.363636 0.00103306 0.0371901 0.00206612 0.00176116
1 0.479339 0.00103306 0.0371901 0.00206612 0.00177306
1 0.318182 0.00103306 0.0289256 0.00206612 0.00177431
1 0.517562 0.00103306 0.0392562 0.00206612 0.00181961
1 0.402893 0.00103306 0.0371901 0.00206612 0.00198647
1 0.440083 0.00103306 0.0371901 0.00206612 0.00201885
0 0.551653 0.992769 0.0330578 0.0144628 0.247538
3 0.487603 0.697314 0.0330578 0.0227273 0.447709
3 0.477273 0.664256 0.0289256 0.0103306 0.789323
2 0.48657 0.698347 0.035124 0.0206612 0.878335
