0 0.0516529 0.164256 0.0454545 0.0929752 0.00100648
1 0.570248 0.00103306 0.0330578 0.00206612 0.00111408
1 0.453512 0.00103306 0.0309917 0.00206612 0.00118381
1 0.289256 0.00103306 0.0371901 0.00206612 0.00120382
1 0.375 0.00103306 0.0309917 0.00206612 0.00120648
1 0.30062 0.00103306 0.0309917 0.00206612 0.00125747
1 0.594008 0.00206612 0.0392562 0.00413223 0.00129638
1 0.417355 0.00103306 0.0289256 0.00206612 0.00138782
1 0.338843 0.00103306 0.0289256 0.00206612 0.00148758
1 0.556818 0.00103306 0.0392562 0.00206612 0.00151232
1 0.363636 0.00103306 0.0371901 0.00206612 0.00170559
1 0.492769 0.00103306 0.0309917 0.00206612 0.00181371
1 0.32438 0.00103306 0.0371901 0.00206612 0.00182454
1 0.516529 0.00103306 0.0371901 0.00206612 0.0018838
1 0.440083 0.00103306 0.0371901 0.00206612 0.00193749
1 0.478306 0.00103306 0.0392562 0.00206612 0.00195934
1 0.403926 0.00103306 0.035124 0.00206612 0.00201424
0 0.563017 0.988636 0.035124 0.0227273 0.00617054
3 0.539256 0.748967 0.0289256 0.0103306 0.00911163
0 0.56405 0.994835 0.0330578 0.0103306 0.0806788
3 0.540289 0.78719 0.0309917 0.0247934 0.0943481
2 0.53719 0.755165 0.0289256 0.0144628 0.195084
3 0.536157 0.753099 0.0268595 0.0103306 0.72023
2 0.540289 0.788223 0.0309917 0.0227273 0.8432
