1 0.494835 0.00103306 0.0309917 0.00206612 0.00102362
1 0.635331 0.00206612 0.0433884 0.00413223 0.00103071
0 0.558884 0.975207 0.035124 0.0289256 0.00108712
1 0.570248 0.00103306 0.0330578 0.00206612 0.00111042
1 0.454545 0.00103306 0.0289256 0.00206612 0.00120164
1 0.595041 0.00206612 0.0413223 0.00413223 0.0012888
1 0.377066 0.00103306 0.0309917 0.00206612 0.00135607
1 0.554752 0.00103306 0.0392562 0.00206612 0.00141413
1 0.415289 0.00103306 0.0289256 0.00206612 0.00178634
1 0.480372 0.00103306 0.0392562 0.00206612 0.00179726
1 0.511364 0.00103306 0.0309917 0.00206612 0.00197155
1 0.401859 0.00103306 0.035124 0.00206612 0.00204474
1 0.43905 0.00103306 0.035124 0.00206612 0.00205232
1 0.363636 0.00103306 0.0371901 0.00206612 0.00209106
1 0.320248 0.00103306 0.0289256 0.00206612 0.00226044
1 0.336777 0.00103306 0.0289256 0.00206612 0.00229774
0 0.556818 0.98657 0.035124 0.0227273 0.00496197
3 0.559917 0.788223 0.0289256 0.0103306 0.00962034
3 0.558884 0.827479 0.0309917 0.0227273 0.0152091
0 0.557851 0.994835 0.0330578 0.0103306 0.109703
3 0.558884 0.792355 0.0268595 0.0103306 0.72972
2 0.558884 0.826446 0.0309917 0.0247934 0.8405
