1 0.260331 0.00103306 0.0289256 0.00206612 0.00101519
1 0.607438 0.00103306 0.0330578 0.00206612 0.00107197
1 0.594008 0.00206612 0.0392562 0.00413223 0.00135154
1 0.377066 0.00103306 0.0309917 0.00206612 0.00139592
1 0.532025 0.00103306 0.0309917 0.00206612 0.00140483
1 0.492769 0.00103306 0.0309917 0.00206612 0.00143569
1 0.554752 0.00103306 0.0392562 0.00206612 0.00146827
1 0.454545 0.00103306 0.0289256 0.00206612 0.00147069
1 0.415289 0.00103306 0.0289256 0.00206612 0.00150858
1 0.327479 0.00103306 0.035124 0.00206612 0.00183496
1 0.516529 0.00103306 0.0371901 0.00206612 0.00191514
1 0.401859 0.00103306 0.035124 0.00206612 0.00192234
1 0.478306 0.00103306 0.0392562 0.00206612 0.00194336
1 0.338843 0.00103306 0.0289256 0.00206612 0.00199564
1 0.440083 0.00103306 0.0371901 0.00206612 0.00210451
1 0.363636 0.00103306 0.0371901 0.00206612 0.00216815
1 0.572314 0.995868 0.0330578 0.00826446 0.00591349
0 0.573347 0.995868 0.0309917 0.00826446 0.00678158
3 0.628099 0.839876 0.0330578 0.0268595 0.299004
3 0.643595 0.809917 0.0268595 0.0165289 0.786183
2 0.629132 0.841942 0.0309917 0.0268595 0.881096
