1 0.530992 0.00103306 0.0289256 0.00206612 0.00101144
0 0.565083 0.862603 0.0309917 0.0309917 0.00103824
1 0.635331 0.00206612 0.0392562 0.00413223 0.00113275
1 0.673554 0.00103306 0.0371901 0.00206612 0.00114553
1 0.570248 0.00103306 0.0289256 0.00206612 0.00125433
1 0.33781 0.00103306 0.0268595 0.00206612 0.00127836
1 0.377066 0.00103306 0.0268595 0.00206612 0.00130524
1 0.493802 0.00103306 0.0289256 0.00206612 0.00136066
1 0.556818 0.00103306 0.0392562 0.00206612 0.00142098
3 0.642562 0.553719 0.0330578 0.0289256 0.00142912
1 0.327479 0.00103306 0.035124 0.00206612 0.00147902
1 0.594008 0.00103306 0.0392562 0.00206612 0.00149188
1 0.415289 0.00103306 0.0289256 0.00206612 0.00153335
1 0.454545 0.00103306 0.0289256 0.00206612 0.00159727
2 0.870868 0.107438 0.0681818 0.0991736 0.00174684
1 0.516529 0.00103306 0.0371901 0.00206612 0.00179425
1 0.479339 0.00103306 0.0371901 0.00206612 0.00181834
1 0.364669 0.00103306 0.035124 0.00206612 0.00183323
3 0.680785 0.996901 0.0268595 0.00619835 0.00190232
0 0.56405 0.806818 0.0330578 0.0268595 0.00195032
1 0.440083 0.00103306 0.0371901 0.00206612 0.00203536
1 0.401859 0.00103306 0.035124 0.00206612 0.00208983
1 0.559917 0.993802 0.0289256 0.0123967 0.0022429
0 0.563017 0.828512 0.0309917 0.0206612 0.0076207
1 0.559917 0.996901 0.0289256 0.00619835 0.113887
3 0.63843 0.566116 0.0330578 0.0330578 0.382094
3 0.654959 0.544421 0.0247934 0.0227273 0.785461
0 0.563017 0.819215 0.0309917 0.0227273 0.811903
2 0.63843 0.566116 0.0330578 0.0330578 0.894871
