1 0.634298 0.00206612 0.0413223 0.00413223 0.00103757
1 0.492769 0.00103306 0.0309917 0.00206612 0.00105002
1 0.289256 0.00103306 0.0371901 0.00206612 0.00105697
1 0.33781 0.00103306 0.0309917 0.00206612 0.00124424
1 0.455579 0.00103306 0.0309917 0.00206612 0.00125325
1 0.530992 0.00103306 0.0330578 0.00206612 0.00137594
1 0.588843 0.00103306 0.0330578 0.00206612 0.00141793
0 0.534091 0.748967 0.0392562 0.0309917 0.00144471
1 0.556818 0.00103306 0.0392562 0.00206612 0.00144771
1 0.377066 0.00103306 0.0309917 0.00206612 0.00158511
1 0.415289 0.00103306 0.0289256 0.00206612 0.00158586
1 0.478306 0.00103306 0.0392562 0.00206612 0.00181523
1 0.516529 0.00103306 0.0371901 0.00206612 0.00184414
1 0.440083 0.00103306 0.0371901 0.00206612 0.00196381
1 0.364669 0.00103306 0.035124 0.00206612 0.00203831
1 0.318182 0.00103306 0.0289256 0.00206612 0.00214294
1 0.401859 0.00103306 0.035124 0.00206612 0.00217682
0 0.538223 0.782025 0.035124 0.0268595 0.00264083
0 0.547521 0.869835 0.0413223 0.0495868 0.00264812
0 0.547521 0.862603 0.0330578 0.0268595 0.002746
0 0.55062 0.875 0.0309917 0.0227273 0.00520342
1 0.556818 0.993802 0.0309917 0.0123967 0.00886502
2 0.349174 0.728306 0.0330578 0.035124 0.131061
3 0.348141 0.730372 0.0309917 0.0309917 0.165796
1 0.557851 0.996901 0.0289256 0.00619835 0.17086
3 0.358471 0.720041 0.035124 0.035124 0.438829
0 0.535124 0.76343 0.0371901 0.0268595 0.735778
3 0.335744 0.744835 0.0227273 0.0227273 0.852838
2 0.358471 0.719008 0.035124 0.0330578 0.888098
