1 0.634298 0.00206612 0.0413223 0.00413223 0.00101136
1 0.609504 0.00206612 0.0330578 0.00413223 0.00102309
1 0.530992 0.00103306 0.0330578 0.00206612 0.0010775
1 0.596074 0.00206612 0.0392562 0.00413223 0.00126412
1 0.554752 0.00103306 0.0392562 0.00206612 0.00127858
0 0.0526859 0.165289 0.0433884 0.0950413 0.0012878
0 0.579545 0.818182 0.035124 0.0371901 0.00135018
0 0.577479 0.871901 0.0309917 0.0289256 0.00145502
1 0.492769 0.00103306 0.0309917 0.00206612 0.00151219
1 0.415289 0.00103306 0.0289256 0.00206612 0.00152544
1 0.33781 0.00103306 0.0309917 0.00206612 0.00155916
1 0.326446 0.00103306 0.0371901 0.00206612 0.00157312
1 0.377066 0.00103306 0.0309917 0.00206612 0.00161286
1 0.440083 0.00103306 0.0371901 0.00206612 0.00177099
1 0.516529 0.00103306 0.0371901 0.00206612 0.00177664
1 0.364669 0.00103306 0.035124 0.00206612 0.00183023
1 0.479339 0.00103306 0.0371901 0.00206612 0.00192763
1 0.400826 0.00103306 0.0371901 0.00206612 0.00202984
0 0.577479 0.854339 0.0268595 0.0392562 0.00245181
0 0.580579 0.804752 0.0330578 0.0309917 0.00246564
0 0.578512 0.840909 0.0330578 0.0454545 0.00509219
0 0.581612 0.793388 0.0309917 0.0289256 0.00929344
1 0.570248 0.993802 0.0289256 0.00826446 0.0211475
0 0.582645 0.767562 0.0289256 0.0268595 0.0407855
1 0.571281 0.996901 0.0268595 0.00619835 0.106836
3 0.71281 0.649793 0.0289256 0.0309917 0.244734
0 0.583678 0.77686 0.0309917 0.0247934 0.753378
3 0.734504 0.654959 0.018595 0.0289256 0.76765
2 0.710744 0.649793 0.0289256 0.0309917 0.882966
