1 0.570248 0.00103306 0.0330578 0.00206612 0.00101041
1 0.492769 0.00103306 0.0309917 0.00206612 0.00102292
1 0.673554 0.00206612 0.0413223 0.00413223 0.00109606
1 0.33781 0.00103306 0.0268595 0.00206612 0.00124941
1 0.68595 0.00206612 0.0330578 0.00413223 0.00138805
1 0.594008 0.00103306 0.0392562 0.00206612 0.00146932
1 0.517562 0.00103306 0.0392562 0.00206612 0.00152872
1 0.416322 0.00103306 0.0309917 0.00206612 0.00157313
1 0.326446 0.00103306 0.0371901 0.00206612 0.00159653
1 0.556818 0.00206612 0.0392562 0.00413223 0.00160064
1 0.377066 0.00103306 0.0309917 0.00206612 0.00164815
1 0.477273 0.00103306 0.0371901 0.00206612 0.00171846
1 0.453512 0.00103306 0.0309917 0.00206612 0.00182444
1 0.365702 0.00103306 0.0371901 0.00206612 0.00198133
1 0.440083 0.00103306 0.0371901 0.00206612 0.00206156
1 0.401859 0.00103306 0.035124 0.00206612 0.00221801
0 0.559917 0.991736 0.0371901 0.0165289 0.00225028
1 0.566116 0.995868 0.0330578 0.00826446 0.0121447
0 0.566116 0.995868 0.0330578 0.00826446 0.0134401
3 0.608471 0.817149 0.0309917 0.0227273 0.0336722
3 0.603306 0.840909 0.0330578 0.0289256 0.373515
3 0.613636 0.806818 0.0289256 0.0144628 0.712763
2 0.603306 0.841942 0.0330578 0.0268595 0.872855
