1 0.326446 0.00103306 0.0330578 0.00206612 0.00102957
1 0.33781 0.00103306 0.0268595 0.00206612 0.00103357
1 0.492769 0.00103306 0.0268595 0.00206612 0.00109174
1 0.68595 0.00103306 0.0247934 0.00206612 0.00111447
1 0.672521 0.00103306 0.035124 0.00206612 0.00118471
0 0.56095 0.784091 0.0309917 0.0227273 0.00126063
1 0.634298 0.00103306 0.0371901 0.00206612 0.00131765
1 0.363636 0.00103306 0.0330578 0.00206612 0.00135113
1 0.555785 0.00103306 0.0371901 0.00206612 0.00137294
1 0.416322 0.00103306 0.0268595 0.00206612 0.00138612
1 0.596074 0.00103306 0.035124 0.00206612 0.00149134
1 0.56095 0.993802 0.0268595 0.0123967 0.00149851
1 0.517562 0.00103306 0.035124 0.00206612 0.00151944
1 0.479339 0.00103306 0.0330578 0.00206612 0.00152233
1 0.403926 0.00103306 0.035124 0.00206612 0.00159322
1 0.440083 0.00103306 0.0330578 0.00206612 0.00175179
0 0.561983 0.827479 0.0371901 0.0516529 0.00178149
3 0.578512 0.456612 0.0413223 0.0206612 0.00178844
0 0.56095 0.757231 0.0309917 0.0268595 0.00204996
0 0.559917 0.852273 0.0330578 0.0268595 0.00212928
0 0.559917 0.803719 0.0289256 0.0413223 0.00248003
1 0.559917 0.996901 0.0289256 0.00619835 0.051072
3 0.569215 0.490702 0.0309917 0.0268595 0.415274
0 0.56095 0.77376 0.0309917 0.0227273 0.747883
3 0.570248 0.458678 0.0289256 0.0123967 0.762692
2 0.568182 0.492769 0.0289256 0.0268595 0.87116
