1 0.570248 0.00103306 0.0330578 0.00206612 0.00103791
1 0.532025 0.00103306 0.0309917 0.00206612 0.0010387
1 0.288223 0.00103306 0.0392562 0.00206612 0.00105039
1 0.378099 0.00103306 0.0289256 0.00206612 0.00112487
1 0.454545 0.00103306 0.0289256 0.00206612 0.00124816
1 0.594008 0.00206612 0.0392562 0.00413223 0.00126123
0 0.0526859 0.163223 0.0433884 0.0909091 0.00128117
1 0.556818 0.00206612 0.0392562 0.00413223 0.00154903
1 0.478306 0.00103306 0.0392562 0.00206612 0.00158752
1 0.518595 0.00103306 0.0371901 0.00206612 0.00161383
1 0.338843 0.00103306 0.0289256 0.00206612 0.00186032
1 0.325413 0.00103306 0.035124 0.00206612 0.00187066
1 0.364669 0.00103306 0.035124 0.00206612 0.0019237
1 0.402893 0.00103306 0.0371901 0.00206612 0.00203666
1 0.43905 0.00103306 0.035124 0.00206612 0.00205971
1 0.415289 0.00103306 0.0289256 0.00206612 0.00208324
0 0.563017 0.970041 0.0309917 0.0268595 0.0356113
3 0.527893 0.681818 0.0309917 0.0247934 0.333252
0 0.56405 0.980372 0.0330578 0.0227273 0.75961
3 0.522727 0.646694 0.0289256 0.0123967 0.78741
2 0.52686 0.682851 0.0330578 0.0227273 0.856663
