0 0.566116 0.827479 0.0330578 0.0268595 0.00102247
1 0.592975 0.00103306 0.0371901 0.00206612 0.00109023
1 0.569215 0.00103306 0.0309917 0.00206612 0.00114884
0 0.567149 0.797521 0.0309917 0.0330578 0.00115749
1 0.326446 0.00103306 0.0330578 0.00206612 0.00124573
1 0.492769 0.00103306 0.0268595 0.00206612 0.00129236
0 0.566116 0.826446 0.0371901 0.053719 0.00137844
1 0.362603 0.00103306 0.035124 0.00206612 0.00138099
1 0.555785 0.00103306 0.0371901 0.00206612 0.00138605
1 0.479339 0.00103306 0.0371901 0.00206612 0.00139773
1 0.403926 0.00103306 0.035124 0.00206612 0.00148939
1 0.416322 0.00103306 0.0268595 0.00206612 0.00153902
1 0.43905 0.00103306 0.035124 0.00206612 0.00162662
1 0.517562 0.00103306 0.035124 0.00206612 0.0017746
1 0.338843 0.00103306 0.0247934 0.00206612 0.0020815
2 0.69938 0.503099 0.0309917 0.0392562 0.00247573
1 0.559917 0.992769 0.0330578 0.0144628 0.00415075
3 0.69938 0.494835 0.0268595 0.0227273 0.00991875
1 0.563017 0.996901 0.0268595 0.00619835 0.0266803
3 0.68595 0.515496 0.0330578 0.035124 0.401204
0 0.567149 0.77376 0.0309917 0.0227273 0.742331
3 0.709711 0.488636 0.0227273 0.0227273 0.818723
2 0.684917 0.516529 0.035124 0.0330578 0.912821
