1 0.530992 0.00103306 0.0289256 0.00206612 0.00103576
1 0.592975 0.00103306 0.0371901 0.00206612 0.0010828
1 0.364669 0.00103306 0.035124 0.00206612 0.00120815
1 0.56095 0.992769 0.0309917 0.0144628 0.0012083
1 0.491736 0.00103306 0.0289256 0.00206612 0.00130728
1 0.553719 0.00103306 0.0371901 0.00206612 0.00138347
1 0.414256 0.00103306 0.0268595 0.00206612 0.00140911
0 0.572314 0.758264 0.0330578 0.0289256 0.00144681
1 0.555785 0.995868 0.0330578 0.00826446 0.00145469
1 0.403926 0.00103306 0.035124 0.00206612 0.00150671
1 0.516529 0.00103306 0.0371901 0.00206612 0.0015125
1 0.473141 0.00103306 0.0289256 0.00206612 0.00168248
1 0.441116 0.00103306 0.035124 0.00206612 0.00181359
0 0.569215 0.795455 0.0309917 0.0330578 0.00202724
0 0.566116 0.823347 0.0371901 0.0433884 0.00211407
2 0.69938 0.503099 0.0309917 0.0392562 0.00305375
3 0.69938 0.496901 0.0268595 0.0227273 0.00483603
1 0.563017 0.996901 0.0268595 0.00619835 0.0497796
3 0.68595 0.515496 0.0330578 0.035124 0.398778
0 0.569215 0.77376 0.0309917 0.0227273 0.728604
3 0.709711 0.490702 0.0227273 0.0227273 0.819325
2 0.684917 0.516529 0.035124 0.0330578 0.914456
