1 0.454545 0.00103306 0.0289256 0.00206612 0.00106159
1 0.635331 0.00206612 0.0392562 0.00413223 0.00106679
2 0.873967 0.106405 0.0702479 0.109504 0.001199
1 0.596074 0.00103306 0.0392562 0.00206612 0.00122276
1 0.339876 0.00103306 0.0268595 0.00206612 0.00127117
1 0.555785 0.00103306 0.0371901 0.00206612 0.0012904
1 0.329545 0.00103306 0.035124 0.00206612 0.00136558
1 0.490702 0.00103306 0.0309917 0.00206612 0.00138449
1 0.376033 0.00103306 0.0289256 0.00206612 0.00155345
1 0.516529 0.00103306 0.0371901 0.00206612 0.00158719
1 0.415289 0.00103306 0.0289256 0.00206612 0.00162182
1 0.477273 0.00103306 0.0371901 0.00206612 0.00168273
1 0.440083 0.00103306 0.0371901 0.00206612 0.00184135
1 0.401859 0.00103306 0.035124 0.00206612 0.00188401
1 0.357438 0.00103306 0.0289256 0.00206612 0.00212268
1 0.563017 0.990702 0.035124 0.018595 0.00221843
0 0.558884 0.936983 0.0433884 0.0268595 0.00273122
2 0.511364 0.566116 0.0309917 0.0247934 0.00428972
0 0.553719 0.885331 0.0330578 0.0227273 0.0133335
1 0.565083 0.996901 0.0309917 0.00619835 0.0201787
3 0.514463 0.580579 0.0330578 0.0247934 0.4577
3 0.510331 0.546488 0.0289256 0.0103306 0.741803
0 0.552686 0.877066 0.0309917 0.0227273 0.781237
2 0.51343 0.579545 0.0309917 0.0227273 0.868966
