1 0.492769 0.00103306 0.0309917 0.00206612 0.0010667
1 0.416322 0.00103306 0.0309917 0.00206612 0.00112163
1 0.378099 0.00103306 0.0289256 0.00206612 0.00124619
3 0.53719 0.77686 0.0289256 0.0123967 0.00129836
0 0.561983 0.975207 0.0371901 0.0289256 0.00132656
1 0.592975 0.00206612 0.0413223 0.00413223 0.00138501
1 0.454545 0.00103306 0.0289256 0.00206612 0.00138918
1 0.517562 0.00103306 0.0392562 0.00206612 0.001597
1 0.570248 0.00103306 0.0330578 0.00206612 0.00164227
1 0.556818 0.00103306 0.0392562 0.00206612 0.00169657
1 0.338843 0.00103306 0.0289256 0.00206612 0.00173013
1 0.477273 0.00103306 0.0371901 0.00206612 0.00181951
1 0.402893 0.00103306 0.0371901 0.00206612 0.00187872
1 0.325413 0.00103306 0.035124 0.00206612 0.00197955
1 0.442149 0.00103306 0.0371901 0.00206612 0.0020229
1 0.363636 0.00103306 0.0371901 0.00206612 0.00205493
0 0.561983 0.987603 0.0371901 0.0206612 0.00897717
0 0.563017 0.994835 0.0309917 0.0103306 0.0837224
3 0.545455 0.817149 0.0289256 0.0227273 0.37838
3 0.541322 0.782025 0.0289256 0.0103306 0.789679
2 0.545455 0.817149 0.0289256 0.0227273 0.881596
