1 0.376033 0.00103306 0.0289256 0.00206612 0.00100799
1 0.634298 0.00103306 0.0371901 0.00206612 0.00111321
1 0.673554 0.00103306 0.0371901 0.00206612 0.00113369
1 0.532025 0.00103306 0.0309917 0.00206612 0.00114347
1 0.454545 0.00103306 0.0289256 0.00206612 0.00115619
1 0.491736 0.00103306 0.0289256 0.00206612 0.00118688
0 0.561983 0.809917 0.0289256 0.0247934 0.00140959
1 0.319215 0.00103306 0.0268595 0.00206612 0.00144255
1 0.58781 0.00103306 0.0309917 0.00206612 0.00146849
1 0.338843 0.00103306 0.0289256 0.00206612 0.00154714
1 0.415289 0.00103306 0.0289256 0.00206612 0.00156151
1 0.555785 0.00103306 0.0371901 0.00206612 0.00156956
1 0.478306 0.00103306 0.035124 0.00206612 0.00163455
1 0.327479 0.00103306 0.035124 0.00206612 0.00172808
1 0.517562 0.00103306 0.035124 0.00206612 0.00183059
1 0.401859 0.00103306 0.035124 0.00206612 0.00183975
1 0.357438 0.00103306 0.0289256 0.00206612 0.00192712
1 0.440083 0.00103306 0.0371901 0.00206612 0.0020139
1 0.56095 0.993802 0.0309917 0.0123967 0.00596093
1 0.559917 0.996901 0.0289256 0.00619835 0.0476879
3 0.539256 0.570248 0.0330578 0.0289256 0.412668
3 0.535124 0.542355 0.0289256 0.0144628 0.77916
0 0.561983 0.820248 0.0330578 0.0247934 0.78357
2 0.539256 0.570248 0.0330578 0.0289256 0.864074
