1 0.492769 0.00103306 0.0309917 0.00206612 0.00102094
1 0.532025 0.00103306 0.0309917 0.00206612 0.00102351
1 0.634298 0.00206612 0.0413223 0.00413223 0.00104079
1 0.377066 0.00103306 0.0309917 0.00206612 0.00106875
1 0.338843 0.00103306 0.0289256 0.00206612 0.00110891
1 0.594008 0.00206612 0.0392562 0.00413223 0.00119561
1 0.570248 0.00103306 0.0330578 0.00206612 0.00120548
1 0.454545 0.00103306 0.0289256 0.00206612 0.00135061
1 0.325413 0.00103306 0.035124 0.00206612 0.00141999
2 0.313017 0.641529 0.0268595 0.0433884 0.00143211
1 0.556818 0.00103306 0.0392562 0.00206612 0.00144723
1 0.517562 0.00103306 0.0392562 0.00206612 0.00160949
1 0.364669 0.00103306 0.035124 0.00206612 0.00171248
1 0.477273 0.00103306 0.0371901 0.00206612 0.00177976
1 0.416322 0.00103306 0.0309917 0.00206612 0.00196406
0 0.55062 0.862603 0.035124 0.0268595 0.00219339
1 0.402893 0.00103306 0.0371901 0.00206612 0.00222788
1 0.440083 0.00103306 0.0371901 0.00206612 0.00232417
0 0.536157 0.779959 0.035124 0.0227273 0.00253916
1 0.563017 0.994835 0.0309917 0.0103306 0.018808
1 0.566116 0.996901 0.0289256 0.00619835 0.0612966
3 0.269628 0.65186 0.0144628 0.0309917 0.632914
0 0.533058 0.764463 0.0371901 0.0247934 0.738206
2 0.303719 0.646694 0.0247934 0.0330578 0.878591
