1 0.610537 0.00103306 0.0309917 0.00206612 0.00105417
1 0.673554 0.00103306 0.0371901 0.00206612 0.00109824
1 0.633264 0.00103306 0.0392562 0.00206612 0.00112608
1 0.491736 0.00103306 0.0289256 0.00206612 0.00114854
1 0.319215 0.00103306 0.0268595 0.00206612 0.00115669
1 0.33781 0.00103306 0.0268595 0.00206612 0.00121399
1 0.415289 0.00103306 0.0289256 0.00206612 0.0012503
1 0.569215 0.00103306 0.0309917 0.00206612 0.00128451
1 0.377066 0.00103306 0.0268595 0.00206612 0.00135957
0 0.56095 0.86157 0.0309917 0.0289256 0.00144634
1 0.595041 0.00103306 0.0371901 0.00206612 0.00160787
1 0.517562 0.00103306 0.035124 0.00206612 0.00163811
1 0.555785 0.00103306 0.0371901 0.00206612 0.00164272
1 0.326446 0.00103306 0.0330578 0.00206612 0.00165022
1 0.454545 0.00103306 0.0289256 0.00206612 0.00167012
1 0.477273 0.00103306 0.0371901 0.00206612 0.00175035
1 0.364669 0.00103306 0.035124 0.00206612 0.00187434
1 0.401859 0.00103306 0.035124 0.00206612 0.0020278
1 0.441116 0.00103306 0.035124 0.00206612 0.00205817
0 0.557851 0.852273 0.0371901 0.0268595 0.00209047
1 0.563017 0.992769 0.0309917 0.0103306 0.00355881
3 0.46281 0.56405 0.0289256 0.0289256 0.0185615
0 0.553719 0.816116 0.0330578 0.0247934 0.0299594
0 0.556818 0.83781 0.0309917 0.0227273 0.0314229
1 0.56405 0.996901 0.0289256 0.00619835 0.0355643
3 0.470041 0.573347 0.035124 0.0309917 0.428296
0 0.554752 0.826446 0.0309917 0.0247934 0.733404
3 0.455579 0.548554 0.0268595 0.018595 0.827115
2 0.471074 0.575413 0.0330578 0.0309917 0.886321
