1 0.635331 0.00103306 0.035124 0.00206612 0.0010181
1 0.491736 0.00103306 0.0289256 0.00206612 0.00106963
1 0.377066 0.00103306 0.0268595 0.00206612 0.00110633
1 0.595041 0.00103306 0.0371901 0.00206612 0.00116408
1 0.554752 0.00103306 0.035124 0.00206612 0.00131421
1 0.530992 0.00103306 0.0289256 0.00206612 0.00132991
1 0.480372 0.00103306 0.035124 0.00206612 0.00133401
1 0.365702 0.00103306 0.0330578 0.00206612 0.00142091
1 0.43905 0.00103306 0.035124 0.00206612 0.0015864
1 0.415289 0.00103306 0.0247934 0.00206612 0.00176352
1 0.517562 0.00103306 0.035124 0.00206612 0.00179151
1 0.547521 0.994835 0.0330578 0.0103306 0.0018484
1 0.402893 0.00103306 0.0330578 0.00206612 0.00185104
0 0.522727 0.782025 0.0371901 0.0268595 0.00240353
0 0.515496 0.772727 0.035124 0.0247934 0.00590421
1 0.553719 0.996901 0.0289256 0.00619835 0.0506831
3 0.428719 0.464876 0.035124 0.0247934 0.433144
0 0.515496 0.757231 0.035124 0.0227273 0.751112
3 0.417355 0.432851 0.0289256 0.0144628 0.823807
2 0.429752 0.464876 0.0330578 0.0247934 0.885059
