1 0.326446 0.00103306 0.0330578 0.00206612 0.00103216
1 0.453512 0.00103306 0.0268595 0.00206612 0.00107264
1 0.490702 0.00103306 0.0268595 0.00206612 0.00110223
1 0.636364 0.00103306 0.0371901 0.00206612 0.00118204
1 0.569215 0.00103306 0.0268595 0.00206612 0.00122896
2 0.871901 0.100207 0.0743802 0.121901 0.00135702
1 0.594008 0.00103306 0.035124 0.00206612 0.00136758
1 0.364669 0.00103306 0.035124 0.00206612 0.0013905
1 0.517562 0.00103306 0.035124 0.00206612 0.0014456
1 0.478306 0.00103306 0.035124 0.00206612 0.0015208
1 0.556818 0.00103306 0.035124 0.00206612 0.00152286
1 0.415289 0.00103306 0.0247934 0.00206612 0.00164925
1 0.402893 0.00103306 0.0330578 0.00206612 0.00184438
1 0.43905 0.00103306 0.035124 0.00206612 0.00190235
0 0.515496 0.769628 0.035124 0.0268595 0.00339921
0 0.518595 0.791322 0.0371901 0.0247934 0.00575745
1 0.553719 0.996901 0.0330578 0.00619835 0.0629695
3 0.426653 0.485537 0.035124 0.0247934 0.43528
0 0.517562 0.777893 0.035124 0.0227273 0.768348
3 0.414256 0.452479 0.0309917 0.0123967 0.773006
2 0.426653 0.48657 0.035124 0.0227273 0.9017
