1 0.635331 0.00206612 0.0433884 0.00413223 0.00104933
1 0.530992 0.00103306 0.0330578 0.00206612 0.00106739
1 0.492769 0.00103306 0.0309917 0.00206612 0.00107441
1 0.453512 0.00103306 0.0309917 0.00206612 0.00112
0 0.555785 0.974174 0.0371901 0.0309917 0.00119849
1 0.570248 0.00103306 0.0330578 0.00206612 0.00120599
1 0.377066 0.00103306 0.0309917 0.00206612 0.00126114
1 0.594008 0.00206612 0.0392562 0.00413223 0.00136366
1 0.556818 0.00103306 0.0392562 0.00206612 0.00148117
1 0.326446 0.00103306 0.0371901 0.00206612 0.0016769
1 0.479339 0.00103306 0.0371901 0.00206612 0.00173835
1 0.516529 0.00103306 0.0371901 0.00206612 0.00178724
1 0.338843 0.00103306 0.0289256 0.00206612 0.00180124
1 0.363636 0.00103306 0.0371901 0.00206612 0.00193666
1 0.43905 0.00103306 0.035124 0.00206612 0.00205362
1 0.416322 0.00103306 0.0309917 0.00206612 0.0021042
1 0.403926 0.00103306 0.035124 0.00206612 0.0023265
0 0.554752 0.988636 0.035124 0.0227273 0.00491024
0 0.554752 0.994835 0.0309917 0.0103306 0.0706808
3 0.551653 0.82438 0.0330578 0.0247934 0.443378
3 0.551653 0.788223 0.0289256 0.0103306 0.77847
2 0.551653 0.82438 0.0289256 0.0247934 0.884806
