1 0.28719 0.00103306 0.0371901 0.00206612 0.00101452
1 0.635331 0.00206612 0.0433884 0.00413223 0.00107336
1 0.673554 0.00206612 0.0413223 0.00413223 0.00108749
1 0.554752 0.992769 0.0309917 0.0144628 0.00114033
1 0.262397 0.00103306 0.0289256 0.00206612 0.00124078
1 0.453512 0.00103306 0.0309917 0.00206612 0.00124833
1 0.33781 0.00103306 0.0268595 0.00206612 0.00125212
1 0.568182 0.00103306 0.0330578 0.00206612 0.00126016
1 0.377066 0.00103306 0.0309917 0.00206612 0.00135222
1 0.594008 0.00206612 0.0392562 0.00413223 0.00143024
1 0.492769 0.00103306 0.0309917 0.00206612 0.001431
1 0.554752 0.00103306 0.0392562 0.00206612 0.0014561
0 0.538223 0.797521 0.035124 0.0289256 0.00153021
1 0.417355 0.00103306 0.0289256 0.00206612 0.00168898
1 0.516529 0.00103306 0.0371901 0.00206612 0.00176295
1 0.478306 0.00103306 0.0392562 0.00206612 0.00179835
3 0.376033 0.756198 0.0289256 0.0206612 0.00182388
1 0.363636 0.00103306 0.0371901 0.00206612 0.00193755
1 0.319215 0.00103306 0.0268595 0.00206612 0.00197552
0 0.530992 0.748967 0.0371901 0.0309917 0.0020331
1 0.440083 0.00103306 0.0371901 0.00206612 0.00204292
1 0.402893 0.00103306 0.0371901 0.00206612 0.00227703
0 0.545455 0.868802 0.0330578 0.0268595 0.00237734
0 0.544421 0.85124 0.0309917 0.0247934 0.00362675
2 0.375 0.748967 0.035124 0.035124 0.00714943
0 0.53719 0.783058 0.0413223 0.0661157 0.00930973
0 0.533058 0.770661 0.0330578 0.0247934 0.0160231
1 0.554752 0.996901 0.0309917 0.00619835 0.021248
0 0.541322 0.828512 0.0330578 0.0247934 0.0316684
0 0.544421 0.838843 0.0309917 0.0289256 0.0382891
3 0.370868 0.755165 0.0392562 0.035124 0.112589
3 0.383264 0.733471 0.035124 0.0330578 0.256183
0 0.530992 0.761364 0.0371901 0.0268595 0.786987
2 0.383264 0.733471 0.035124 0.0330578 0.807772
3 0.365702 0.761364 0.0247934 0.0227273 0.836711
