1 0.532025 0.00103306 0.0309917 0.00206612 0.00104404
1 0.377066 0.00103306 0.0309917 0.00206612 0.00107532
1 0.673554 0.00206612 0.0413223 0.00413223 0.00110097
1 0.492769 0.00103306 0.0309917 0.00206612 0.00124997
1 0.453512 0.00103306 0.0309917 0.00206612 0.00126182
1 0.592975 0.00103306 0.0413223 0.00206612 0.00134175
0 0.0599174 0.171488 0.103306 0.0702479 0.00137984
1 0.571281 0.00103306 0.0309917 0.00206612 0.00141625
1 0.556818 0.00103306 0.0392562 0.00206612 0.00160491
1 0.478306 0.00103306 0.0392562 0.00206612 0.00164405
1 0.363636 0.00103306 0.0371901 0.00206612 0.00178226
1 0.516529 0.00103306 0.0371901 0.00206612 0.00180787
1 0.325413 0.00103306 0.035124 0.00206612 0.00185699
1 0.338843 0.00103306 0.0289256 0.00206612 0.00188066
0 0.0526859 0.166322 0.0433884 0.088843 0.00210146
1 0.438017 0.00103306 0.0371901 0.00206612 0.00230096
1 0.403926 0.00103306 0.035124 0.00206612 0.00262171
1 0.416322 0.00103306 0.0309917 0.00206612 0.00300503
0 0.558884 0.988636 0.035124 0.0227273 0.00372946
0 0.558884 0.994835 0.0309917 0.0103306 0.0817267
3 0.554752 0.822314 0.0309917 0.0247934 0.451695
3 0.551653 0.78719 0.0289256 0.0123967 0.77748
2 0.554752 0.822314 0.0309917 0.0247934 0.860761
