1 0.635331 0.00206612 0.0433884 0.00413223 0.00101174
1 0.532025 0.00103306 0.0309917 0.00206612 0.00101664
1 0.570248 0.00103306 0.0330578 0.00206612 0.00118311
1 0.595041 0.00206612 0.0413223 0.00413223 0.00120163
1 0.416322 0.00103306 0.0309917 0.00206612 0.00136887
1 0.377066 0.00103306 0.0309917 0.00206612 0.0015042
1 0.453512 0.00103306 0.0309917 0.00206612 0.00154086
1 0.478306 0.00103306 0.0392562 0.00206612 0.00163425
1 0.556818 0.00206612 0.0392562 0.00413223 0.00167103
1 0.518595 0.00103306 0.0371901 0.00206612 0.0017289
1 0.338843 0.00103306 0.0289256 0.00206612 0.00182722
1 0.325413 0.00103306 0.035124 0.00206612 0.00189275
1 0.401859 0.00103306 0.035124 0.00206612 0.00191553
1 0.440083 0.00103306 0.0371901 0.00206612 0.00192513
1 0.363636 0.00103306 0.0371901 0.00206612 0.00212497
2 0.517562 0.661157 0.0433884 0.0413223 0.00222074
0 0.563017 0.990702 0.0309917 0.0144628 0.00253293
0 0.561983 0.958678 0.0330578 0.0206612 0.0033012
0 0.563017 0.974174 0.035124 0.0227273 0.00337757
3 0.52376 0.649793 0.0309917 0.0227273 0.39059
3 0.518595 0.614669 0.0289256 0.0103306 0.711191
0 0.56095 0.94938 0.0309917 0.0227273 0.745336
2 0.52376 0.650826 0.0309917 0.0247934 0.888385
