1 0.672521 0.00206612 0.0392562 0.00413223 0.001077
1 0.634298 0.00206612 0.0413223 0.00413223 0.00109445
1 0.492769 0.00103306 0.0309917 0.00206612 0.00124209
1 0.595041 0.00206612 0.0413223 0.00413223 0.00142435
1 0.556818 0.00103306 0.0392562 0.00206612 0.00146742
1 0.455579 0.00103306 0.0309917 0.00206612 0.00148944
1 0.378099 0.00103306 0.0289256 0.00206612 0.0016532
1 0.516529 0.00103306 0.0371901 0.00206612 0.00170072
1 0.414256 0.00103306 0.0309917 0.00206612 0.00176489
1 0.327479 0.00103306 0.035124 0.00206612 0.00177144
1 0.478306 0.00103306 0.0392562 0.00206612 0.00185223
1 0.338843 0.00103306 0.0289256 0.00206612 0.00188448
1 0.440083 0.00103306 0.0371901 0.00206612 0.00205207
0 0.559917 0.977273 0.0330578 0.0247934 0.00217141
1 0.364669 0.00103306 0.035124 0.00206612 0.00231532
1 0.395661 0.00103306 0.0309917 0.00206612 0.00233778
2 0.553719 0.807851 0.0289256 0.0206612 0.00360745
3 0.554752 0.830579 0.0309917 0.0247934 0.0111828
0 0.558884 0.993802 0.0309917 0.0123967 0.151739
3 0.554752 0.796488 0.0268595 0.0103306 0.722537
2 0.554752 0.830579 0.0309917 0.0247934 0.875812
