1 0.68595 0.00103306 0.0289256 0.00206612 0.00100902
1 0.635331 0.00103306 0.0392562 0.00206612 0.00107606
1 0.492769 0.00103306 0.0268595 0.00206612 0.00112632
2 0.876033 0.105372 0.0702479 0.115702 0.00113127
1 0.325413 0.00103306 0.035124 0.00206612 0.00113582
1 0.673554 0.00103306 0.0371901 0.00206612 0.00114524
1 0.530992 0.00103306 0.0289256 0.00206612 0.00114761
1 0.571281 0.00103306 0.0309917 0.00206612 0.00115074
1 0.364669 0.00103306 0.035124 0.00206612 0.00130571
1 0.586777 0.00103306 0.0289256 0.00206612 0.00137923
1 0.556818 0.00103306 0.035124 0.00206612 0.00148784
1 0.479339 0.00103306 0.0371901 0.00206612 0.00149278
1 0.517562 0.00103306 0.035124 0.00206612 0.00172105
1 0.403926 0.00103306 0.035124 0.00206612 0.00176453
1 0.43905 0.00103306 0.035124 0.00206612 0.00177841
1 0.416322 0.00103306 0.0268595 0.00206612 0.00192989
0 0.549587 0.832645 0.0330578 0.0289256 0.00448156
0 0.55062 0.805785 0.0309917 0.0330578 0.00787487
1 0.556818 0.995868 0.0309917 0.00826446 0.0872857
3 0.554752 0.511364 0.0309917 0.0227273 0.436477
3 0.557851 0.47624 0.0289256 0.0103306 0.72796
0 0.549587 0.817149 0.0289256 0.0227273 0.741418
2 0.554752 0.511364 0.0309917 0.0227273 0.886508
