0 0.56095 0.992769 0.0309917 0.0144628 0.00101493
1 0.671488 0.00103306 0.0371901 0.00206612 0.00107189
1 0.634298 0.00103306 0.0371901 0.00206612 0.00115148
0 0.55062 0.838843 0.0309917 0.0371901 0.00121498
1 0.453512 0.00103306 0.0309917 0.00206612 0.00123667
1 0.492769 0.00103306 0.0309917 0.00206612 0.00126333
1 0.328512 0.00103306 0.0330578 0.00206612 0.00131772
1 0.339876 0.00103306 0.0268595 0.00206612 0.00133373
1 0.592975 0.00103306 0.0371901 0.00206612 0.0013953
1 0.415289 0.00103306 0.0289256 0.00206612 0.00143515
1 0.569215 0.00103306 0.0309917 0.00206612 0.00151974
1 0.516529 0.00103306 0.0371901 0.00206612 0.00160876
1 0.555785 0.00103306 0.0371901 0.00206612 0.00164368
1 0.478306 0.00103306 0.035124 0.00206612 0.00164404
1 0.401859 0.00103306 0.035124 0.00206612 0.00172774
1 0.440083 0.00103306 0.0371901 0.00206612 0.0018114
1 0.356405 0.00103306 0.0268595 0.00206612 0.00183626
2 0.876033 0.102273 0.0661157 0.105372 0.00233322
3 0.518595 0.480372 0.0289256 0.0103306 0.00296123
1 0.559917 0.991736 0.0330578 0.0165289 0.00409134
1 0.56095 0.996901 0.0309917 0.00619835 0.0332665
3 0.52376 0.518595 0.0309917 0.0247934 0.334955
3 0.518595 0.485537 0.0289256 0.0123967 0.722292
0 0.549587 0.813017 0.0330578 0.0227273 0.758805
2 0.522727 0.518595 0.0289256 0.0247934 0.864366
