1 0.378099 0.00103306 0.0289256 0.00206612 0.00101599
1 0.673554 0.00206612 0.0413223 0.00413223 0.00107299
1 0.529959 0.00103306 0.0309917 0.00206612 0.001113
1 0.572314 0.00103306 0.0330578 0.00206612 0.00119509
0 0.552686 0.988636 0.035124 0.0227273 0.00141476
1 0.586777 0.00103306 0.0330578 0.00206612 0.00150788
1 0.338843 0.00103306 0.0289256 0.00206612 0.00154941
1 0.453512 0.00103306 0.0309917 0.00206612 0.00156528
1 0.556818 0.00103306 0.0392562 0.00206612 0.00156579
1 0.477273 0.00103306 0.0371901 0.00206612 0.00162747
1 0.325413 0.00103306 0.035124 0.00206612 0.00163352
1 0.516529 0.00103306 0.0371901 0.00206612 0.00167012
1 0.365702 0.00103306 0.0371901 0.00206612 0.00197066
1 0.415289 0.00103306 0.0289256 0.00206612 0.00205371
1 0.43905 0.00103306 0.035124 0.00206612 0.00213304
1 0.402893 0.00103306 0.0371901 0.00206612 0.00241701
3 0.530992 0.788223 0.0289256 0.0103306 0.00278059
2 0.536157 0.813017 0.0309917 0.018595 0.0409895
0 0.553719 0.994835 0.0330578 0.0103306 0.0495245
3 0.536157 0.795455 0.0268595 0.0123967 0.712767
2 0.540289 0.830579 0.0309917 0.0206612 0.84133
