1 0.289256 0.00103306 0.0371901 0.00206612 0.00102162
1 0.532025 0.00103306 0.0309917 0.00206612 0.0012359
1 0.595041 0.00206612 0.0413223 0.00413223 0.00125484
1 0.555785 0.00103306 0.0413223 0.00206612 0.00137646
1 0.376033 0.00103306 0.0289256 0.00206612 0.0014191
1 0.492769 0.00103306 0.0309917 0.00206612 0.00160713
1 0.479339 0.00103306 0.0371901 0.00206612 0.0016717
1 0.516529 0.00103306 0.0371901 0.00206612 0.00207039
1 0.326446 0.00103306 0.0371901 0.00206612 0.00207813
1 0.36157 0.00103306 0.0371901 0.00206612 0.00216541
1 0.432851 0.00103306 0.0309917 0.00206612 0.00248381
1 0.33781 0.00103306 0.0309917 0.00206612 0.00255876
1 0.402893 0.00103306 0.0371901 0.00206612 0.00275008
1 0.417355 0.00103306 0.0289256 0.00206612 0.00296396
0 0.554752 0.98657 0.035124 0.0227273 0.00417558
0 0.555785 0.993802 0.0330578 0.0123967 0.0383873
3 0.548554 0.823347 0.0309917 0.0227273 0.4619
3 0.548554 0.789256 0.0268595 0.0123967 0.778352
2 0.549587 0.823347 0.0289256 0.0227273 0.878685
