1 0.288223 0.00103306 0.0392562 0.00206612 0.00100458
0 0.553719 0.984504 0.0330578 0.0227273 0.00118492
1 0.416322 0.00103306 0.0309917 0.00206612 0.0012556
1 0.592975 0.00206612 0.0413223 0.00413223 0.00134725
1 0.453512 0.00103306 0.0309917 0.00206612 0.00137806
1 0.570248 0.00206612 0.0330578 0.00413223 0.00144306
1 0.556818 0.00103306 0.0392562 0.00206612 0.00144679
1 0.338843 0.00103306 0.0289256 0.00206612 0.00163917
1 0.492769 0.00103306 0.0309917 0.00206612 0.00164261
1 0.516529 0.00103306 0.0371901 0.00206612 0.00175193
1 0.377066 0.00103306 0.0309917 0.00206612 0.00183693
1 0.401859 0.00103306 0.035124 0.00206612 0.00190909
1 0.478306 0.00103306 0.0392562 0.00206612 0.00192206
1 0.326446 0.00103306 0.0371901 0.00206612 0.00195976
1 0.440083 0.00103306 0.0371901 0.00206612 0.00204969
1 0.363636 0.00103306 0.0371901 0.00206612 0.00213529
3 0.518595 0.785124 0.0289256 0.0165289 0.00223855
0 0.552686 0.992769 0.0309917 0.0144628 0.171274
3 0.529959 0.816116 0.0309917 0.0247934 0.425029
3 0.524793 0.780992 0.0289256 0.0123967 0.794951
2 0.529959 0.816116 0.0309917 0.0247934 0.870021
