0 0.0526859 0.166322 0.0433884 0.0971074 0.00100895
1 0.569215 0.00103306 0.0309917 0.00206612 0.00101009
1 0.338843 0.00103306 0.0247934 0.00206612 0.00102758
1 0.326446 0.00103306 0.0330578 0.00206612 0.00109442
1 0.363636 0.00103306 0.0371901 0.00206612 0.00113028
1 0.555785 0.00103306 0.0371901 0.00206612 0.00123226
1 0.493802 0.00103306 0.0289256 0.00206612 0.00130618
0 0.565083 0.828512 0.0309917 0.0330578 0.0013779
1 0.416322 0.00103306 0.0268595 0.00206612 0.00138652
1 0.595041 0.00103306 0.0371901 0.00206612 0.00139156
1 0.43905 0.00103306 0.035124 0.00206612 0.00140149
1 0.479339 0.00103306 0.0371901 0.00206612 0.0014124
3 0.652893 0.52376 0.0289256 0.0309917 0.00142038
1 0.402893 0.00103306 0.0330578 0.00206612 0.00145058
0 0.565083 0.796488 0.0309917 0.0309917 0.00149938
1 0.516529 0.00103306 0.0371901 0.00206612 0.00153967
1 0.555785 0.994835 0.0330578 0.0103306 0.00206664
3 0.683884 0.487603 0.0330578 0.0247934 0.00960054
1 0.561983 0.996901 0.0289256 0.00619835 0.0788343
3 0.668388 0.508264 0.035124 0.0330578 0.318842
0 0.565083 0.774793 0.0309917 0.0247934 0.746271
3 0.690083 0.483471 0.0247934 0.0206612 0.837877
2 0.668388 0.510331 0.035124 0.0330578 0.890485
