1 0.530992 0.00103306 0.0289256 0.00206612 0.001046
1 0.608471 0.00103306 0.0309917 0.00206612 0.00108988
1 0.665289 0.00103306 0.0289256 0.00206612 0.00109474
1 0.635331 0.00103306 0.0392562 0.00206612 0.00117773
1 0.491736 0.00103306 0.0289256 0.00206612 0.00119215
1 0.416322 0.00103306 0.0268595 0.00206612 0.00119328
1 0.377066 0.00103306 0.0268595 0.00206612 0.00122849
1 0.33781 0.00103306 0.0268595 0.00206612 0.00125354
1 0.326446 0.00103306 0.0330578 0.00206612 0.00138457
1 0.555785 0.00103306 0.0371901 0.00206612 0.00149425
1 0.595041 0.00103306 0.0371901 0.00206612 0.00154143
1 0.441116 0.00103306 0.035124 0.00206612 0.00155165
1 0.516529 0.00103306 0.0371901 0.00206612 0.00156163
1 0.401859 0.00103306 0.035124 0.00206612 0.00158825
1 0.364669 0.00103306 0.035124 0.00206612 0.00164182
1 0.478306 0.00103306 0.035124 0.00206612 0.00176145
0 0.563017 0.830579 0.0309917 0.0247934 0.00205707
1 0.56095 0.993802 0.0309917 0.0123967 0.00437731
0 0.563017 0.805785 0.0309917 0.0247934 0.00965059
1 0.559917 0.996901 0.0289256 0.00619835 0.0367557
3 0.567149 0.516529 0.0309917 0.0247934 0.412862
3 0.568182 0.483471 0.0289256 0.0123967 0.752281
0 0.563017 0.815083 0.0309917 0.0227273 0.785079
2 0.566116 0.516529 0.0289256 0.0247934 0.884827
