1 0.394628 0.00103306 0.0247934 0.00206612 0.00111697
1 0.452479 0.00103306 0.0289256 0.00206612 0.00113105
1 0.365702 0.00103306 0.0330578 0.00206612 0.00114554
1 0.492769 0.00103306 0.0268595 0.00206612 0.00116578
1 0.416322 0.00103306 0.0268595 0.00206612 0.00122647
1 0.570248 0.00103306 0.0289256 0.00206612 0.00132606
0 0.534091 0.818182 0.035124 0.0371901 0.00134145
1 0.515496 0.00103306 0.035124 0.00206612 0.00135531
1 0.592975 0.00103306 0.0371901 0.00206612 0.00137088
1 0.557851 0.00103306 0.0371901 0.00206612 0.00138283
1 0.478306 0.00103306 0.035124 0.00206612 0.00145528
0 0.536157 0.832645 0.035124 0.0371901 0.00152554
1 0.403926 0.00103306 0.035124 0.00206612 0.00162181
1 0.440083 0.00103306 0.0330578 0.00206612 0.00167036
3 0.349174 0.996901 0.0247934 0.00619835 0.00251461
0 0.532025 0.798554 0.035124 0.0227273 0.00560488
1 0.561983 0.996901 0.0289256 0.00619835 0.0811872
3 0.43905 0.487603 0.035124 0.0247934 0.434687
0 0.532025 0.785124 0.035124 0.0247934 0.761976
3 0.42562 0.454545 0.0289256 0.0123967 0.76794
2 0.43905 0.488636 0.035124 0.0227273 0.891481
