1 0.490702 0.00103306 0.0268595 0.00206612 0.00100823
1 0.634298 0.00103306 0.0371901 0.00206612 0.00108932
1 0.555785 0.992769 0.0289256 0.0144628 0.00109938
1 0.364669 0.00103306 0.035124 0.00206612 0.00110829
1 0.414256 0.00103306 0.0268595 0.00206612 0.00114539
1 0.595041 0.00103306 0.0371901 0.00206612 0.0012602
3 0.786157 0.13843 0.035124 0.0743802 0.00126142
1 0.453512 0.00103306 0.0268595 0.00206612 0.00129155
1 0.47624 0.00103306 0.035124 0.00206612 0.00135028
1 0.555785 0.00103306 0.0371901 0.00206612 0.0013552
1 0.517562 0.00103306 0.035124 0.00206612 0.00142017
1 0.403926 0.00103306 0.035124 0.00206612 0.00146191
1 0.440083 0.00103306 0.0330578 0.00206612 0.00164723
0 0.554752 0.803719 0.0309917 0.0413223 0.00173249
0 0.555785 0.757231 0.0330578 0.0268595 0.00237952
0 0.556818 0.780992 0.0309917 0.0247934 0.0032724
1 0.558884 0.996901 0.0309917 0.00619835 0.0289969
3 0.617769 0.484504 0.0330578 0.0309917 0.414188
0 0.555785 0.772727 0.0289256 0.0247934 0.750121
3 0.632231 0.455579 0.0289256 0.018595 0.802358
2 0.617769 0.484504 0.0330578 0.0309917 0.885417
