1 0.635331 0.00103306 0.0392562 0.00206612 0.00101192
0 0.563017 0.834711 0.0309917 0.0330578 0.00103121
1 0.671488 0.00103306 0.0371901 0.00206612 0.00105553
1 0.491736 0.00103306 0.0289256 0.00206612 0.00109216
1 0.33781 0.00103306 0.0268595 0.00206612 0.00109386
3 0.556818 0.481405 0.0309917 0.0206612 0.00110559
0 0.563017 0.795455 0.0309917 0.0289256 0.00123965
1 0.585744 0.00103306 0.0309917 0.00206612 0.00124706
1 0.559917 0.991736 0.0330578 0.0165289 0.00124731
1 0.326446 0.00103306 0.0330578 0.00206612 0.00128509
1 0.364669 0.00103306 0.035124 0.00206612 0.0013694
1 0.478306 0.00103306 0.035124 0.00206612 0.00139069
1 0.416322 0.00103306 0.0268595 0.00206612 0.00143183
1 0.569215 0.00103306 0.0309917 0.00206612 0.00145847
1 0.403926 0.00103306 0.035124 0.00206612 0.00155068
1 0.518595 0.00103306 0.0371901 0.00206612 0.00165923
1 0.43905 0.00103306 0.035124 0.00206612 0.00169224
1 0.555785 0.00103306 0.0371901 0.00206612 0.00171516
1 0.56095 0.996901 0.0309917 0.00619835 0.0143396
3 0.563017 0.516529 0.0309917 0.0247934 0.431885
0 0.563017 0.811983 0.0309917 0.0247934 0.742274
3 0.56405 0.481405 0.0289256 0.0123967 0.761933
2 0.561983 0.516529 0.0289256 0.0247934 0.904222
