1 0.635331 0.00103306 0.0392562 0.00206612 0.0010501
1 0.376033 0.00103306 0.0289256 0.00206612 0.00106754
1 0.454545 0.00103306 0.0289256 0.00206612 0.00106984
1 0.686983 0.00103306 0.0309917 0.00206612 0.00112222
1 0.319215 0.00103306 0.0268595 0.00206612 0.00113728
1 0.591942 0.00103306 0.0392562 0.00206612 0.00122199
1 0.674587 0.00103306 0.0392562 0.00206612 0.00124037
1 0.491736 0.00103306 0.0289256 0.00206612 0.00132234
1 0.569215 0.00103306 0.0309917 0.00206612 0.00134612
1 0.555785 0.994835 0.0330578 0.0103306 0.00159737
1 0.556818 0.00103306 0.0392562 0.00206612 0.00163558
1 0.338843 0.00103306 0.0289256 0.00206612 0.00164237
1 0.478306 0.00103306 0.035124 0.00206612 0.00165582
1 0.518595 0.00103306 0.0371901 0.00206612 0.0016904
1 0.327479 0.00103306 0.035124 0.00206612 0.00170605
1 0.43905 0.00103306 0.035124 0.00206612 0.00189507
1 0.356405 0.00103306 0.0268595 0.00206612 0.00189625
1 0.415289 0.00103306 0.0289256 0.00206612 0.00189926
1 0.401859 0.00103306 0.035124 0.00206612 0.00190816
1 0.561983 0.996901 0.0289256 0.00619835 0.0426549
3 0.546488 0.570248 0.0309917 0.0289256 0.333555
3 0.543388 0.541322 0.0289256 0.0165289 0.772298
0 0.563017 0.820248 0.0309917 0.0247934 0.794456
2 0.546488 0.569215 0.0309917 0.0309917 0.876961
