1 0.377344 0.00234375 0.0328125 0.0046875 0.000101608
0 0.992969 0.326562 0.0140625 0.065625 0.000101655
0 0.303906 0.928125 0.0234375 0.021875 0.000101768
0 0.994531 0.240625 0.0109375 0.03125 0.000102328
1 0.335156 0.100781 0.0484375 0.0203125 0.000103826
0 0.309375 0.715625 0.046875 0.03125 0.00010497
1 0.739062 0.553906 0.01875 0.0109375 0.000105079
1 0.616406 0.728125 0.0453125 0.0125 0.000105404
1 0.200781 0.0132813 0.0671875 0.0265625 0.000108161
1 0.219531 0.984375 0.0734375 0.03125 0.000108378
2 0.802344 0.00390625 0.0453125 0.0078125 0.000109099
0 0.99375 0.478906 0.0125 0.0640625 0.000109789
1 0.13125 0.0421875 0.034375 0.0375 0.000109909
1 0.492188 0.0164062 0.028125 0.0171875 0.000111147
0 0.28125 0.660156 0.01875 0.0453125 0.000111167
1 0.741406 0.733594 0.0171875 0.0078125 0.000112389
0 0.985937 0.169531 0.028125 0.0421875 0.00011277
0 0.992969 0.365625 0.0140625 0.065625 0.000113038
0 0.992969 0.403906 0.0140625 0.0640625 0.000113941
0 0.309375 0.714063 0.028125 0.053125 0.000116122
0 0.994531 0.221875 0.0109375 0.034375 0.000116904
1 0.591406 0.965625 0.0546875 0.025 0.000117442
1 0.738281 0.550781 0.0171875 0.0078125 0.000117873
1 0.603906 0.00234375 0.0484375 0.0046875 0.000120357
0 0.297656 0.873438 0.0484375 0.078125 0.000121075
1 0.410937 0.985937 0.06875 0.028125 0.00012153
1 0.569531 0.00390625 0.0515625 0.0078125 0.000121965
2 0.978906 0.0046875 0.0421875 0.00625 0.000122114
3 0.0507812 0.090625 0.0453125 0.09375 0.000123547
0 0.259375 0.496875 0.025 0.028125 0.000123589
3 0.846094 0.545313 0.0203125 0.0125 0.000124491
0 0.860156 0.629687 0.0234375 0.025 0.00012495
3 0.358594 0.510938 0.0140625 0.025 0.000125936
1 0.00625 0.983594 0.0125 0.0328125 0.00012729
1 0.511719 0.0109375 0.0953125 0.021875 0.000128303
0 0.614062 0.589063 0.01875 0.01875 0.000129756
1 0.857813 0.00625 0.084375 0.0125 0.000130234
1 0.760938 0.366406 0.040625 0.0203125 0.000131061
0 0.285156 0.650781 0.0640625 0.0578125 0.00013154
0 0.990625 0.14375 0.01875 0.028125 0.000136141
0 0.275 0.6625 0.021875 0.015625 0.000136643
2 0.667188 0.003125 0.04375 0.00625 0.000137004
1 0.339844 0.003125 0.0640625 0.00625 0.000137823
1 0.400781 0.00234375 0.0484375 0.0046875 0.000139479
0 0.992969 0.286719 0.0140625 0.0640625 0.0001395
1 0.583594 0.978906 0.0984375 0.0421875 0.000139517
0 0.627344 0.5875 0.0203125 0.021875 0.000140029
0 0.99375 0.442187 0.0125 0.059375 0.000140938
2 0.863281 0.0046875 0.0578125 0.00625 0.000144097
1 0.592969 0.00703125 0.0859375 0.0140625 0.000145664
1 0.596094 0.2125 0.0203125 0.009375 0.000148798
0 0.288281 0.71875 0.0359375 0.034375 0.000149489
0 0.266406 0.53125 0.0265625 0.021875 0.000150205
1 0.995313 0.985937 0.009375 0.015625 0.000150524
2 0.00859375 0.01875 0.0171875 0.03125 0.000151002
1 0.591406 0.84375 0.0890625 0.040625 0.000152395
0 0.638281 0.585156 0.0203125 0.0203125 0.000155675
0 0.99375 0.201562 0.0125 0.034375 0.000156962
0 0.867188 0.667969 0.034375 0.0296875 0.000159521
0 0.299219 0.835938 0.0234375 0.021875 0.000162726
0 0.867969 0.667188 0.0203125 0.05 0.000163646
0 0.992188 0.246875 0.015625 0.065625 0.00016486
0 0.869531 0.671875 0.0171875 0.01875 0.000167257
0 0.307031 0.9 0.0328125 0.028125 0.000171146
1 0.839844 0.539062 0.0328125 0.015625 0.000172779
0 0.301562 0.890625 0.025 0.021875 0.000175678
1 0.596094 0.728125 0.0203125 0.009375 0.000178897
0 0.99375 0.182031 0.0125 0.0328125 0.000179542
2 0.726562 0.003125 0.04375 0.00625 0.000182942
1 0.499219 0.983594 0.0765625 0.0328125 0.000190579
1 0.253125 0.00234375 0.040625 0.0046875 0.000199058
0 0.991406 0.207813 0.0171875 0.06875 0.000199946
0 0.303125 0.910937 0.025 0.021875 0.000200205
0 0.274219 0.664062 0.0328125 0.028125 0.00020036
0 0.235156 0.454688 0.0390625 0.01875 0.00020069
3 0.0710938 0.21875 0.0203125 0.015625 0.000202941
0 0.992188 0.1625 0.015625 0.034375 0.000208006
1 0.009375 0.985156 0.01875 0.0140625 0.000219298
1 0.783594 0.728906 0.0421875 0.0140625 0.000221652
3 0.0679687 0.2125 0.0390625 0.034375 0.000225966
1 0.992188 0.995313 0.015625 0.009375 0.000232856
0 0.314063 0.888281 0.04375 0.0703125 0.000234782
1 0.959375 0.0078125 0.06875 0.015625 0.000236351
1 0.661719 0.00390625 0.0734375 0.0078125 0.000238047
1 0.671094 0.003125 0.0484375 0.00625 0.000242448
2 0.825 0.0046875 0.053125 0.00625 0.000242987
1 0.361719 0.00234375 0.0421875 0.0046875 0.000250337
2 0.711719 0.00390625 0.0484375 0.0046875 0.000257478
0 0.29375 0.785156 0.021875 0.0234375 0.000260973
1 0.341406 0.00234375 0.0328125 0.0046875 0.000262587
0 0.989844 0.16875 0.0203125 0.065625 0.000263483
2 0.7875 0.0046875 0.053125 0.00625 0.000265155
0 0.866406 0.65 0.0390625 0.03125 0.000266464
1 0.00859375 0.985156 0.0171875 0.0109375 0.000271156
0 0.278906 0.65625 0.0203125 0.015625 0.000275037
1 0.982813 0.985937 0.034375 0.028125 0.000275979
1 0.719531 0.00390625 0.0734375 0.0078125 0.000279043
1 0.7875 0.0046875 0.075 0.009375 0.000280683
1 0.639063 0.00234375 0.046875 0.0046875 0.000283764
1 0.301562 0.00234375 0.03125 0.0046875 0.000287321
0 0.989062 0.142188 0.021875 0.05625 0.000291279
2 0.748438 0.00390625 0.05 0.0046875 0.000296768
3 0.255469 0.385156 0.0234375 0.0453125 0.000299665
0 0.291406 0.755469 0.0359375 0.0953125 0.000302866
0 0.304688 0.864844 0.03125 0.0234375 0.000314394
1 0.721094 0.553906 0.0171875 0.0078125 0.000342545
1 0.750781 0.730469 0.0359375 0.0109375 0.000346243
1 0.301562 0.978125 0.01875 0.021875 0.00035277
0 0.295312 0.815625 0.025 0.01875 0.000353694
1 0.278125 0.659375 0.01875 0.015625 0.000355052
0 0.866406 0.649219 0.0234375 0.0515625 0.000364974
0 0.300781 0.870313 0.0234375 0.01875 0.000367568
0 0.301562 0.816406 0.021875 0.0421875 0.000371399
0 0.861719 0.647656 0.0203125 0.0234375 0.000373606
0 0.296875 0.80625 0.040625 0.10625 0.000395666
3 0.244531 0.382031 0.0234375 0.0421875 0.000398832
0 0.274219 0.638281 0.0296875 0.0234375 0.000411805
1 0.84375 0.54375 0.01875 0.009375 0.000416728
0 0.298438 0.75 0.046875 0.046875 0.000423027
1 0.291406 0.00234375 0.0390625 0.0046875 0.000426639
1 0.327344 0.00234375 0.0390625 0.0046875 0.00045095
1 0.989844 0.991406 0.0203125 0.0109375 0.000460885
0 0.303906 0.810156 0.0515625 0.0546875 0.000522901
0 0.300781 0.85625 0.0234375 0.01875 0.00052967
0 0.292969 0.750781 0.0203125 0.0234375 0.000582154
1 0.307031 0.978125 0.0234375 0.015625 0.000585684
3 0.846875 0.535156 0.01875 0.0109375 0.000586044
0 0.258594 0.573438 0.0421875 0.08125 0.000620645
0 0.26875 0.516406 0.025 0.0390625 0.000719331
1 0.31875 0.989062 0.01875 0.00625 0.000734529
0 0.278125 0.597656 0.03125 0.0828125 0.000797092
1 0.297656 0.988281 0.0171875 0.0078125 0.000830939
0 0.278906 0.647656 0.0265625 0.0234375 0.000831859
0 0.274219 0.595312 0.0203125 0.021875 0.000944062
0 0.296875 0.807813 0.021875 0.021875 0.00103488
0 0.863281 0.666406 0.0171875 0.0203125 0.00104275
0 0.296094 0.796875 0.0296875 0.028125 0.00112152
0 0.267188 0.553906 0.021875 0.0234375 0.00132501
2 0.983594 0.003125 0.0328125 0.00625 0.00140554
0 0.254687 0.405469 0.03125 0.0484375 0.00181296
0 0.260938 0.459375 0.025 0.01875 0.00326265
0 0.274219 0.575781 0.0265625 0.0640625 0.00347166
0 0.255469 0.484375 0.0203125 0.021875 0.00364896
0 0.260938 0.485938 0.021875 0.03125 0.00578133
0 0.26875 0.571875 0.021875 0.021875 0.00705748
0 0.271875 0.584375 0.021875 0.021875 0.00783851
0 0.261719 0.475 0.0203125 0.01875 0.0573166
0 0.258594 0.470313 0.0203125 0.0125 0.175165
3 0.248437 0.372656 0.025 0.0265625 0.293796
2 0.248437 0.373437 0.025 0.025 0.510692
3 0.250781 0.364844 0.0203125 0.0171875 0.629685
1 0.30625 0.988281 0.01875 0.0078125 0.655227
