2 0.046875 0.300781 0.040625 0.0421875 0.000102278
1 0.329688 0.925781 0.034375 0.0234375 0.000104124
3 0.0898438 0.366406 0.0515625 0.0484375 0.000104705
3 0.705469 0.600781 0.0859375 0.0515625 0.000105888
3 0.883594 0.496094 0.0203125 0.0140625 0.000107377
3 0.203125 0.246094 0.015625 0.0234375 0.000107552
0 0.628906 0.678125 0.0578125 0.034375 0.00010763
1 0.661719 0.003125 0.0390625 0.00625 0.000108258
2 0.0460938 0.189063 0.0421875 0.04375 0.000111054
3 0.0890625 0.367969 0.025 0.0765625 0.000111479
1 0.160156 0.910937 0.0484375 0.08125 0.000117306
2 0.0476562 0.803125 0.0421875 0.04375 0.000118235
0 0.629687 0.678906 0.034375 0.0640625 0.000119587
0 0.7 0.682813 0.040625 0.05625 0.000119814
2 0.0476562 0.170312 0.0421875 0.04375 0.000122807
2 0.0484375 0.901563 0.04375 0.040625 0.00012489
2 0.0453125 0.840625 0.04375 0.04375 0.000126703
0 0.699219 0.683594 0.0609375 0.0328125 0.000132846
1 0.641406 0.003125 0.0390625 0.00625 0.000133522
3 0.0914062 0.135156 0.0234375 0.0359375 0.000137398
1 0.914844 0.61875 0.0328125 0.025 0.000142079
1 0.289844 0.928906 0.0359375 0.0234375 0.000142968
2 0.0460938 0.823438 0.0421875 0.04375 0.000144581
2 0.0460938 0.20625 0.0421875 0.04375 0.00015173
0 0.705469 0.7375 0.0390625 0.078125 0.000151924
3 0.707031 0.6 0.0546875 0.0875 0.000155835
2 0.9875 0.385938 0.025 0.04375 0.000158918
1 0.742188 0.00546875 0.06875 0.0109375 0.000159259
1 0.289844 0.003125 0.0609375 0.00625 0.000160753
2 0.0445312 0.226562 0.0421875 0.04375 0.000161607
1 0.644531 0.0078125 0.0921875 0.015625 0.000165469
2 0.0476562 0.132031 0.0421875 0.0421875 0.000165531
2 0.0476562 0.747656 0.0421875 0.0421875 0.0001694
1 0.972656 0.960156 0.0546875 0.0203125 0.000170567
3 0.627344 0.614844 0.0421875 0.0515625 0.000170607
1 0.0890625 0.903125 0.084375 0.05625 0.000172595
2 0.0484375 0.322656 0.0375 0.0390625 0.000175025
3 0.96875 0.163281 0.0625 0.126563 0.000176105
2 0.0460938 0.882812 0.0421875 0.040625 0.000177351
3 0.09375 0.732813 0.01875 0.06875 0.000180204
0 0.705469 0.716406 0.0328125 0.0234375 0.000181546
2 0.046875 0.264844 0.040625 0.0421875 0.000182501
1 0.709375 0.0046875 0.065625 0.009375 0.000186303
2 0.0476562 0.151562 0.0421875 0.04375 0.000187085
1 0.364062 0.00703125 0.096875 0.0140625 0.000193785
1 0.644531 0.95625 0.0234375 0.009375 0.000196621
1 0.623438 0.003125 0.0375 0.00625 0.000197013
3 0.203906 0.272656 0.0140625 0.0203125 0.000198448
3 0.0945313 0.73125 0.0390625 0.046875 0.00019885
2 0.0460938 0.766406 0.0421875 0.0421875 0.000203737
2 0.046875 0.283594 0.040625 0.0421875 0.000206296
0 0.721875 0.758594 0.046875 0.0359375 0.000208601
0 0.702344 0.708594 0.0515625 0.0328125 0.000208791
1 0.978906 0.955469 0.0421875 0.0140625 0.000210273
1 0.661719 0.0046875 0.0640625 0.009375 0.000213314
2 0.0484375 0.692969 0.0375 0.0359375 0.000225326
3 0.988281 0.1625 0.0234375 0.0875 0.000225478
0 0.341406 0.417969 0.0140625 0.0203125 0.000225648
2 0.046875 0.246094 0.040625 0.0421875 0.000234228
1 0.636719 0.0820312 0.0359375 0.0515625 0.000236544
0 0.711719 0.769531 0.0328125 0.0265625 0.000243405
1 0.605469 0.003125 0.0421875 0.00625 0.000261456
1 0.0898438 0.902344 0.0453125 0.0859375 0.000264006
0 0.338281 0.434375 0.0109375 0.01875 0.000288395
0 0.689062 0.935938 0.03125 0.034375 0.000290954
1 0.567969 0.003125 0.0453125 0.00625 0.000297251
1 0.424219 0.00625 0.0921875 0.0125 0.000313759
0 0.696875 0.698438 0.034375 0.021875 0.000326784
0 0.704687 0.888281 0.034375 0.0234375 0.000357462
1 0.325781 0.003125 0.0609375 0.00625 0.000383155
1 0.5 0.00625 0.0875 0.0125 0.000411403
1 0.364062 0.003125 0.065625 0.00625 0.000426183
1 0.564062 0.00625 0.084375 0.0125 0.00043392
1 0.482812 0.003125 0.0625 0.00625 0.000662098
1 0.626562 0.00390625 0.059375 0.0078125 0.000680481
1 0.401563 0.003125 0.0625 0.00625 0.000683965
1 0.432031 0.003125 0.0640625 0.00625 0.000749006
3 0.646875 0.617969 0.03125 0.0453125 0.000936455
1 0.586719 0.003125 0.0578125 0.00625 0.000961868
1 0.547656 0.00234375 0.0609375 0.0046875 0.00107077
1 0.511719 0.003125 0.0609375 0.00625 0.00125109
1 0.0296875 0.944531 0.059375 0.110937 0.00144034
1 0.015625 0.957812 0.03125 0.01875 0.00190485
3 0.0882813 0.128906 0.0359375 0.0609375 0.00222027
0 0.696094 0.875 0.0359375 0.034375 0.00355928
3 0.623438 0.574219 0.034375 0.0234375 0.0037729
0 0.7125 0.789844 0.03125 0.0265625 0.00599342
0 0.704687 0.871094 0.034375 0.0234375 0.0315429
1 0.0171875 0.953125 0.034375 0.0125 0.0336248
0 0.7125 0.803906 0.03125 0.0265625 0.0723326
1 0.689844 0.950781 0.0328125 0.0140625 0.192329
0 0.711719 0.821875 0.0328125 0.025 0.223908
0 0.707812 0.853906 0.034375 0.0265625 0.251982
0 0.710938 0.835156 0.034375 0.0296875 0.454927
3 0.622656 0.580469 0.0265625 0.0203125 0.59994
1 0.685938 0.953906 0.028125 0.0109375 0.7988
2 0.639063 0.608594 0.034375 0.0296875 0.874234
