0 0.992969 0.674219 0.0140625 0.0671875 0.000100586
1 0.616406 0.729688 0.0453125 0.0125 0.000100653
1 0.607813 0.003125 0.053125 0.00625 0.000100695
3 0.0859375 0.164844 0.090625 0.142188 0.000103081
2 0.95 0.00546875 0.059375 0.0078125 0.000103216
0 0.99375 0.260156 0.0125 0.0328125 0.000103357
1 0.567969 0.00390625 0.0546875 0.0078125 0.000104481
1 0.714844 0.732031 0.0453125 0.0140625 0.000105166
0 0.985156 0.171875 0.0296875 0.04375 0.000105722
2 0.902344 0.00546875 0.0609375 0.0078125 0.000106838
1 0.591406 0.840625 0.0859375 0.071875 0.000107452
1 0.332812 0.003125 0.06875 0.00625 0.000109148
0 0.994531 0.297656 0.0109375 0.0328125 0.000109299
2 0.978125 0.00546875 0.04375 0.0078125 0.000109795
3 0.0703125 0.21875 0.025 0.028125 0.00010995
1 0.995313 0.985937 0.009375 0.015625 0.000110461
1 0.130469 0.0429688 0.0359375 0.0421875 0.000111658
1 0.491406 0.0179687 0.0265625 0.0171875 0.00011282
1 0.402344 0.003125 0.0515625 0.00625 0.000113012
0 0.99375 0.239844 0.0125 0.0328125 0.000118099
0 0.99375 0.478906 0.0125 0.0640625 0.000118569
1 0.339063 0.00234375 0.034375 0.0046875 0.000118897
0 0.985156 0.108594 0.0296875 0.0671875 0.000120151
0 0.865625 0.6625 0.034375 0.0375 0.000122137
2 0.686719 0.003125 0.0453125 0.00625 0.000126412
0 0.867188 0.650781 0.021875 0.0265625 0.000127873
0 0.992969 0.365625 0.0140625 0.065625 0.000128167
0 0.851562 0.667188 0.040625 0.03125 0.000130667
0 0.992969 0.403125 0.0140625 0.0625 0.000130899
0 0.99375 0.220313 0.0125 0.034375 0.000131553
2 0.0078125 0.01875 0.015625 0.034375 0.000131714
0 0.992188 0.325 0.015625 0.065625 0.000133079
0 0.850781 0.666406 0.0234375 0.0515625 0.00013676
0 0.992969 0.441406 0.0140625 0.0609375 0.000137896
0 0.307813 0.719531 0.053125 0.0984375 0.000138466
0 0.8625 0.673437 0.01875 0.021875 0.000139527
1 0.255469 0.00234375 0.0421875 0.0046875 0.000140046
1 0.735937 0.551562 0.015625 0.009375 0.000140323
1 0.860937 0.00625 0.084375 0.0125 0.000141309
0 0.846875 0.639063 0.04375 0.03125 0.000145155
3 0.719531 0.530469 0.0171875 0.0109375 0.000147054
2 0.864062 0.00546875 0.05625 0.0078125 0.000150544
1 0.992188 0.995313 0.015625 0.009375 0.000155587
0 0.847656 0.638281 0.0265625 0.0515625 0.000158622
1 0.360156 0.00234375 0.0453125 0.0046875 0.000159082
0 0.321094 0.915625 0.0453125 0.028125 0.000163942
0 0.990625 0.14375 0.01875 0.03125 0.000166671
0 0.992188 0.285937 0.015625 0.065625 0.000170035
1 0.757812 0.364844 0.034375 0.0171875 0.00017427
0 0.991406 0.246875 0.0171875 0.06875 0.00018177
1 0.832031 0.728125 0.0421875 0.015625 0.000185933
0 0.992188 0.163281 0.015625 0.0328125 0.000186853
1 0.303125 0.00234375 0.034375 0.0046875 0.000187421
0 0.99375 0.201562 0.0125 0.034375 0.000187921
1 0.782812 0.728906 0.040625 0.0140625 0.000189834
0 0.992969 0.182031 0.0140625 0.0328125 0.000201987
2 0.75 0.00390625 0.053125 0.0046875 0.000215949
3 0.848437 0.536719 0.03125 0.0171875 0.000219248
0 0.990625 0.207031 0.01875 0.0703125 0.000220101
2 0.825781 0.0046875 0.0546875 0.00625 0.000220816
1 0.95625 0.0078125 0.06875 0.015625 0.000224596
0 0.309375 0.772656 0.05 0.0828125 0.000226306
0 0.858594 0.630469 0.0234375 0.0265625 0.000231719
1 0.791406 0.0046875 0.0765625 0.009375 0.000231895
1 0.639844 0.00234375 0.0484375 0.0046875 0.000235336
1 0.714063 0.00390625 0.071875 0.0078125 0.000235774
0 0.321094 0.857031 0.0421875 0.0265625 0.000236361
1 0.6625 0.0046875 0.075 0.009375 0.000242743
1 0.982813 0.985937 0.034375 0.028125 0.000245741
0 0.989062 0.169531 0.021875 0.0671875 0.000250642
0 0.988281 0.142188 0.0234375 0.059375 0.000260212
0 0.310156 0.780469 0.0453125 0.0296875 0.000261626
3 0.839063 0.539844 0.028125 0.0171875 0.000270451
1 0.324219 0.00234375 0.0421875 0.0046875 0.000272464
2 0.788281 0.0046875 0.0515625 0.00625 0.000275326
2 0.708594 0.00390625 0.0484375 0.0046875 0.000284183
2 0.671875 0.003125 0.05 0.00625 0.000289208
1 0.00625 0.984375 0.0125 0.028125 0.000295057
1 0.750781 0.73125 0.0390625 0.0125 0.000313903
1 0.594531 0.728125 0.0234375 0.009375 0.000319407
3 0.0742188 0.216406 0.0265625 0.0640625 0.00033115
1 0.290625 0.00234375 0.040625 0.0046875 0.000342829
3 0.075 0.215625 0.05 0.04375 0.000347185
3 0.842969 0.545313 0.0203125 0.0125 0.000356951
1 0.989844 0.991406 0.0203125 0.0109375 0.000368838
0 0.295312 0.664844 0.0375 0.0171875 0.000382497
0 0.320312 0.838281 0.04375 0.0265625 0.000417795
0 0.321875 0.894531 0.04375 0.0265625 0.000469116
1 0.721094 0.553906 0.0140625 0.0078125 0.000484203
0 0.863281 0.646094 0.0203125 0.0515625 0.000485891
1 0.842188 0.542969 0.01875 0.0109375 0.000513522
1 0.009375 0.985937 0.01875 0.015625 0.00061259
3 0.271094 0.460156 0.0421875 0.0265625 0.000712643
0 0.861719 0.664062 0.0171875 0.021875 0.00104333
0 0.860156 0.647656 0.0203125 0.0234375 0.00126369
3 0.25 0.45 0.040625 0.021875 0.00128764
2 0.982813 0.003125 0.034375 0.00625 0.00136849
3 0.075 0.221875 0.01875 0.015625 0.00156947
3 0.842188 0.535937 0.01875 0.0125 0.00159362
0 0.303125 0.649219 0.040625 0.0484375 0.00164553
0 0.299219 0.645312 0.0390625 0.025 0.00282638
0 0.308594 0.8125 0.0421875 0.03125 0.00301619
0 0.299219 0.65625 0.0390625 0.021875 0.00560627
2 0.269531 0.473437 0.0421875 0.025 0.0101414
0 0.310156 0.947656 0.0421875 0.0296875 0.0150087
0 0.310156 0.826563 0.0390625 0.028125 0.0239849
0 0.309375 0.875781 0.0375 0.0265625 0.0520481
0 0.308594 0.882031 0.0421875 0.0546875 0.0725007
0 0.309375 0.908594 0.040625 0.0359375 0.0784388
0 0.309375 0.929688 0.040625 0.03125 0.0852981
0 0.310156 0.861719 0.0390625 0.0390625 0.106084
0 0.309375 0.842969 0.040625 0.0296875 0.121211
3 0.267188 0.48125 0.0375 0.028125 0.409663
1 0.308594 0.989062 0.0390625 0.009375 0.750059
3 0.258594 0.453906 0.0359375 0.0171875 0.772189
2 0.267188 0.48125 0.0375 0.025 0.868158
