1 0.276563 0.009375 0.1 0.01875 0.00010024
3 0.986719 0.161719 0.0265625 0.0921875 0.000100647
1 0.213281 0.00625 0.0671875 0.0125 0.000101806
3 0.838281 0.189844 0.0609375 0.0421875 0.000102323
1 0.339844 0.00234375 0.0421875 0.0046875 0.000102975
3 0.09375 0.325781 0.05 0.0515625 0.000103146
0 0.336719 0.265625 0.0171875 0.025 0.000103785
1 0.0914062 0.902344 0.0859375 0.0578125 0.000104466
2 0.0476562 0.13125 0.0421875 0.040625 0.000105317
0 0.717969 0.546094 0.0203125 0.0421875 0.000105492
3 0.096875 0.816406 0.021875 0.0328125 0.000107999
2 0.0484375 0.342187 0.0375 0.0375 0.00010913
3 0.838281 0.189844 0.0328125 0.0671875 0.000110259
3 0.0929687 0.326562 0.0234375 0.078125 0.000110471
1 0.641406 0.00234375 0.0359375 0.0046875 0.000110666
1 0.682813 0.003125 0.0375 0.00625 0.00011151
3 0.09375 0.150781 0.05625 0.0609375 0.000111707
2 0.0492188 0.711719 0.0421875 0.0390625 0.000112582
1 0.6625 0.003125 0.0375 0.00625 0.000113018
2 0.046875 0.301562 0.040625 0.040625 0.000113278
3 0.705469 0.51875 0.0265625 0.021875 0.000115661
2 0.0460938 0.803125 0.0421875 0.04375 0.000119961
2 0.0445312 0.823438 0.0421875 0.04375 0.000122125
3 0.09375 0.152344 0.03125 0.0859375 0.000123243
2 0.05 0.692969 0.0375 0.0359375 0.000123849
1 0.553125 0.105469 0.046875 0.0171875 0.000124875
1 0.607031 0.003125 0.0390625 0.00625 0.000124881
2 0.046875 0.882812 0.040625 0.040625 0.000127749
1 0.649219 0.0078125 0.0953125 0.015625 0.000128333
3 0.0859375 0.661719 0.021875 0.0578125 0.000128979
1 0.242188 0.003125 0.0375 0.00625 0.00012955
1 0.400781 0.221094 0.0421875 0.0171875 0.000132078
0 0.607813 0.453125 0.03125 0.053125 0.000133712
0 0.339063 0.450781 0.015625 0.0171875 0.000136492
0 0.336719 0.449219 0.0203125 0.0484375 0.000138415
3 0.740625 0.504687 0.01875 0.01875 0.000139459
1 0.161719 0.9125 0.0484375 0.084375 0.000142787
3 0.0867188 0.660937 0.0421875 0.0375 0.000148419
1 0.411719 0.00234375 0.0453125 0.0046875 0.000149612
2 0.0460938 0.861719 0.0390625 0.0421875 0.000153535
1 0.0914062 0.901563 0.0453125 0.090625 0.000154268
1 0.747656 0.0046875 0.0671875 0.009375 0.000154676
2 0.0476562 0.225781 0.0421875 0.0421875 0.000156234
1 0.0195312 0.947656 0.0390625 0.0171875 0.000156275
2 0.046875 0.321875 0.0375 0.0375 0.000156307
1 0.605469 0.955469 0.0234375 0.0078125 0.000157737
1 0.625781 0.003125 0.0359375 0.00625 0.000162468
1 0.629687 0.00625 0.04375 0.0125 0.000163915
0 0.336719 0.450781 0.0359375 0.0265625 0.000165928
2 0.046875 0.285156 0.040625 0.0421875 0.00016913
2 0.0476562 0.728125 0.0421875 0.040625 0.000172896
3 0.86875 0.578906 0.05625 0.0421875 0.000172906
0 0.6125 0.901563 0.025 0.021875 0.000176211
2 0.0476562 0.900781 0.0421875 0.0390625 0.000176671
0 0.608594 0.454688 0.0515625 0.028125 0.00017694
0 0.6375 0.625 0.028125 0.040625 0.00017826
2 0.0460938 0.153125 0.0421875 0.04375 0.000182551
2 0.046875 0.246094 0.040625 0.0421875 0.000189632
2 0.86875 0.578906 0.025 0.0671875 0.000190626
2 0.0476562 0.207813 0.0421875 0.04375 0.000193833
0 0.617188 0.527344 0.05625 0.107813 0.000195159
2 0.046875 0.264844 0.040625 0.0421875 0.000196042
2 0.0460938 0.171875 0.0421875 0.04375 0.00019705
2 0.0460938 0.189063 0.0421875 0.04375 0.000204159
2 0.046875 0.785937 0.040625 0.04375 0.000207262
1 0.246875 0.003125 0.059375 0.00625 0.000208463
0 0.617969 0.794531 0.0234375 0.0234375 0.000212114
0 0.6125 0.871094 0.021875 0.0265625 0.000230644
1 0.257031 0.00234375 0.0359375 0.0046875 0.000230818
0 0.620313 0.717969 0.025 0.0234375 0.000235763
1 0.707812 0.00390625 0.0625 0.0078125 0.000240365
1 0.635156 0.0828125 0.0359375 0.053125 0.000248914
3 0.0960938 0.701563 0.0359375 0.040625 0.00025029
0 0.6125 0.917188 0.025 0.01875 0.00025233
1 0.425 0.00625 0.090625 0.0125 0.000254646
1 0.664844 0.00390625 0.0609375 0.0078125 0.000256715
1 0.360938 0.00625 0.090625 0.0125 0.000258999
0 0.6125 0.939844 0.021875 0.0234375 0.000263278
0 0.645312 0.579687 0.028125 0.025 0.000270501
0 0.624219 0.602344 0.0296875 0.0234375 0.000297643
3 0.870313 0.495313 0.01875 0.009375 0.000306165
3 0.0960938 0.701563 0.0171875 0.0625 0.000312331
1 0.278906 0.003125 0.0578125 0.00625 0.000331907
0 0.339844 0.442187 0.0140625 0.01875 0.000337344
1 0.560938 0.003125 0.040625 0.00625 0.000343377
0 0.61875 0.700781 0.025 0.0203125 0.000373866
0 0.617969 0.819531 0.0421875 0.0515625 0.000385875
0 0.621094 0.747656 0.0203125 0.0203125 0.000407859
1 0.438281 0.003125 0.0640625 0.00625 0.000412466
1 0.332031 0.003125 0.0578125 0.00625 0.000413005
3 0.732813 0.510938 0.021875 0.01875 0.000443885
3 0.0859375 0.125 0.034375 0.071875 0.000458025
0 0.617188 0.788281 0.01875 0.0234375 0.00050224
0 0.620313 0.69375 0.025 0.08125 0.000516148
1 0.558594 0.00546875 0.0796875 0.0109375 0.000534877
1 0.514844 0.00546875 0.0859375 0.0109375 0.000566424
1 0.394531 0.003125 0.0609375 0.00625 0.000583688
0 0.644531 0.54375 0.0265625 0.028125 0.000634213
1 0.363281 0.003125 0.0578125 0.00625 0.000663965
1 0.628906 0.00390625 0.0578125 0.0078125 0.000683871
1 0.485156 0.003125 0.0609375 0.00625 0.000695202
0 0.620313 0.8 0.028125 0.0625 0.000702874
0 0.615625 0.823438 0.01875 0.040625 0.000811185
3 0.0867188 0.709375 0.0515625 0.034375 0.000824199
0 0.622656 0.625 0.0328125 0.028125 0.000830874
0 0.621094 0.691406 0.0265625 0.0296875 0.00091424
0 0.626562 0.7375 0.028125 0.046875 0.000936508
0 0.619531 0.682031 0.0296875 0.0234375 0.00106279
0 0.613281 0.851562 0.0234375 0.025 0.00108487
1 0.578906 0.003125 0.0546875 0.00625 0.00112388
1 0.546094 0.00234375 0.0578125 0.0046875 0.00132011
0 0.614062 0.835938 0.021875 0.025 0.00134058
1 0.0289063 0.944531 0.0578125 0.110937 0.0014978
1 0.516406 0.00234375 0.0578125 0.0046875 0.00158503
0 0.620313 0.775781 0.01875 0.0296875 0.00163248
1 0.0148437 0.958594 0.0296875 0.0171875 0.00179911
0 0.646875 0.552344 0.034375 0.0296875 0.00183308
0 0.620313 0.760156 0.021875 0.0171875 0.00216858
0 0.625 0.64375 0.028125 0.025 0.00427918
0 0.620313 0.767187 0.01875 0.01875 0.00432767
1 0.625 0.955469 0.025 0.0078125 0.00508505
0 0.622656 0.664844 0.0265625 0.0203125 0.00639346
0 0.63125 0.635938 0.025 0.034375 0.00655234
0 0.622656 0.674219 0.0265625 0.0234375 0.00659924
0 0.642969 0.560938 0.0265625 0.025 0.00866188
0 0.628125 0.613281 0.028125 0.0265625 0.0148764
1 0.0171875 0.953125 0.034375 0.0125 0.0223215
0 0.63125 0.595312 0.025 0.025 0.044107
2 0.730469 0.504687 0.0234375 0.021875 0.115158
0 0.636719 0.575781 0.0265625 0.0234375 0.229446
3 0.721875 0.504687 0.025 0.025 0.350126
0 0.633594 0.585938 0.0265625 0.021875 0.552912
3 0.734375 0.502344 0.015625 0.0203125 0.709602
2 0.721094 0.504687 0.0234375 0.025 0.81486
1 0.615625 0.954687 0.028125 0.009375 0.825664
