1 0.432031 0.00546875 0.0484375 0.0109375 0.000103901
3 0.850781 0.600781 0.0609375 0.0359375 0.000104059
1 0.903125 0.954687 0.06875 0.025 0.000104121
0 0.657031 0.750781 0.0453125 0.0328125 0.00010427
1 0.244531 0.00390625 0.0609375 0.0078125 0.000105306
3 0.853906 0.5875 0.0640625 0.10625 0.000106251
1 0.490625 0.00234375 0.040625 0.0046875 0.00010647
2 0.0460938 0.803906 0.0421875 0.0421875 0.000109735
2 0.046875 0.153125 0.040625 0.040625 0.000109992
3 0.090625 0.359375 0.046875 0.05 0.000110172
1 0.339063 0.316406 0.01875 0.0109375 0.000110269
1 0.682813 0.003125 0.034375 0.00625 0.000110387
1 0.528125 0.00234375 0.040625 0.0046875 0.000110389
1 0.548437 0.00546875 0.04375 0.0109375 0.00011105
3 0.853125 0.586719 0.1 0.0609375 0.000111139
3 0.0945313 0.329688 0.0453125 0.053125 0.000111627
1 0.403906 0.103125 0.0703125 0.025 0.000112146
2 0.0492188 0.654688 0.0359375 0.034375 0.000114543
2 0.9875 0.369531 0.025 0.0421875 0.000117592
3 0.090625 0.360938 0.021875 0.075 0.000117638
1 0.584375 0.003125 0.0375 0.00625 0.000117961
3 0.09375 0.33125 0.021875 0.078125 0.000118988
1 0.628906 0.00859375 0.0421875 0.0171875 0.000120243
1 0.226562 0.930469 0.04375 0.0234375 0.000120264
3 0.98125 0.0195312 0.03125 0.0296875 0.000121095
0 0.667969 0.910937 0.0796875 0.053125 0.000121753
2 0.046875 0.323438 0.0375 0.0375 0.000122021
3 0.096875 0.655469 0.0375 0.0453125 0.000123406
2 0.05 0.692187 0.0375 0.0375 0.000124568
2 0.0476562 0.264844 0.0421875 0.0421875 0.000124868
3 0.0960938 0.65625 0.0171875 0.065625 0.000126417
3 0.09375 0.617969 0.01875 0.0578125 0.000127274
1 0.749219 0.00546875 0.0671875 0.0109375 0.000127361
1 0.159375 0.909375 0.046875 0.078125 0.000127398
2 0.046875 0.785156 0.04375 0.0421875 0.000128154
1 0.525781 0.573438 0.0546875 0.01875 0.00012943
1 0.585938 0.00703125 0.04375 0.0140625 0.000129913
2 0.05 0.342969 0.0375 0.0390625 0.000130378
2 0.0460938 0.860937 0.0421875 0.040625 0.000132889
3 0.0898438 0.135156 0.0234375 0.0359375 0.000133278
3 0.9875 0.354688 0.025 0.0875 0.000135291
3 0.09375 0.616406 0.0375 0.0390625 0.000135369
2 0.0476562 0.301562 0.0421875 0.040625 0.000137569
2 0.0484375 0.766406 0.04375 0.0390625 0.000140302
3 0.85 0.600781 0.034375 0.0609375 0.000140719
2 0.0484375 0.747656 0.04375 0.0390625 0.000143893
1 0.567187 0.003125 0.0375 0.00625 0.00014831
1 0.358594 0.00703125 0.0953125 0.0140625 0.000149643
3 0.675 0.401563 0.025 0.021875 0.000150201
2 0.046875 0.902344 0.04375 0.0390625 0.000150377
1 0.546094 0.003125 0.0390625 0.00625 0.000150658
2 0.046875 0.284375 0.040625 0.040625 0.000151616
1 0.507812 0.00234375 0.040625 0.0046875 0.000152985
3 0.0921875 0.151562 0.0625 0.0625 0.000153337
1 0.569531 0.00859375 0.0953125 0.0171875 0.000154542
1 0.971875 0.960938 0.05625 0.021875 0.000155099
1 0.280469 0.003125 0.0609375 0.00625 0.000160054
0 0.683594 0.514844 0.0578125 0.0453125 0.000164316
1 0.702344 0.0046875 0.0609375 0.009375 0.000165564
2 0.046875 0.246094 0.040625 0.0421875 0.000167125
2 0.0460938 0.227344 0.0421875 0.0421875 0.000167158
1 0.4125 0.00234375 0.040625 0.0046875 0.00016813
1 0.639063 0.948438 0.028125 0.01875 0.000168766
1 0.0195312 0.946875 0.0390625 0.01875 0.000173211
1 0.667188 0.0046875 0.059375 0.009375 0.000175875
3 0.0921875 0.153125 0.034375 0.0875 0.000179976
0 0.641406 0.727344 0.0578125 0.0796875 0.000186474
3 0.0960938 0.697656 0.0171875 0.0609375 0.000186734
3 0.0976562 0.696875 0.0359375 0.04375 0.000188954
1 0.978125 0.955469 0.04375 0.0140625 0.000189722
0 0.680469 0.534375 0.0390625 0.08125 0.000190507
2 0.9875 0.351562 0.025 0.040625 0.000190704
1 0.6375 0.0820312 0.034375 0.0484375 0.000197646
2 0.0445312 0.883594 0.0421875 0.0390625 0.000199262
0 0.689062 0.425781 0.034375 0.0296875 0.000199481
0 0.615625 0.578125 0.0625 0.1 0.00020076
2 0.046875 0.190625 0.040625 0.040625 0.000206376
0 0.657031 0.78125 0.0328125 0.025 0.000211486
0 0.6625 0.732031 0.03125 0.0515625 0.000212802
0 0.338281 0.238281 0.0140625 0.0234375 0.000220415
1 0.0882813 0.910937 0.0828125 0.05 0.000224449
1 0.328906 0.003125 0.0578125 0.00625 0.000230246
0 0.664062 0.710156 0.034375 0.0265625 0.000232172
0 0.6875 0.480469 0.03125 0.0515625 0.000235251
2 0.046875 0.208594 0.04375 0.0421875 0.000243996
1 0.55625 0.572656 0.05 0.0171875 0.000247098
1 0.5 0.00546875 0.090625 0.0109375 0.000269163
0 0.682031 0.547656 0.0328125 0.0328125 0.000293662
1 0.0882813 0.910937 0.0453125 0.078125 0.000294519
1 0.361719 0.003125 0.0609375 0.00625 0.000303856
1 0.422656 0.00546875 0.0890625 0.0109375 0.00031335
2 0.685156 0.355469 0.0328125 0.0171875 0.000340442
1 0.477344 0.003125 0.0609375 0.00625 0.00038508
1 0.628906 0.0046875 0.0609375 0.009375 0.000393967
0 0.336719 0.44375 0.0140625 0.01875 0.000396624
3 0.672656 0.365625 0.0296875 0.01875 0.000417995
1 0.585156 0.0046875 0.0578125 0.009375 0.000418039
3 0.0859375 0.128906 0.0375 0.0671875 0.000427191
1 0.4 0.003125 0.059375 0.00625 0.000429914
0 0.646094 0.884375 0.0328125 0.03125 0.00044725
1 0.511719 0.003125 0.0609375 0.00625 0.000501718
1 0.43125 0.003125 0.059375 0.00625 0.00054098
1 0.548437 0.003125 0.059375 0.00625 0.000546792
0 0.685156 0.519531 0.0296875 0.0421875 0.000564605
0 0.641406 0.928906 0.0265625 0.0390625 0.000696109
0 0.644531 0.816406 0.0390625 0.0453125 0.000901135
0 0.642187 0.874219 0.046875 0.0453125 0.00133619
0 0.683594 0.564062 0.0296875 0.0375 0.00134526
1 0.0265625 0.946094 0.053125 0.101562 0.00273703
0 0.655469 0.80625 0.0296875 0.025 0.00285506
1 0.0140625 0.957812 0.028125 0.01875 0.00309945
1 0.0335938 0.948438 0.0671875 0.05625 0.00314195
3 0.684375 0.364062 0.028125 0.01875 0.00323166
0 0.669531 0.697656 0.0328125 0.0234375 0.00377061
0 0.650781 0.833594 0.0296875 0.0421875 0.00557974
0 0.678906 0.607031 0.0328125 0.0359375 0.00578662
0 0.68125 0.583594 0.03125 0.0328125 0.0058301
0 0.676562 0.623438 0.034375 0.028125 0.00656855
0 0.653125 0.817969 0.03125 0.0265625 0.00701793
0 0.675781 0.641406 0.0296875 0.0390625 0.00941665
0 0.648438 0.864844 0.03125 0.0265625 0.0151971
0 0.680469 0.594531 0.0296875 0.0265625 0.0202421
1 0.0164062 0.951563 0.0328125 0.0125 0.0264821
0 0.673437 0.657812 0.03125 0.025 0.0461595
0 0.671094 0.685156 0.0328125 0.0203125 0.0638735
3 0.68125 0.39375 0.028125 0.021875 0.433729
0 0.671875 0.674219 0.03125 0.0265625 0.654943
1 0.639844 0.954687 0.0265625 0.009375 0.777865
3 0.682031 0.359375 0.0265625 0.0125 0.794586
2 0.68125 0.394531 0.028125 0.0203125 0.872134
