1 0.215625 0.990625 0.04375 0.0125 0.00010057
0 0.99375 0.479688 0.0125 0.0625 0.000100969
1 0.255469 0.00234375 0.0453125 0.0046875 0.000101876
0 0.834375 0.546875 0.034375 0.075 0.000104484
1 0.590625 0.841406 0.0875 0.0734375 0.000104519
0 0.985937 0.172656 0.028125 0.0421875 0.000104821
1 0.301562 0.00234375 0.034375 0.0046875 0.000105694
0 0.992969 0.402344 0.0140625 0.0640625 0.00010637
3 0.0851562 0.165625 0.0890625 0.140625 0.000106909
2 0.951563 0.00546875 0.059375 0.0078125 0.00010718
2 0.902344 0.00546875 0.0609375 0.0078125 0.00010934
0 0.994531 0.239844 0.0109375 0.0328125 0.000109467
0 0.863281 0.675 0.0203125 0.021875 0.000111516
0 0.983594 0.14375 0.0328125 0.0375 0.000111714
0 0.992969 0.364844 0.0140625 0.0640625 0.000111772
1 0.129688 0.0421875 0.0375 0.04375 0.000113311
0 0.303125 0.629687 0.040625 0.028125 0.000114969
0 0.99375 0.442969 0.0125 0.0609375 0.000117297
0 0.847656 0.640625 0.0453125 0.03125 0.000117372
0 0.991406 0.145313 0.0171875 0.03125 0.000117929
3 0.0929687 0.170312 0.0171875 0.03125 0.000118568
1 0.995313 0.985937 0.009375 0.015625 0.000118715
0 0.992969 0.325781 0.0140625 0.0640625 0.000119603
0 0.639844 0.585938 0.0203125 0.021875 0.000121011
0 0.994531 0.220313 0.0109375 0.034375 0.000123495
1 0.360938 0.00234375 0.046875 0.0046875 0.000124381
0 0.847656 0.639063 0.0265625 0.053125 0.00012502
1 0.596094 0.729688 0.0484375 0.025 0.000125637
0 0.303125 0.511719 0.040625 0.0453125 0.000130562
1 0.8625 0.00625 0.084375 0.0125 0.000137926
1 0.833594 0.728125 0.0421875 0.015625 0.000138647
3 0.846094 0.544531 0.0296875 0.0203125 0.000138915
1 0.589063 0.71875 0.040625 0.01875 0.000139078
2 0.978125 0.0046875 0.040625 0.00625 0.000139226
0 0.859375 0.523438 0.078125 0.05 0.000140848
0 0.321094 0.839063 0.0453125 0.028125 0.000142246
1 0.592188 0.967969 0.059375 0.0265625 0.000142521
1 0.780469 0.728906 0.0421875 0.0140625 0.00014438
2 0.864062 0.0046875 0.05625 0.00625 0.000147099
0 0.321875 0.896094 0.04375 0.0265625 0.000148959
0 0.992188 0.286719 0.015625 0.0640625 0.000151206
2 0.748438 0.00390625 0.053125 0.0046875 0.000151507
3 0.840625 0.550781 0.021875 0.0140625 0.00015636
1 0.739062 0.55 0.015625 0.00625 0.000158053
1 0.675 0.003125 0.053125 0.00625 0.000158839
3 0.0484375 0.211719 0.065625 0.110937 0.00016366
1 0.794531 0.00546875 0.0796875 0.0109375 0.000169222
1 0.617188 0.214062 0.0375 0.015625 0.000170466
0 0.99375 0.201562 0.0125 0.034375 0.00017081
0 0.992188 0.246094 0.015625 0.0671875 0.000173363
1 0.661719 0.0046875 0.0796875 0.009375 0.000175398
0 0.321094 0.916406 0.0453125 0.0265625 0.000177103
0 0.992969 0.164062 0.0140625 0.034375 0.000181591
2 0.827344 0.0046875 0.0546875 0.00625 0.000184154
1 0.638281 0.00234375 0.0515625 0.0046875 0.000184739
1 0.992188 0.995313 0.015625 0.009375 0.000194551
1 0.7125 0.0046875 0.078125 0.009375 0.000195191
2 0.789062 0.0046875 0.053125 0.00625 0.000195559
1 0.588281 0.71875 0.0203125 0.009375 0.000196078
2 0.709375 0.00390625 0.05 0.0046875 0.00019745
1 0.326562 0.00234375 0.04375 0.0046875 0.00020434
0 0.320312 0.875 0.040625 0.025 0.000204996
0 0.308594 0.764844 0.0390625 0.0515625 0.000207363
0 0.988281 0.142969 0.0234375 0.0609375 0.000211585
0 0.991406 0.20625 0.0171875 0.06875 0.000215264
0 0.309375 0.745313 0.05 0.0875 0.000216518
0 0.833594 0.548437 0.0546875 0.040625 0.000217902
3 0.847656 0.535937 0.0265625 0.01875 0.000218459
0 0.99375 0.182031 0.0125 0.0328125 0.000219962
0 0.866406 0.667188 0.0171875 0.021875 0.000222066
0 0.859375 0.632812 0.021875 0.025 0.000225393
1 0.291406 0.00234375 0.0421875 0.0046875 0.000229056
0 0.989844 0.171875 0.0203125 0.065625 0.00024227
1 0.595312 0.211719 0.01875 0.0078125 0.000244785
1 0.00625 0.983594 0.0125 0.0296875 0.000252099
1 0.751562 0.732031 0.0375 0.0109375 0.000254352
1 0.982813 0.985937 0.034375 0.028125 0.00025724
1 0.959375 0.00703125 0.06875 0.0140625 0.000261394
0 0.296094 0.5875 0.0421875 0.028125 0.000262671
3 0.0679687 0.223438 0.0234375 0.025 0.000269165
1 0.721094 0.553125 0.0171875 0.00625 0.00027167
0 0.864062 0.644531 0.0375 0.0328125 0.00027273
0 0.8375 0.533594 0.040625 0.0265625 0.000284067
0 0.295312 0.664062 0.0375 0.01875 0.000286725
1 0.839844 0.542188 0.0203125 0.015625 0.000316897
1 0.591406 0.725 0.0234375 0.009375 0.000335957
0 0.864062 0.642969 0.021875 0.0515625 0.000369355
0 0.296875 0.605469 0.053125 0.0515625 0.000394993
1 0.989844 0.991406 0.0203125 0.0109375 0.000406873
1 0.009375 0.985937 0.01875 0.015625 0.000514433
0 0.861719 0.6625 0.0171875 0.021875 0.000663586
3 0.0726563 0.215625 0.0234375 0.05625 0.000702801
0 0.298438 0.601562 0.040625 0.028125 0.000703803
0 0.310156 0.7875 0.0421875 0.03125 0.000704417
3 0.0742188 0.214844 0.0421875 0.0390625 0.000759983
3 0.840625 0.544531 0.01875 0.0109375 0.000774143
0 0.297656 0.625781 0.0546875 0.0546875 0.000928965
0 0.860156 0.645312 0.0203125 0.021875 0.00103612
2 0.983594 0.003125 0.0328125 0.00625 0.00157367
1 0.842969 0.542969 0.0171875 0.0078125 0.00223547
0 0.301562 0.647656 0.04375 0.0453125 0.00238358
3 0.0734375 0.220313 0.01875 0.015625 0.00249112
3 0.84375 0.535937 0.01875 0.009375 0.00338164
0 0.299219 0.653906 0.0390625 0.0234375 0.00556023
0 0.310156 0.803906 0.0390625 0.0265625 0.00869136
0 0.309375 0.948438 0.040625 0.028125 0.0110016
0 0.310156 0.817969 0.0390625 0.0265625 0.01612
0 0.309375 0.889844 0.040625 0.0265625 0.018252
0 0.310156 0.920313 0.0390625 0.028125 0.0228651
0 0.308594 0.904688 0.0390625 0.046875 0.0381201
0 0.309375 0.846875 0.040625 0.0375 0.044876
0 0.309375 0.934375 0.040625 0.028125 0.0596297
0 0.309375 0.861719 0.0375 0.0265625 0.0635743
0 0.309375 0.875781 0.0375 0.0453125 0.0909101
3 0.2875 0.476562 0.0375 0.025 0.408374
1 0.307813 0.990625 0.0375 0.009375 0.672524
3 0.283594 0.446875 0.0359375 0.0125 0.74517
2 0.286719 0.475781 0.0359375 0.0234375 0.857008
