0 0.640625 0.782812 0.025 0.05 0.000100067
3 0.090625 0.622656 0.04375 0.0390625 0.000101794
2 0.0515625 0.671875 0.0375 0.0375 0.0001018
1 0.5125 0.792188 0.065625 0.0625 0.000101816
1 0.492188 0.00234375 0.04375 0.0046875 0.000101909
1 0.317969 0.957812 0.0265625 0.0125 0.000102859
1 0.289844 0.929688 0.0359375 0.021875 0.000102963
1 0.278125 0.957031 0.025 0.0109375 0.000103577
1 0.376563 0.00234375 0.04375 0.0046875 0.000104495
3 0.840625 0.192969 0.05625 0.0453125 0.000104521
1 0.625781 0.003125 0.0359375 0.00625 0.00010672
1 0.732813 0.00703125 0.1 0.0140625 0.000107712
2 0.0515625 0.342969 0.0375 0.0359375 0.000108767
3 0.883594 0.495313 0.0203125 0.0125 0.000108872
1 0.403125 0.104687 0.06875 0.025 0.000110376
2 0.0492188 0.692187 0.0390625 0.034375 0.000111461
2 0.0484375 0.727344 0.04375 0.0390625 0.000115434
1 0.546094 0.579687 0.0234375 0.0125 0.000118084
1 0.65625 0.00703125 0.096875 0.0140625 0.000119568
3 0.199219 0.285937 0.0171875 0.021875 0.000122191
1 0.0921875 0.900781 0.04375 0.0921875 0.000123723
3 0.854688 0.179688 0.059375 0.046875 0.000123923
3 0.090625 0.364062 0.05 0.05 0.000124396
1 0.161719 0.910156 0.0484375 0.0828125 0.000124616
2 0.0484375 0.3 0.040625 0.040625 0.000127001
3 0.0945313 0.730469 0.0203125 0.0703125 0.000128165
3 0.840625 0.19375 0.03125 0.06875 0.000128951
2 0.0476562 0.746094 0.0421875 0.0390625 0.000129282
1 0.555469 0.571094 0.0484375 0.0203125 0.000130682
3 0.854688 0.179688 0.028125 0.075 0.00013098
2 0.0460938 0.132031 0.0421875 0.0421875 0.000131149
3 0.0898438 0.364844 0.0234375 0.0765625 0.000131975
2 0.046875 0.822656 0.04375 0.0421875 0.000136435
3 0.0953125 0.728906 0.040625 0.0484375 0.000137657
1 0.83125 0.954687 0.0375 0.0125 0.000138651
2 0.046875 0.225 0.040625 0.04375 0.000138769
3 0.188281 0.291406 0.0140625 0.0203125 0.000140923
1 0.63125 0.00625 0.04375 0.0125 0.000141305
3 0.854688 0.59375 0.015625 0.028125 0.000141787
1 0.360156 0.00703125 0.0953125 0.0140625 0.000142004
0 0.657031 0.638281 0.0453125 0.0796875 0.00014349
1 0.642969 0.003125 0.0359375 0.00625 0.000143845
1 0.61875 0.949219 0.021875 0.0171875 0.000144991
2 0.0460938 0.88125 0.0421875 0.040625 0.000150524
3 0.096875 0.151562 0.05625 0.059375 0.000153232
0 0.635938 0.746094 0.021875 0.0453125 0.000154411
1 0.528906 0.00234375 0.0421875 0.0046875 0.00015465
2 0.0460938 0.170312 0.0421875 0.04375 0.000158431
3 0.845312 0.611719 0.021875 0.0171875 0.00016167
3 0.9875 0.164062 0.025 0.090625 0.000162798
3 0.0953125 0.153125 0.03125 0.084375 0.000163676
2 0.0484375 0.785156 0.04375 0.0421875 0.000163803
0 0.627344 0.752344 0.0296875 0.0265625 0.000164973
2 0.0460938 0.189063 0.0421875 0.04375 0.000166683
3 0.852344 0.603906 0.0484375 0.0328125 0.000167098
2 0.046875 0.207031 0.040625 0.0421875 0.000167532
0 0.628906 0.799219 0.0234375 0.0265625 0.000168472
2 0.0453125 0.841406 0.04375 0.0421875 0.000168686
1 0.742188 0.0046875 0.065625 0.009375 0.000169789
3 0.185156 0.285156 0.0140625 0.0203125 0.000171697
3 0.2 0.258594 0.015625 0.0234375 0.000171957
0 0.664062 0.582031 0.025 0.0234375 0.000175234
1 0.285937 0.003125 0.059375 0.00625 0.000179195
0 0.339063 0.248437 0.015625 0.01875 0.000186904
0 0.660156 0.542188 0.0390625 0.03125 0.000196609
3 0.851562 0.603906 0.028125 0.0515625 0.000198609
2 0.046875 0.285156 0.040625 0.0421875 0.000206129
1 0.710156 0.00390625 0.0609375 0.0078125 0.000207911
0 0.632031 0.669531 0.0296875 0.0390625 0.000209097
3 0.871094 0.495313 0.0203125 0.009375 0.000210639
3 0.96875 0.157813 0.0625 0.125 0.000214659
2 0.0460938 0.151562 0.0421875 0.04375 0.000219968
1 0.636719 0.0820312 0.0359375 0.0515625 0.000227889
1 0.423438 0.00546875 0.090625 0.0109375 0.000229212
2 0.046875 0.245312 0.040625 0.04375 0.000234138
1 0.325781 0.003125 0.0609375 0.00625 0.000238895
2 0.046875 0.265625 0.040625 0.04375 0.000242897
2 0.046875 0.767187 0.040625 0.040625 0.000243796
1 0.627344 0.753125 0.0296875 0.025 0.000252753
0 0.642187 0.745313 0.03125 0.025 0.000272526
1 0.567969 0.00703125 0.0890625 0.0140625 0.000277243
0 0.621094 0.940625 0.0234375 0.025 0.000277534
0 0.63125 0.79375 0.021875 0.05 0.000279594
1 0.5125 0.00625 0.090625 0.0125 0.000311623
0 0.628906 0.636719 0.0484375 0.0328125 0.000313586
3 0.188281 0.242969 0.0140625 0.0203125 0.000329595
1 0.670313 0.003125 0.05625 0.00625 0.000335793
1 0.436719 0.003125 0.0640625 0.00625 0.000353312
0 0.623438 0.889844 0.021875 0.0234375 0.000370111
1 0.565625 0.003125 0.040625 0.00625 0.000371554
1 0.365625 0.003125 0.0625 0.00625 0.00038065
0 0.630469 0.705469 0.0328125 0.0265625 0.000447489
0 0.625 0.875781 0.021875 0.0265625 0.00045248
0 0.635938 0.7125 0.025 0.021875 0.000471354
1 0.396094 0.003125 0.0609375 0.00625 0.000480365
1 0.621094 0.944531 0.0359375 0.0296875 0.000490285
3 0.708594 0.496875 0.0234375 0.028125 0.000492094
0 0.623438 0.860156 0.03125 0.0296875 0.00049517
1 0.480469 0.003125 0.0609375 0.00625 0.000502457
0 0.64375 0.623438 0.028125 0.025 0.000545525
1 0.630469 0.00390625 0.0578125 0.0078125 0.000558842
2 0.71875 0.510156 0.028125 0.0234375 0.000603198
0 0.640625 0.707031 0.028125 0.0453125 0.000636356
0 0.667188 0.551562 0.028125 0.028125 0.000658958
3 0.0914062 0.127344 0.0359375 0.0703125 0.000662382
0 0.628125 0.817187 0.021875 0.025 0.000672123
0 0.629687 0.838281 0.021875 0.0515625 0.000775578
1 0.517187 0.003125 0.059375 0.00625 0.000789419
0 0.700781 0.539844 0.0265625 0.0328125 0.000870643
1 0.582031 0.003125 0.0578125 0.00625 0.000872591
1 0.546875 0.003125 0.05625 0.00625 0.00115474
3 0.196094 0.242188 0.0140625 0.01875 0.00143503
0 0.625781 0.850781 0.0203125 0.0421875 0.00173561
3 0.73125 0.503906 0.021875 0.0203125 0.00183356
0 0.638281 0.697656 0.0265625 0.0234375 0.00214067
1 0.0351562 0.95 0.0703125 0.059375 0.00276518
0 0.639844 0.683594 0.0234375 0.0234375 0.00286446
0 0.626562 0.833594 0.025 0.0265625 0.00332242
1 0.0148437 0.957031 0.0296875 0.0171875 0.00374506
0 0.640625 0.672656 0.025 0.0265625 0.0138267
0 0.659375 0.563281 0.025 0.0234375 0.0236973
0 0.645312 0.646875 0.025 0.028125 0.0284177
0 0.642969 0.659375 0.0234375 0.025 0.0369679
1 0.0171875 0.952344 0.034375 0.0140625 0.0406834
0 0.648438 0.613281 0.025 0.0265625 0.0840516
0 0.650781 0.6 0.0234375 0.025 0.164956
0 0.652344 0.590625 0.0265625 0.025 0.369013
3 0.714063 0.503906 0.025 0.0265625 0.467394
0 0.655469 0.582031 0.0234375 0.0265625 0.468402
3 0.723437 0.498437 0.01875 0.01875 0.537406
1 0.622656 0.954687 0.0234375 0.009375 0.81035
2 0.713281 0.504687 0.0265625 0.025 0.847006
