0 0.99375 0.441406 0.0125 0.0609375 0.000100371
1 0.566406 0.00390625 0.0515625 0.0078125 0.000102919
1 0.505469 0.0101562 0.0953125 0.0203125 0.000104965
1 0.417188 0.003125 0.0375 0.00625 0.000105797
1 0.432813 0.984375 0.028125 0.0125 0.0001064
1 0.599219 0.207813 0.0171875 0.009375 0.00010674
1 0.114063 0.980469 0.1 0.0390625 0.000107845
1 0.70625 0.003125 0.04375 0.00625 0.000108937
0 0.992969 0.326562 0.0140625 0.065625 0.000109098
1 0.45 0.003125 0.034375 0.00625 0.000109991
1 0.815625 0.98125 0.09375 0.0375 0.000110292
0 0.992969 0.364844 0.0140625 0.0640625 0.000110468
1 0.896094 0.983594 0.0828125 0.0328125 0.000111115
0 0.86875 0.675 0.015625 0.01875 0.000112335
1 0.210938 0.00859375 0.078125 0.0171875 0.000112599
0 0.859375 0.527344 0.05 0.0953125 0.000114439
0 0.985937 0.169531 0.028125 0.0421875 0.000115214
1 0.502344 0.980469 0.110937 0.0390625 0.000116831
1 0.589063 0.838281 0.084375 0.0703125 0.000116887
1 0.860937 0.00625 0.084375 0.0125 0.000118345
2 0.978125 0.00546875 0.04375 0.0078125 0.000119367
0 0.639844 0.585938 0.0203125 0.021875 0.000121483
0 0.992969 0.2875 0.0140625 0.065625 0.000128836
0 0.265625 0.342969 0.040625 0.0546875 0.000131316
1 0.995313 0.985937 0.009375 0.015625 0.000132051
1 0.592188 0.2 0.01875 0.009375 0.000136658
1 0.409375 0.0046875 0.075 0.009375 0.000138269
2 0.864062 0.00546875 0.05625 0.0078125 0.000139091
0 0.99375 0.201562 0.0125 0.034375 0.000139169
0 0.844531 0.65 0.101562 0.078125 0.000139981
0 0.990625 0.14375 0.01875 0.028125 0.000141087
1 0.604688 0.726562 0.04375 0.0125 0.000143864
0 0.857813 0.526563 0.078125 0.05 0.000149654
1 0.661719 0.0046875 0.0796875 0.009375 0.000149918
0 0.992188 0.247656 0.015625 0.0671875 0.000150002
0 0.878906 0.65 0.0609375 0.13125 0.000156707
1 0.717188 0.729688 0.046875 0.015625 0.000158207
0 0.853125 0.665625 0.0375 0.03125 0.000158238
2 0.748438 0.0046875 0.053125 0.00625 0.000161335
0 0.853125 0.664062 0.021875 0.05 0.000161596
1 0.285937 0.00546875 0.0625 0.0109375 0.000164958
2 0.711719 0.003125 0.0515625 0.00625 0.000167293
1 0.4375 0.00390625 0.034375 0.0078125 0.000167317
1 0.332812 0.0046875 0.065625 0.009375 0.000168812
1 0.6375 0.003125 0.05 0.00625 0.000169783
0 0.609375 0.586719 0.01875 0.0203125 0.000172344
0 0.294531 0.626562 0.0546875 0.071875 0.00017259
1 0.673437 0.003125 0.053125 0.00625 0.000172759
0 0.99375 0.182031 0.0125 0.0328125 0.000176567
1 0.717188 0.0046875 0.078125 0.009375 0.000179436
0 0.297656 0.798437 0.0421875 0.03125 0.000180694
1 0.79375 0.0046875 0.078125 0.009375 0.00018563
0 0.991406 0.207813 0.0171875 0.06875 0.000189363
0 0.275 0.497656 0.05625 0.0359375 0.00019086
2 0.7875 0.0046875 0.053125 0.00625 0.000191871
0 0.304688 0.705469 0.040625 0.0546875 0.000193384
2 0.826563 0.0046875 0.053125 0.00625 0.000200216
0 0.247656 0.373437 0.0578125 0.03125 0.000202259
0 0.846875 0.65 0.0625 0.13125 0.000203329
1 0.379687 0.00234375 0.034375 0.0046875 0.000205269
1 0.24375 0.003125 0.03125 0.00625 0.000208198
0 0.835938 0.553906 0.075 0.0578125 0.000209624
0 0.992969 0.1625 0.0140625 0.034375 0.000212772
1 0.596094 0.728906 0.0453125 0.0234375 0.000218964
0 0.864062 0.6625 0.03125 0.03125 0.000219016
0 0.836719 0.553906 0.0421875 0.101562 0.000219811
1 0.992188 0.995313 0.015625 0.009375 0.000220997
0 0.849219 0.638281 0.0265625 0.0453125 0.000225684
1 0.782812 0.726562 0.04375 0.015625 0.000227274
1 0.959375 0.0078125 0.06875 0.015625 0.000230717
2 0.284375 0.00234375 0.034375 0.0046875 0.000238521
0 0.278125 0.48125 0.059375 0.078125 0.000254191
1 0.402344 0.003125 0.0453125 0.00625 0.000256025
0 0.303906 0.616406 0.0390625 0.0484375 0.000261303
3 0.26875 0.18125 0.059375 0.028125 0.000266836
0 0.989844 0.16875 0.0203125 0.065625 0.0002712
0 0.305469 0.896094 0.0453125 0.0359375 0.00027584
0 0.257812 0.480469 0.059375 0.0484375 0.000278878
3 0.274219 0.160938 0.0359375 0.025 0.000279726
1 0.982813 0.985937 0.034375 0.028125 0.00028057
0 0.271875 0.438281 0.06875 0.107813 0.000284493
0 0.303906 0.751562 0.0421875 0.034375 0.00029889
0 0.989062 0.142969 0.021875 0.0546875 0.000307379
3 0.846094 0.545313 0.0296875 0.021875 0.000311924
1 0.597656 0.203906 0.0171875 0.0078125 0.000314105
0 0.294531 0.686719 0.0390625 0.0578125 0.000315099
0 0.626562 0.588281 0.01875 0.0203125 0.000321971
3 0.840625 0.552344 0.021875 0.0171875 0.00033589
1 0.721875 0.552344 0.015625 0.0078125 0.000338873
1 0.220313 0.003125 0.040625 0.00625 0.000351006
3 0.846875 0.5375 0.028125 0.01875 0.000363965
1 0.340625 0.00234375 0.034375 0.0046875 0.000368406
1 0.360938 0.00234375 0.040625 0.0046875 0.000373446
3 0.838281 0.534375 0.0359375 0.040625 0.000389711
2 0.321094 0.00234375 0.0359375 0.0046875 0.000397865
0 0.863281 0.672656 0.0171875 0.0203125 0.000439223
1 0.302344 0.003125 0.0359375 0.00625 0.00045443
1 0.590625 0.722656 0.021875 0.0109375 0.000459168
1 0.989844 0.991406 0.0203125 0.0109375 0.000462087
2 0.301562 0.00234375 0.034375 0.0046875 0.000487824
1 0.255469 0.00234375 0.0390625 0.0046875 0.00050656
3 0.839063 0.542188 0.025 0.01875 0.000512631
0 0.25625 0.357812 0.05 0.034375 0.000532279
1 0.752344 0.730469 0.0390625 0.0109375 0.000534212
0 0.860937 0.63125 0.021875 0.025 0.000540163
3 0.278125 0.163281 0.0375 0.0140625 0.000578838
0 0.294531 0.629687 0.0453125 0.034375 0.00063538
1 0.324219 0.00234375 0.0390625 0.0046875 0.000682197
1 0.291406 0.00234375 0.0390625 0.0046875 0.00070765
0 0.863281 0.645312 0.0203125 0.046875 0.000750046
0 0.2875 0.649219 0.04375 0.0234375 0.000842975
0 0.270312 0.478125 0.04375 0.025 0.000908643
3 0.842188 0.544531 0.01875 0.0109375 0.0011225
1 0.592969 0.726562 0.0234375 0.009375 0.00118642
2 0.983594 0.003125 0.0328125 0.00625 0.00137882
0 0.257812 0.430469 0.040625 0.0234375 0.00156955
0 0.860937 0.646094 0.01875 0.0234375 0.00162978
0 0.303125 0.942969 0.04375 0.0328125 0.00171942
0 0.861719 0.664062 0.0171875 0.021875 0.00181932
3 0.842188 0.535156 0.01875 0.0109375 0.00191725
0 0.260156 0.367188 0.0421875 0.028125 0.0020156
3 0.274219 0.174219 0.0359375 0.0171875 0.0030872
0 0.300781 0.970312 0.0421875 0.03125 0.0033951
1 0.0101562 0.985937 0.0203125 0.021875 0.00382717
0 0.304688 0.914844 0.04375 0.0328125 0.00418902
1 0.0078125 0.985937 0.015625 0.015625 0.00534648
0 0.296094 0.764063 0.0390625 0.040625 0.00619714
1 0.303906 0.982813 0.0390625 0.015625 0.00748112
0 0.294531 0.640625 0.0421875 0.028125 0.00761735
0 0.269531 0.4625 0.0453125 0.03125 0.00901281
0 0.303906 0.853125 0.0390625 0.03125 0.00983735
0 0.303906 0.870313 0.0421875 0.05 0.0108422
0 0.303906 0.841406 0.0421875 0.0328125 0.0116808
0 0.304688 0.930469 0.040625 0.0296875 0.0132585
0 0.302344 0.815625 0.0390625 0.05 0.0147987
0 0.29375 0.665625 0.0375 0.025 0.0175341
0 0.264844 0.452344 0.0421875 0.0265625 0.0237252
0 0.260156 0.385938 0.0421875 0.028125 0.0447098
0 0.264844 0.4375 0.0421875 0.0375 0.0478319
0 0.263281 0.421094 0.0421875 0.0296875 0.0491436
0 0.302344 0.786719 0.0390625 0.0328125 0.0636433
3 0.274219 0.195312 0.0359375 0.021875 0.356604
0 0.2625 0.403906 0.040625 0.0328125 0.362678
0 0.296094 0.655469 0.0390625 0.0296875 0.453377
1 0.302344 0.988281 0.0390625 0.0109375 0.755074
3 0.278125 0.16875 0.034375 0.0125 0.776641
2 0.274219 0.196094 0.0359375 0.0203125 0.858983
