0 0.992969 0.403125 0.0140625 0.0625 0.000100652
2 0.761719 0.003125 0.0453125 0.00625 0.00010125
0 0.985937 0.108594 0.028125 0.0671875 0.000101726
0 0.986719 0.207031 0.0265625 0.0453125 0.000102098
1 0.242969 0.003125 0.0296875 0.00625 0.000102473
1 0.582812 0.977344 0.109375 0.0453125 0.000103939
1 0.738281 0.553906 0.0171875 0.0109375 0.000104787
1 0.410156 0.984375 0.0765625 0.03125 0.000105594
1 0.792969 0.361719 0.0328125 0.0171875 0.000106309
1 0.598437 0.727344 0.021875 0.0109375 0.000107457
0 0.992969 0.365625 0.0140625 0.065625 0.000107631
2 0.0859375 0.289844 0.021875 0.0171875 0.000107663
1 0.335156 0.0976562 0.0515625 0.0234375 0.000107773
0 0.99375 0.441406 0.0125 0.0609375 0.000108918
1 0.510938 0.0117188 0.09375 0.0234375 0.00011101
0 0.867969 0.672656 0.0359375 0.0328125 0.000112052
3 0.071875 0.21875 0.021875 0.015625 0.000112261
3 0.841406 0.553125 0.0203125 0.015625 0.000112671
0 0.992969 0.326562 0.0140625 0.065625 0.000114598
0 0.994531 0.220313 0.0109375 0.034375 0.000118117
3 0.852344 0.535156 0.0359375 0.0203125 0.000120747
1 0.13125 0.0390625 0.028125 0.040625 0.000120858
0 0.985937 0.172656 0.028125 0.0421875 0.000122424
0 0.867969 0.670313 0.0203125 0.05625 0.000122605
1 0.839063 0.539844 0.03125 0.0171875 0.000123907
0 0.282813 0.582031 0.034375 0.0234375 0.000125022
3 0.2375 0.272656 0.028125 0.0203125 0.000125493
1 0.449219 0.003125 0.0296875 0.00625 0.000127811
1 0.594531 0.965625 0.0578125 0.028125 0.00012795
2 0.863281 0.00546875 0.0578125 0.0078125 0.00013101
1 0.758594 0.364062 0.0359375 0.01875 0.000132527
1 0.289062 0.0046875 0.0625 0.009375 0.000133697
2 0.978125 0.00546875 0.04375 0.0078125 0.000134084
1 0.71875 0.730469 0.046875 0.0171875 0.000135122
0 0.25625 0.382031 0.03125 0.0234375 0.000136104
1 0.857813 0.00625 0.084375 0.0125 0.000138058
0 0.253125 0.272656 0.04375 0.0296875 0.000139897
1 0.217969 0.00234375 0.0421875 0.0046875 0.000141068
3 0.245312 0.267188 0.025 0.040625 0.000143167
1 0.590625 0.845312 0.096875 0.046875 0.000147233
1 0.720312 0.552344 0.015625 0.0078125 0.000153454
1 0.328906 0.003125 0.0578125 0.00625 0.00015556
0 0.292969 0.707812 0.0296875 0.05625 0.000157507
0 0.992969 0.286719 0.0140625 0.0640625 0.000158253
1 0.399219 0.00234375 0.0453125 0.0046875 0.000164334
2 0.711719 0.003125 0.0484375 0.00625 0.00016545
1 0.607813 0.725781 0.04375 0.0140625 0.000166862
1 0.610937 0.211719 0.034375 0.0171875 0.000171594
0 0.246875 0.317969 0.04375 0.0484375 0.00017194
1 0.721875 0.0046875 0.075 0.009375 0.000175071
1 0.674219 0.00234375 0.0484375 0.0046875 0.000175185
1 0.666406 0.00390625 0.0765625 0.0078125 0.000176015
1 0.641406 0.00234375 0.0484375 0.0046875 0.00017986
1 0.207813 0.0109375 0.059375 0.021875 0.000181254
0 0.278125 0.642969 0.040625 0.0234375 0.000182027
0 0.257031 0.517969 0.0609375 0.0890625 0.000183971
1 0.992188 0.995313 0.015625 0.009375 0.000186923
0 0.864062 0.639844 0.0375 0.0328125 0.000188376
1 0.378906 0.00234375 0.0296875 0.0046875 0.000188541
0 0.992188 0.246094 0.015625 0.0671875 0.00018912
3 0.240625 0.221094 0.028125 0.0140625 0.000189459
2 0.748438 0.00390625 0.05 0.0046875 0.00019014
0 0.990625 0.14375 0.01875 0.03125 0.000198029
0 0.254687 0.375781 0.05 0.0296875 0.000200804
1 0.786719 0.727344 0.0453125 0.0171875 0.000204666
0 0.99375 0.201562 0.0125 0.034375 0.000209143
0 0.304688 0.7125 0.03125 0.05 0.000213124
1 0.507031 0.982813 0.0890625 0.034375 0.00021749
0 0.992188 0.164062 0.015625 0.034375 0.000220661
1 0.597656 0.209375 0.0171875 0.009375 0.000224245
1 0.792969 0.0046875 0.0765625 0.009375 0.000227296
0 0.272656 0.485938 0.0359375 0.034375 0.000233111
2 0.826563 0.0046875 0.053125 0.00625 0.000233549
3 0.84375 0.546094 0.01875 0.0109375 0.000241405
2 0.0078125 0.0210938 0.015625 0.0328125 0.000242309
0 0.991406 0.20625 0.0171875 0.06875 0.000246349
1 0.982031 0.985937 0.0359375 0.028125 0.000250786
1 0.960156 0.0078125 0.0703125 0.015625 0.000251836
2 0.788281 0.0046875 0.0515625 0.00625 0.000260818
0 0.99375 0.182031 0.0125 0.0328125 0.000263055
0 0.864062 0.639844 0.021875 0.0546875 0.000273572
2 0.0835937 0.28125 0.0203125 0.01875 0.000274947
1 0.360156 0.00234375 0.0390625 0.0046875 0.000275297
0 0.988281 0.142969 0.0234375 0.0578125 0.000281832
1 0.752344 0.73125 0.0421875 0.0125 0.00029066
2 0.319531 0.00234375 0.0296875 0.0046875 0.000295038
0 0.989844 0.171094 0.0203125 0.0640625 0.00029951
1 0.257812 0.00234375 0.0375 0.0046875 0.000302154
0 0.861719 0.639844 0.0203125 0.0234375 0.000315128
0 0.297656 0.747656 0.0296875 0.0296875 0.000316422
0 0.275 0.557031 0.028125 0.0203125 0.000334973
1 0.339063 0.00234375 0.03125 0.0046875 0.000338307
0 0.270312 0.436719 0.0375 0.0828125 0.000354266
2 0.282813 0.00234375 0.03125 0.0046875 0.000359945
1 0.842188 0.54375 0.01875 0.009375 0.000362132
2 0.3 0.00234375 0.03125 0.0046875 0.000381299
0 0.859375 0.628906 0.021875 0.0234375 0.000392026
0 0.2625 0.414062 0.03125 0.021875 0.000395543
0 0.266406 0.557031 0.0484375 0.0734375 0.000399409
1 0.989844 0.991406 0.0203125 0.0109375 0.000404078
0 0.294531 0.659375 0.0265625 0.0375 0.000410965
1 0.300781 0.00234375 0.0296875 0.0046875 0.000428269
0 0.264062 0.435937 0.03125 0.021875 0.000429597
0 0.28125 0.660156 0.0375 0.0234375 0.000435493
0 0.29375 0.64375 0.0375 0.025 0.000446542
1 0.322656 0.00234375 0.0359375 0.0046875 0.000460815
1 0.0046875 0.985156 0.009375 0.0234375 0.000502263
0 0.245312 0.336719 0.05 0.0546875 0.00050783
1 0.595312 0.725 0.021875 0.009375 0.000517549
0 0.864844 0.675 0.0171875 0.01875 0.000569268
1 0.289844 0.00234375 0.0359375 0.0046875 0.000592321
3 0.845312 0.535156 0.01875 0.0109375 0.000711427
0 0.266406 0.464063 0.0296875 0.015625 0.000727844
0 0.261719 0.404687 0.0359375 0.028125 0.000733336
0 0.286719 0.646094 0.0328125 0.0453125 0.000763554
0 0.278906 0.566406 0.0328125 0.0265625 0.00086396
0 0.267188 0.450781 0.0375 0.0265625 0.000929928
0 0.301562 0.957812 0.028125 0.0375 0.00124825
1 0.00859375 0.985937 0.0171875 0.0125 0.00127882
3 0.250781 0.228125 0.0296875 0.0125 0.00138915
2 0.982813 0.003125 0.034375 0.00625 0.00155341
2 0.25 0.242969 0.03125 0.0203125 0.00157336
0 0.290625 0.654688 0.03125 0.01875 0.00157552
0 0.303125 0.903906 0.03125 0.0421875 0.00169339
0 0.303906 0.928125 0.0296875 0.03125 0.00189328
0 0.301562 0.833594 0.03125 0.0296875 0.00229722
1 0.301562 0.978906 0.025 0.0234375 0.0024591
0 0.303125 0.8625 0.028125 0.034375 0.00255848
0 0.299219 0.760938 0.0265625 0.03125 0.00284079
0 0.304688 0.878125 0.03125 0.05625 0.00308869
0 0.275 0.535156 0.03125 0.0296875 0.00522401
0 0.300781 0.815625 0.0296875 0.025 0.00571303
0 0.298438 0.776563 0.028125 0.03125 0.0093171
0 0.300781 0.798437 0.0296875 0.040625 0.0138064
0 0.298438 0.788281 0.025 0.0265625 0.0248433
3 0.246875 0.2625 0.028125 0.01875 0.119574
0 0.275781 0.545313 0.0265625 0.01875 0.673768
1 0.302344 0.9875 0.0265625 0.009375 0.755767
3 0.242969 0.230469 0.0265625 0.0109375 0.78466
2 0.246875 0.2625 0.028125 0.01875 0.874774
