2 0.0460938 0.132031 0.0421875 0.0453125 0.000100439
0 0.646094 0.803125 0.0265625 0.028125 0.000101166
1 0.510938 0.791406 0.0625 0.0609375 0.000102536
2 0.0484375 0.710938 0.040625 0.0375 0.000102646
1 0.0203125 0.946875 0.040625 0.01875 0.000103392
2 0.0484375 0.096875 0.04375 0.04375 0.000104411
0 0.675781 0.661719 0.0390625 0.0265625 0.000108727
3 0.800781 0.197656 0.0515625 0.0421875 0.000109062
3 0.189844 0.317969 0.0140625 0.0171875 0.000109282
1 0.719531 0.3125 0.0171875 0.00625 0.0001119
3 0.0953125 0.322656 0.05 0.0546875 0.000111921
3 0.0945313 0.325 0.0234375 0.08125 0.000113084
1 0.903906 0.889063 0.0390625 0.05 0.000117472
0 0.676562 0.661719 0.025 0.0484375 0.000119348
2 0.046875 0.728125 0.040625 0.0375 0.000119961
3 0.985937 0.777344 0.028125 0.0921875 0.000121421
1 0.564844 0.374219 0.0390625 0.0171875 0.00012202
3 0.964844 0.771875 0.0703125 0.134375 0.000122342
2 0.0460938 0.207031 0.0421875 0.0421875 0.000125431
3 0.0929687 0.364062 0.0453125 0.046875 0.00012697
0 0.651563 0.75 0.0375 0.03125 0.000126972
1 0.0898438 0.901563 0.0453125 0.090625 0.00012908
1 0.748438 0.00625 0.06875 0.0125 0.000129248
1 0.525 0.378125 0.046875 0.015625 0.000129906
0 0.640625 0.727344 0.05625 0.0640625 0.000129931
2 0.0460938 0.840625 0.0421875 0.04375 0.000133163
3 0.0929687 0.365625 0.0203125 0.071875 0.000136611
1 0.160156 0.911719 0.0484375 0.0796875 0.000136686
1 0.344531 0.642969 0.0234375 0.0140625 0.000137678
3 0.803125 0.20625 0.021875 0.025 0.000138097
2 0.0460938 0.803906 0.0421875 0.0421875 0.000138525
2 0.0484375 0.342969 0.0375 0.0390625 0.000139952
2 0.046875 0.300781 0.040625 0.0421875 0.000140547
3 0.8 0.198437 0.028125 0.0625 0.000145531
2 0.0460938 0.902344 0.0421875 0.0421875 0.000146339
2 0.0476562 0.150781 0.0421875 0.0421875 0.000146359
2 0.0460938 0.861719 0.0421875 0.0421875 0.000149744
3 0.75625 0.539844 0.025 0.0265625 0.000151444
3 0.835156 0.196094 0.0328125 0.0734375 0.00015265
1 0.290625 0.928125 0.0375 0.021875 0.000153178
3 0.09375 0.132031 0.021875 0.0359375 0.000157255
3 0.0953125 0.151562 0.059375 0.0625 0.000161321
2 0.046875 0.321094 0.0375 0.0390625 0.00016317
3 0.096875 0.736719 0.040625 0.0484375 0.000165317
3 0.0859375 0.164062 0.09375 0.128125 0.000165759
1 0.285156 0.00390625 0.0609375 0.0078125 0.00016576
2 0.0460938 0.189063 0.0421875 0.04375 0.000166051
1 0.644531 0.00703125 0.0921875 0.0140625 0.000168254
3 0.0960938 0.7375 0.0203125 0.06875 0.0001695
1 0.701563 0.0046875 0.065625 0.009375 0.000171604
3 0.0992187 0.767969 0.0453125 0.0546875 0.000175528
3 0.0976562 0.76875 0.0234375 0.078125 0.000178059
1 0.640625 0.958594 0.03125 0.0109375 0.000178287
3 0.9875 0.163281 0.025 0.0890625 0.000178886
2 0.0453125 0.283594 0.040625 0.0421875 0.000182447
1 0.627344 0.003125 0.0390625 0.00625 0.000185304
0 0.655469 0.722656 0.0265625 0.0234375 0.000189332
2 0.0476562 0.785937 0.0421875 0.04375 0.000195958
2 0.0460938 0.226562 0.0421875 0.04375 0.00019792
0 0.640625 0.839844 0.03125 0.0265625 0.000198848
2 0.046875 0.767969 0.040625 0.0390625 0.000209955
2 0.0460938 0.882812 0.0421875 0.040625 0.000210274
1 0.642187 0.003125 0.0375 0.00625 0.000212114
1 0.660937 0.003125 0.0375 0.00625 0.000212576
3 0.970312 0.155469 0.059375 0.117188 0.000215238
2 0.046875 0.170312 0.040625 0.04375 0.000217312
3 0.872656 0.495313 0.0203125 0.009375 0.000240615
2 0.0484375 0.246094 0.040625 0.0421875 0.000241225
0 0.651563 0.791406 0.021875 0.0390625 0.000244407
1 0.635156 0.0828125 0.0359375 0.053125 0.00024619
2 0.046875 0.264062 0.040625 0.04375 0.000253386
1 0.371094 0.00703125 0.0953125 0.0140625 0.000260213
0 0.639063 0.872656 0.025 0.0203125 0.000262279
0 0.625 0.810938 0.046875 0.053125 0.000264366
0 0.663281 0.702344 0.0265625 0.0421875 0.000266454
1 0.33125 0.003125 0.0625 0.00625 0.000278227
0 0.645312 0.653125 0.05625 0.096875 0.000282372
3 0.789844 0.542969 0.0265625 0.0171875 0.00029119
0 0.654688 0.829687 0.040625 0.065625 0.000293823
0 0.655469 0.740625 0.0328125 0.028125 0.000314705
0 0.338281 0.442187 0.0140625 0.01875 0.00031885
1 0.4125 0.00234375 0.046875 0.0046875 0.000324881
1 0.660937 0.00390625 0.059375 0.0078125 0.00032985
0 0.670313 0.564844 0.05 0.0859375 0.00034395
1 0.50625 0.00625 0.09375 0.0125 0.000347104
0 0.754687 0.602344 0.021875 0.0453125 0.000353338
0 0.646094 0.815625 0.0234375 0.025 0.000381
1 0.566406 0.00625 0.0859375 0.0125 0.000403295
1 0.417188 0.00546875 0.0875 0.0109375 0.000414841
1 0.564062 0.003125 0.04375 0.00625 0.000427672
0 0.640625 0.857813 0.025 0.025 0.000492968
1 0.48125 0.003125 0.0625 0.00625 0.000556886
2 0.896875 0.367969 0.065625 0.0703125 0.000582554
1 0.370313 0.003125 0.0625 0.00625 0.000590236
1 0.63125 0.003125 0.05625 0.00625 0.000726492
0 0.657812 0.714844 0.028125 0.0234375 0.000782464
1 0.429688 0.003125 0.065625 0.00625 0.000814376
3 0.0914062 0.126563 0.0359375 0.071875 0.000839847
0 0.642187 0.829687 0.028125 0.028125 0.000971537
0 0.657812 0.697656 0.028125 0.0265625 0.000980699
1 0.03125 0.942187 0.0625 0.115625 0.00100238
1 0.397656 0.003125 0.0609375 0.00625 0.00100536
1 0.516406 0.003125 0.0609375 0.00625 0.00101779
1 0.582031 0.003125 0.0578125 0.00625 0.0010806
0 0.661719 0.679688 0.0296875 0.05625 0.00124049
1 0.546875 0.003125 0.059375 0.00625 0.0013993
1 0.0148437 0.958594 0.0296875 0.0171875 0.00159227
0 0.680469 0.583594 0.0265625 0.0265625 0.00159259
1 0.632812 0.951563 0.01875 0.0125 0.00169134
0 0.673437 0.632031 0.025 0.0234375 0.0039505
0 0.667188 0.655469 0.025 0.0328125 0.00412596
0 0.660156 0.6875 0.0265625 0.025 0.00416955
0 0.684375 0.592969 0.028125 0.0234375 0.00453155
0 0.682813 0.605469 0.025 0.0234375 0.00525314
0 0.665625 0.666406 0.025 0.0234375 0.007577
0 0.663281 0.677344 0.0265625 0.0234375 0.00769272
1 0.0171875 0.953125 0.034375 0.0125 0.0200752
0 0.672656 0.620313 0.0265625 0.021875 0.0302387
0 0.760938 0.541406 0.025 0.0265625 0.0594826
0 0.676562 0.600781 0.025 0.0234375 0.328378
0 0.675781 0.6125 0.0265625 0.025 0.713197
1 0.633594 0.955469 0.0203125 0.0078125 0.716718
3 0.775781 0.539844 0.0171875 0.0203125 0.751429
2 0.760938 0.540625 0.021875 0.025 0.850678
