2 0.0460938 0.840625 0.0421875 0.04375 0.000100175
2 0.0492188 0.654688 0.0359375 0.034375 0.0001028
1 0.348437 0.327344 0.01875 0.0109375 0.000102921
1 0.317969 0.957812 0.0265625 0.0125 0.000104889
1 0.278125 0.957031 0.025 0.0109375 0.000105549
0 0.342187 0.632031 0.01875 0.0234375 0.000105776
1 0.411719 0.00234375 0.0453125 0.0046875 0.000107428
1 0.735937 0.00703125 0.096875 0.0140625 0.000109189
3 0.988281 0.159375 0.0234375 0.090625 0.00010923
3 0.785937 0.192969 0.065625 0.132812 0.000110486
3 0.20625 0.326562 0.015625 0.053125 0.000110675
0 0.625 0.895312 0.021875 0.021875 0.000111131
1 0.903125 0.889063 0.0375 0.05 0.000111285
3 0.1875 0.38125 0.0125 0.01875 0.000111589
0 0.61875 0.442187 0.03125 0.053125 0.00011287
0 0.599219 0.433594 0.0640625 0.0828125 0.000113937
2 0.0445312 0.822656 0.0421875 0.0453125 0.000114513
2 0.0484375 0.671875 0.0375 0.0375 0.000116436
1 0.0914062 0.901563 0.0453125 0.09375 0.000116819
3 0.197656 0.642969 0.0390625 0.0265625 0.000116981
2 0.0460938 0.153125 0.0421875 0.040625 0.000118214
0 0.633594 0.775 0.0234375 0.021875 0.000118466
2 0.0484375 0.728906 0.040625 0.0390625 0.000119204
1 0.600781 0.003125 0.0390625 0.00625 0.00011982
1 0.829687 0.954687 0.0375 0.0125 0.000121549
3 0.989062 0.125 0.021875 0.09375 0.000121771
1 0.161719 0.910156 0.0484375 0.0828125 0.000121949
3 0.084375 0.707812 0.071875 0.05 0.000123051
0 0.346094 0.645312 0.0234375 0.015625 0.000123413
0 0.636719 0.740625 0.0234375 0.021875 0.000124044
3 0.885156 0.496094 0.0203125 0.0171875 0.000129499
1 0.557031 0.571094 0.0484375 0.0203125 0.00013556
1 0.628125 0.957031 0.025 0.0078125 0.000141452
2 0.046875 0.171094 0.040625 0.0421875 0.000144673
2 0.0476562 0.361719 0.0359375 0.0359375 0.000145001
3 0.0921875 0.361719 0.04375 0.0484375 0.000145597
0 0.638281 0.717969 0.0265625 0.0234375 0.00014573
1 0.246875 0.003125 0.059375 0.00625 0.000145767
1 0.647656 0.00703125 0.0921875 0.0140625 0.000146799
1 0.565625 0.375781 0.040625 0.0171875 0.00014723
3 0.0914062 0.363281 0.0203125 0.0734375 0.000149488
2 0.0445312 0.882031 0.0421875 0.0421875 0.000150084
2 0.046875 0.189844 0.040625 0.0421875 0.000151734
2 0.046875 0.324219 0.0375 0.0390625 0.000153026
2 0.05 0.342969 0.0375 0.0390625 0.000153627
1 0.450781 0.00234375 0.0453125 0.0046875 0.00015386
0 0.607813 0.407031 0.025 0.0234375 0.000154121
0 0.621094 0.860937 0.0390625 0.03125 0.0001559
0 0.339063 0.441406 0.015625 0.0234375 0.000156616
2 0.0460938 0.784375 0.0421875 0.04375 0.000157666
2 0.0484375 0.691406 0.0375 0.0359375 0.000160699
1 0.626562 0.753906 0.034375 0.0234375 0.000160902
3 0.0960938 0.696094 0.0328125 0.0453125 0.000161203
3 0.875 0.495313 0.021875 0.009375 0.000161792
3 0.0953125 0.696094 0.015625 0.0640625 0.000162847
2 0.0460938 0.900781 0.0421875 0.0421875 0.00016336
0 0.660937 0.558594 0.03125 0.0265625 0.000167608
0 0.632812 0.7875 0.03125 0.034375 0.000168935
1 0.340625 0.321094 0.01875 0.0109375 0.000170887
0 0.6375 0.702344 0.025 0.0203125 0.000172815
2 0.0460938 0.226562 0.0421875 0.04375 0.000173527
0 0.6375 0.753906 0.03125 0.0296875 0.000175287
2 0.0460938 0.246094 0.0421875 0.0421875 0.000175719
3 0.0929687 0.154687 0.0578125 0.059375 0.000179188
2 0.0476562 0.746875 0.0421875 0.040625 0.000183161
1 0.710156 0.0046875 0.0609375 0.009375 0.000185734
2 0.046875 0.766406 0.040625 0.0421875 0.000187625
1 0.632031 0.00625 0.0421875 0.0125 0.000188815
3 0.0921875 0.155469 0.03125 0.0828125 0.000189484
1 0.0203125 0.947656 0.040625 0.0203125 0.000192381
3 0.0882813 0.660156 0.0171875 0.0546875 0.000194121
1 0.660156 0.003125 0.0359375 0.00625 0.000202533
0 0.607813 0.447656 0.046875 0.0296875 0.000205203
0 0.625 0.871875 0.021875 0.028125 0.00020714
0 0.621875 0.940625 0.025 0.021875 0.000207789
3 0.0984375 0.735937 0.021875 0.06875 0.0002082
2 0.0460938 0.207813 0.0421875 0.04375 0.000211635
2 0.0460938 0.284375 0.0421875 0.04375 0.00021492
3 0.0992187 0.733594 0.0421875 0.0484375 0.000216856
0 0.628906 0.819531 0.0265625 0.0265625 0.000217158
1 0.75 0.0046875 0.0625 0.009375 0.000217343
1 0.635938 0.0820312 0.034375 0.0515625 0.000221583
3 0.180469 0.221875 0.0203125 0.025 0.000224178
1 0.646094 0.003125 0.0359375 0.00625 0.0002243
1 0.282813 0.003125 0.059375 0.00625 0.000224754
3 0.0890625 0.659375 0.034375 0.0375 0.000226103
0 0.609375 0.455469 0.028125 0.0203125 0.000234214
0 0.657812 0.628125 0.05 0.053125 0.000237897
0 0.621094 0.817187 0.0359375 0.05 0.000252204
1 0.620313 0.945312 0.040625 0.03125 0.000252668
0 0.64375 0.745313 0.03125 0.025 0.000253916
1 0.360938 0.00625 0.090625 0.0125 0.000271744
3 0.186719 0.321094 0.0140625 0.0171875 0.000274379
2 0.046875 0.264844 0.040625 0.0453125 0.000288485
1 0.661719 0.00390625 0.0578125 0.0078125 0.000293259
0 0.6375 0.720312 0.040625 0.059375 0.000294584
1 0.417188 0.00546875 0.0875 0.0109375 0.000301874
1 0.566406 0.003125 0.0421875 0.00625 0.000345682
1 0.332031 0.003125 0.0578125 0.00625 0.00036516
0 0.641406 0.692187 0.0296875 0.034375 0.000374073
1 0.514844 0.00546875 0.0890625 0.0109375 0.00041574
3 0.969531 0.153125 0.0609375 0.125 0.000417169
1 0.477344 0.003125 0.0640625 0.00625 0.000460626
1 0.5625 0.00625 0.08125 0.0125 0.000489887
3 0.0851562 0.128906 0.0359375 0.0671875 0.000532657
1 0.432813 0.003125 0.0625 0.00625 0.000557609
1 0.397656 0.003125 0.0609375 0.00625 0.000564129
0 0.633594 0.83125 0.0328125 0.053125 0.000614775
1 0.364062 0.003125 0.059375 0.00625 0.000619353
1 0.58125 0.00390625 0.059375 0.0078125 0.000695141
1 0.63125 0.00390625 0.05625 0.0078125 0.000744183
0 0.627344 0.852344 0.0234375 0.0265625 0.000747608
0 0.628125 0.839063 0.025 0.028125 0.000772225
0 0.64375 0.665625 0.025 0.053125 0.000945618
1 0.521875 0.003125 0.059375 0.00625 0.00107147
0 0.653125 0.58125 0.0375 0.04375 0.00138708
1 0.03125 0.942969 0.0625 0.114063 0.00142672
0 0.64375 0.671094 0.025 0.0234375 0.00156258
0 0.65625 0.601562 0.028125 0.021875 0.00161079
1 0.54375 0.00234375 0.05625 0.0046875 0.00217189
0 0.671094 0.551562 0.0296875 0.028125 0.00400369
0 0.646875 0.658594 0.021875 0.0203125 0.0046552
0 0.65 0.635156 0.025 0.0328125 0.0112359
3 0.750781 0.517187 0.0140625 0.01875 0.0147488
0 0.647656 0.648438 0.0234375 0.025 0.0284729
1 0.0179687 0.953125 0.0359375 0.0125 0.0380013
0 0.657812 0.582031 0.025 0.0234375 0.0729043
0 0.685938 0.564844 0.034375 0.0296875 0.0943527
0 0.732031 0.511719 0.0265625 0.0265625 0.225612
2 0.739062 0.515625 0.025 0.025 0.251091
3 0.744531 0.517187 0.0171875 0.021875 0.298399
3 0.732031 0.5125 0.0265625 0.028125 0.341166
0 0.660937 0.572656 0.025 0.0234375 0.746563
1 0.621875 0.954687 0.025 0.009375 0.809763
2 0.73125 0.5125 0.025 0.025 0.865113
