2 0.0476562 0.841406 0.0421875 0.0421875 0.000100948
0 0.674219 0.5875 0.0296875 0.028125 0.000103256
0 0.341406 0.632031 0.0171875 0.0203125 0.000104526
3 0.9625 0.876562 0.075 0.159375 0.000104755
1 0.83125 0.955469 0.040625 0.0140625 0.000105244
1 0.621875 0.003125 0.034375 0.00625 0.000106626
1 0.210156 0.00546875 0.0640625 0.0109375 0.00010687
1 0.290625 0.928906 0.0375 0.0203125 0.000107095
1 0.238281 0.955469 0.0265625 0.0109375 0.000107531
1 0.549219 0.00546875 0.0453125 0.0109375 0.000107833
3 0.0953125 0.358594 0.021875 0.0765625 0.000108206
1 0.566406 0.373437 0.0421875 0.01875 0.000108385
3 0.963281 0.749219 0.0734375 0.151562 0.000109812
2 0.0460938 0.822656 0.0421875 0.0421875 0.000110721
1 0.404687 0.104687 0.06875 0.025 0.000111325
1 0.158594 0.913281 0.0484375 0.0828125 0.000111357
1 0.242188 0.003125 0.059375 0.00625 0.000112727
0 0.646875 0.941406 0.021875 0.0234375 0.000114068
1 0.746875 0.0046875 0.065625 0.009375 0.000115024
2 0.0460938 0.882812 0.0421875 0.040625 0.00011658
0 0.358594 0.40625 0.0328125 0.025 0.000117631
0 0.358594 0.405469 0.0203125 0.0421875 0.000118188
2 0.0460938 0.802344 0.0421875 0.0421875 0.000124382
1 0.529688 0.00234375 0.040625 0.0046875 0.000126789
1 0.657031 0.00703125 0.0953125 0.0140625 0.000127631
3 0.179688 0.290625 0.034375 0.03125 0.000130171
2 0.0476562 0.728906 0.0421875 0.0390625 0.000130523
1 0.60625 0.003125 0.0375 0.00625 0.000130606
1 0.584375 0.003125 0.0375 0.00625 0.000131841
0 0.339063 0.457031 0.015625 0.0171875 0.000133286
2 0.0476562 0.747656 0.0421875 0.0390625 0.000133509
2 0.9875 0.754687 0.025 0.040625 0.00013422
1 0.448438 0.00234375 0.04375 0.0046875 0.000134849
0 0.64375 0.930469 0.021875 0.0390625 0.000137791
1 0.628125 0.00703125 0.040625 0.0140625 0.000138463
3 0.090625 0.135156 0.025 0.0359375 0.000141325
3 0.180469 0.259375 0.0140625 0.015625 0.000143103
3 0.85 0.120312 0.025 0.021875 0.000146044
1 0.0875 0.90625 0.084375 0.05625 0.000146061
3 0.163281 0.257812 0.0171875 0.0125 0.000146224
0 0.360156 0.425 0.0890625 0.071875 0.00014648
3 0.178906 0.291406 0.0171875 0.0515625 0.000146613
2 0.0460938 0.902344 0.0421875 0.0390625 0.000150572
0 0.360938 0.425781 0.05 0.123438 0.000152591
1 0.283594 0.003125 0.0578125 0.00625 0.000154379
1 0.361719 0.00625 0.0953125 0.0125 0.00016044
2 0.046875 0.170312 0.040625 0.04375 0.000161724
0 0.641406 0.880469 0.0578125 0.0640625 0.000163128
3 0.722656 0.427344 0.0234375 0.0484375 0.000163688
1 0.572656 0.0078125 0.0953125 0.015625 0.000166435
0 0.340625 0.433594 0.01875 0.0578125 0.000176101
1 0.563281 0.003125 0.0390625 0.00625 0.000176803
2 0.046875 0.189063 0.040625 0.04375 0.000182558
1 0.705469 0.00390625 0.0578125 0.0078125 0.000182941
1 0.489062 0.953906 0.04375 0.0453125 0.000183387
1 0.6375 0.0820312 0.034375 0.0484375 0.000185109
2 0.0484375 0.302344 0.040625 0.0421875 0.000189453
2 0.046875 0.132812 0.040625 0.04375 0.000190872
2 0.0476562 0.785156 0.0421875 0.0421875 0.000194864
2 0.0492188 0.321094 0.0359375 0.0390625 0.000195038
0 0.649219 0.888281 0.0265625 0.0265625 0.000195751
2 0.046875 0.264844 0.040625 0.0421875 0.000197068
2 0.0460938 0.767969 0.0421875 0.0390625 0.000199659
1 0.0867188 0.905469 0.0453125 0.0859375 0.000203617
2 0.046875 0.285156 0.040625 0.0421875 0.000204283
1 0.342187 0.46875 0.021875 0.0125 0.000205815
0 0.65 0.905469 0.021875 0.0359375 0.000206064
1 0.327344 0.003125 0.0578125 0.00625 0.000207618
1 0.665625 0.910937 0.0625 0.046875 0.00021424
0 0.644531 0.720312 0.0515625 0.09375 0.000214417
1 0.66875 0.00390625 0.05625 0.0078125 0.000215411
0 0.649219 0.504687 0.0546875 0.096875 0.000218659
3 0.967188 0.149219 0.065625 0.132812 0.000223082
2 0.0460938 0.152344 0.0421875 0.0421875 0.000226677
1 0.500781 0.00625 0.0921875 0.0125 0.000236584
2 0.0476562 0.245312 0.0390625 0.04375 0.000255807
1 0.548437 0.003125 0.0375 0.00625 0.000258378
0 0.344531 0.425 0.0234375 0.021875 0.000261559
2 0.046875 0.226562 0.040625 0.04375 0.000287232
3 0.0953125 0.703125 0.015625 0.05625 0.000307251
2 0.046875 0.209375 0.040625 0.04375 0.000310196
1 0.425781 0.00546875 0.0890625 0.0109375 0.000315553
0 0.675 0.561719 0.025 0.0421875 0.000316762
1 0.364062 0.003125 0.059375 0.00625 0.00033049
3 0.871094 0.496875 0.0203125 0.009375 0.000330516
3 0.688281 0.438281 0.0234375 0.0265625 0.000361561
1 0.471094 0.003125 0.0609375 0.00625 0.000414322
1 0.434375 0.003125 0.0625 0.00625 0.00042519
1 0.515625 0.003125 0.059375 0.00625 0.000427166
0 0.340625 0.43125 0.015625 0.025 0.000440742
1 0.403125 0.003125 0.059375 0.00625 0.000448645
0 0.344531 0.403125 0.0140625 0.021875 0.000450016
0 0.657812 0.720312 0.025 0.021875 0.000458306
1 0.65625 0.957031 0.028125 0.0203125 0.00046209
1 0.627344 0.00390625 0.0578125 0.0078125 0.000502911
1 0.548437 0.003125 0.059375 0.00625 0.00051276
0 0.645312 0.578906 0.046875 0.0796875 0.000537514
3 0.0867188 0.708594 0.0546875 0.0359375 0.000588893
1 0.585156 0.00390625 0.0578125 0.0078125 0.000631393
0 0.657031 0.763281 0.0234375 0.0390625 0.000771725
0 0.649219 0.655469 0.0390625 0.0703125 0.000935846
0 0.659375 0.710938 0.03125 0.03125 0.000942782
3 0.0890625 0.127344 0.034375 0.0640625 0.00126262
1 0.0179687 0.950781 0.0359375 0.0265625 0.00139815
1 0.0289063 0.944531 0.0578125 0.110937 0.00154179
1 0.0367187 0.948438 0.0734375 0.0625 0.00154752
0 0.650781 0.869531 0.0234375 0.0234375 0.0016442
0 0.65625 0.786719 0.025 0.0234375 0.0016491
0 0.670313 0.455469 0.034375 0.0234375 0.00180842
1 0.0148437 0.958594 0.0296875 0.0171875 0.00215201
0 0.66875 0.548437 0.021875 0.025 0.0025604
0 0.649219 0.81875 0.0265625 0.040625 0.0025984
0 0.659375 0.669531 0.028125 0.0703125 0.00294584
0 0.34375 0.4125 0.0125 0.021875 0.00339103
0 0.659375 0.688281 0.021875 0.0296875 0.00352622
0 0.661719 0.60625 0.0265625 0.025 0.00475561
0 0.659375 0.697656 0.025 0.0234375 0.00606291
0 0.651563 0.844531 0.021875 0.0328125 0.00675533
0 0.660156 0.675781 0.0234375 0.0265625 0.00780299
0 0.654688 0.799219 0.021875 0.0234375 0.0124907
0 0.664062 0.626562 0.021875 0.021875 0.0133705
0 0.652344 0.834375 0.0234375 0.025 0.0173033
0 0.653906 0.817187 0.0234375 0.025 0.0207533
1 0.0171875 0.952344 0.034375 0.0140625 0.0248815
0 0.674219 0.48125 0.0265625 0.025 0.0309973
0 0.667188 0.567187 0.025 0.021875 0.0320192
0 0.6625 0.658594 0.025 0.0265625 0.0392612
0 0.66875 0.521094 0.021875 0.0203125 0.0410274
0 0.664844 0.595312 0.0234375 0.040625 0.0422679
0 0.665625 0.577344 0.021875 0.0265625 0.0884806
0 0.663281 0.635156 0.0234375 0.0265625 0.0948977
0 0.674219 0.465625 0.0265625 0.025 0.108788
0 0.673437 0.473437 0.021875 0.025 0.216407
0 0.6625 0.645312 0.021875 0.025 0.283045
0 0.669531 0.508594 0.0203125 0.0234375 0.307862
3 0.708594 0.410937 0.0265625 0.028125 0.356486
0 0.670313 0.499219 0.021875 0.0265625 0.379726
1 0.645312 0.955469 0.021875 0.0078125 0.747062
3 0.717188 0.403125 0.021875 0.01875 0.788333
2 0.708594 0.411719 0.0265625 0.0265625 0.826624
