1 0.896094 0.982813 0.0828125 0.034375 0.000101096
1 0.207813 0.0117188 0.065625 0.0234375 0.000101354
2 0.902344 0.00546875 0.0609375 0.0078125 0.000102411
0 0.289844 0.611719 0.0578125 0.0453125 0.000102688
1 0.283594 0.00546875 0.0703125 0.0109375 0.00010423
0 0.301562 0.290625 0.0375 0.053125 0.000104639
0 0.994531 0.298438 0.0109375 0.03125 0.000104818
1 0.492969 0.0179687 0.0265625 0.0171875 0.000104911
3 0.0664062 0.214844 0.0265625 0.0546875 0.000105285
1 0.128906 0.0382813 0.0296875 0.0421875 0.000106023
0 0.630469 0.589063 0.0203125 0.01875 0.000106464
0 0.992969 0.403125 0.0140625 0.0625 0.000107247
1 0.751562 0.732813 0.021875 0.00625 0.000108138
0 0.992969 0.364844 0.0140625 0.0640625 0.000108552
1 0.635938 0.003125 0.05 0.00625 0.000108823
1 0.59375 0.96875 0.059375 0.028125 0.000108885
3 0.842969 0.553125 0.0234375 0.01875 0.000109615
0 0.866406 0.666406 0.0359375 0.0328125 0.000110627
0 0.994531 0.239844 0.0109375 0.0328125 0.000111052
1 0.707031 0.003125 0.0453125 0.00625 0.000111959
0 0.857031 0.559375 0.0515625 0.1125 0.000113453
0 0.28125 0.642187 0.059375 0.028125 0.000114019
2 0.725 0.003125 0.04375 0.00625 0.000115473
1 0.596875 0.8125 0.046875 0.021875 0.000115529
1 0.505469 0.98125 0.107813 0.0375 0.000116868
0 0.992969 0.325 0.0140625 0.065625 0.000116878
0 0.985156 0.171094 0.0296875 0.0421875 0.000117652
0 0.985156 0.109375 0.0296875 0.06875 0.000118819
0 0.846875 0.638281 0.04375 0.0328125 0.000119463
2 0.978906 0.00546875 0.0421875 0.0078125 0.000120303
0 0.239844 0.884375 0.0890625 0.134375 0.000121041
1 0.735156 0.551562 0.0171875 0.009375 0.000121452
0 0.866406 0.664844 0.0203125 0.0546875 0.000122222
1 0.995313 0.985937 0.009375 0.015625 0.000125777
1 0.329688 0.00390625 0.065625 0.0078125 0.000126775
1 0.664062 0.0046875 0.084375 0.009375 0.00012808
0 0.99375 0.441406 0.0125 0.0609375 0.00012872
0 0.846875 0.636719 0.025 0.0515625 0.00013197
0 0.994531 0.220313 0.0109375 0.034375 0.000132135
2 0.0078125 0.0210938 0.015625 0.0328125 0.000133141
0 0.990625 0.144531 0.01875 0.0296875 0.000134444
1 0.675 0.003125 0.053125 0.00625 0.000136559
2 0.2625 0.003125 0.034375 0.00625 0.000139869
1 0.379687 0.00234375 0.034375 0.0046875 0.000140743
1 0.244531 0.003125 0.0328125 0.00625 0.000144547
0 0.253125 0.346875 0.06875 0.096875 0.000144695
1 0.222656 0.00234375 0.0453125 0.0046875 0.000145085
1 0.399219 0.003125 0.0484375 0.00625 0.000145892
0 0.641406 0.586719 0.0203125 0.0203125 0.00014784
1 0.859375 0.00625 0.084375 0.0125 0.000150824
1 0.341406 0.00234375 0.0359375 0.0046875 0.000153527
1 0.591406 0.838281 0.0796875 0.0671875 0.000153945
0 0.992188 0.285937 0.015625 0.065625 0.000155215
1 0.741406 0.734375 0.0203125 0.00625 0.000156153
1 0.71875 0.73125 0.04375 0.015625 0.000158178
0 0.99375 0.201562 0.0125 0.034375 0.000170458
2 0.863281 0.00546875 0.0578125 0.0078125 0.00017463
2 0.283594 0.00234375 0.0359375 0.0046875 0.000176423
0 0.992188 0.246875 0.015625 0.065625 0.000183017
1 0.720312 0.0046875 0.078125 0.009375 0.000183473
1 0.757031 0.363281 0.0328125 0.0171875 0.000189154
1 0.992188 0.995313 0.015625 0.009375 0.000191742
2 0.7125 0.003125 0.05 0.00625 0.000192955
1 0.794531 0.0046875 0.0796875 0.009375 0.000198938
1 0.719531 0.553125 0.0171875 0.009375 0.000201352
2 0.789062 0.0046875 0.053125 0.00625 0.000201895
2 0.827344 0.0046875 0.0546875 0.00625 0.000204228
1 0.782812 0.727344 0.04375 0.0140625 0.000207412
3 0.267969 0.208594 0.0453125 0.0203125 0.000207885
3 0.071875 0.21875 0.025 0.015625 0.00020846
1 0.361719 0.00234375 0.0421875 0.0046875 0.000214194
2 0.747656 0.00390625 0.0515625 0.0046875 0.000219172
0 0.99375 0.18125 0.0125 0.034375 0.000220284
0 0.990625 0.20625 0.01875 0.06875 0.000221093
1 0.957812 0.0078125 0.06875 0.015625 0.000224794
0 0.838281 0.552344 0.0421875 0.0984375 0.000231207
0 0.8375 0.551562 0.075 0.05625 0.000232983
0 0.992188 0.163281 0.015625 0.0328125 0.000242855
0 0.274219 0.497656 0.0515625 0.0359375 0.000266709
0 0.989844 0.170312 0.0203125 0.065625 0.000281324
1 0.982813 0.985937 0.034375 0.028125 0.000282829
0 0.863281 0.646094 0.0328125 0.0328125 0.00028753
0 0.296094 0.6375 0.0421875 0.028125 0.000296843
1 0.257812 0.00234375 0.040625 0.0046875 0.000301547
1 0.303125 0.00234375 0.034375 0.0046875 0.000307753
0 0.864062 0.672656 0.01875 0.0203125 0.000308333
0 0.989062 0.142969 0.021875 0.0578125 0.000311623
0 0.264844 0.385938 0.0484375 0.034375 0.000332645
3 0.853906 0.53125 0.0421875 0.04375 0.000337828
1 0.323438 0.00234375 0.040625 0.0046875 0.000342951
0 0.859375 0.629687 0.021875 0.025 0.000350481
0 0.291406 0.617969 0.0578125 0.0984375 0.000361822
3 0.840625 0.539062 0.01875 0.025 0.000363479
1 0.750781 0.73125 0.0390625 0.0125 0.000407721
0 0.863281 0.645312 0.0203125 0.053125 0.000420889
0 0.257812 0.434375 0.040625 0.025 0.000429796
1 0.990625 0.991406 0.01875 0.0109375 0.00043715
3 0.848437 0.54375 0.025 0.021875 0.000465903
1 0.289844 0.00234375 0.0390625 0.0046875 0.000496183
3 0.839063 0.533594 0.04375 0.0296875 0.000591999
0 0.860937 0.646094 0.01875 0.0234375 0.000800313
0 0.29375 0.667188 0.0375 0.025 0.000853109
0 0.304688 0.947656 0.04375 0.0328125 0.000963199
0 0.861719 0.664844 0.0171875 0.0203125 0.00109159
0 0.270312 0.480469 0.04375 0.0234375 0.00110501
0 0.307813 0.854688 0.04375 0.03125 0.00119328
0 0.271875 0.449219 0.05625 0.0765625 0.00123123
0 0.260938 0.474219 0.05625 0.0421875 0.0012659
0 0.276563 0.476562 0.053125 0.059375 0.00130381
2 0.983594 0.003125 0.0328125 0.00625 0.00151472
0 0.300781 0.728125 0.0390625 0.040625 0.00152095
3 0.84375 0.542969 0.01875 0.0109375 0.00156773
1 0.0132813 0.985937 0.0265625 0.025 0.00240695
0 0.264062 0.4 0.040625 0.025 0.00369181
0 0.305469 0.751562 0.0421875 0.034375 0.00478709
1 0.0078125 0.986719 0.015625 0.0140625 0.00588827
3 0.842969 0.535937 0.0171875 0.0125 0.00609317
0 0.305469 0.774219 0.0390625 0.0609375 0.00917923
0 0.305469 0.929688 0.0390625 0.0375 0.00995424
0 0.297656 0.657812 0.0359375 0.025 0.0163424
0 0.30625 0.883594 0.040625 0.0421875 0.0171711
0 0.265625 0.422656 0.040625 0.0296875 0.0234495
0 0.269531 0.460938 0.0421875 0.03125 0.0293515
0 0.264844 0.410937 0.0390625 0.028125 0.0421797
0 0.307813 0.9125 0.040625 0.03125 0.0687155
0 0.30625 0.816406 0.0375 0.0296875 0.102959
0 0.307031 0.9 0.0390625 0.0375 0.111238
0 0.267969 0.442969 0.0390625 0.0328125 0.122779
3 0.270312 0.251563 0.0375 0.021875 0.402679
3 0.271875 0.221094 0.0375 0.0140625 0.765455
1 0.305469 0.9875 0.0390625 0.009375 0.780636
2 0.270312 0.250781 0.040625 0.0203125 0.792729
