0 0.994531 0.260156 0.0109375 0.0328125 0.000100639
1 0.707812 0.003125 0.046875 0.00625 0.000101955
0 0.994531 0.3375 0.0109375 0.028125 0.00010231
0 0.994531 0.317969 0.0109375 0.0296875 0.000102932
2 0.950781 0.00546875 0.0609375 0.0078125 0.000103894
1 0.341406 0.00390625 0.0734375 0.0078125 0.000105157
1 0.341406 0.00234375 0.0359375 0.0046875 0.00010645
0 0.994531 0.375781 0.0109375 0.0296875 0.0001069
3 0.842969 0.525 0.0171875 0.015625 0.000108322
1 0.635938 0.727344 0.08125 0.0515625 0.000108432
1 0.216406 0.992188 0.0453125 0.0125 0.000109059
2 0.725 0.003125 0.04375 0.00625 0.000109117
0 0.994531 0.239844 0.0109375 0.0328125 0.000109577
0 0.992969 0.674219 0.0140625 0.0671875 0.000109971
0 0.994531 0.357031 0.0109375 0.0296875 0.00011047
3 0.264844 0.446875 0.0578125 0.0625 0.000110825
0 0.99375 0.517969 0.0125 0.0609375 0.000111346
1 0.60625 0.003125 0.05 0.00625 0.000115513
0 0.84375 0.654688 0.10625 0.078125 0.000115684
1 0.835156 0.725 0.0453125 0.01875 0.000116657
0 0.99375 0.479688 0.0125 0.0625 0.000118746
0 0.994531 0.220313 0.0109375 0.034375 0.000119842
1 0.610156 0.728906 0.0421875 0.0109375 0.000121348
0 0.992969 0.402344 0.0140625 0.0640625 0.000123052
3 0.160156 0.15625 0.0234375 0.06875 0.000125041
1 0.861719 0.00625 0.0859375 0.0125 0.000125404
0 0.985937 0.109375 0.028125 0.06875 0.000125568
3 0.840625 0.552344 0.021875 0.0140625 0.000126301
1 0.995313 0.985937 0.009375 0.015625 0.000127617
1 0.592188 0.967969 0.059375 0.0265625 0.00012992
2 0.864844 0.00546875 0.0578125 0.0078125 0.000130877
1 0.590625 0.839844 0.084375 0.0703125 0.000131061
1 0.13125 0.04375 0.0375 0.04375 0.000131186
2 0.978906 0.0046875 0.0421875 0.00625 0.000131215
0 0.992969 0.326562 0.0140625 0.065625 0.000136124
0 0.992969 0.441406 0.0140625 0.0609375 0.000136786
3 0.0921875 0.161719 0.103125 0.145313 0.000139291
0 0.310937 0.742969 0.040625 0.0296875 0.00014011
0 0.879687 0.653125 0.0625 0.13125 0.000140375
0 0.992969 0.364844 0.0140625 0.0640625 0.000141103
1 0.721094 0.552344 0.0140625 0.0078125 0.000146175
0 0.303906 0.5125 0.0421875 0.04375 0.000147424
0 0.835938 0.528906 0.0625 0.0453125 0.000149562
1 0.599219 0.210156 0.0203125 0.0078125 0.000151624
1 0.361719 0.00234375 0.0453125 0.0046875 0.00015183
0 0.844531 0.654688 0.0640625 0.13125 0.000155885
0 0.990625 0.142969 0.01875 0.0296875 0.000158107
0 0.992188 0.2875 0.015625 0.065625 0.000158953
0 0.866406 0.65 0.0203125 0.025 0.000167568
1 0.599219 0.732031 0.0453125 0.0203125 0.000168602
1 0.792969 0.0046875 0.0796875 0.009375 0.000170722
1 0.591406 0.725 0.0203125 0.009375 0.000172132
0 0.848437 0.640625 0.025 0.046875 0.000175952
0 0.99375 0.201562 0.0125 0.034375 0.000175958
2 0.00859375 0.0179687 0.0171875 0.0328125 0.000176112
1 0.673437 0.003125 0.053125 0.00625 0.000178837
1 0.660156 0.0046875 0.0796875 0.009375 0.000179492
2 0.747656 0.00390625 0.0546875 0.0046875 0.000179963
3 0.840625 0.539844 0.025 0.0171875 0.000180176
2 0.789062 0.0046875 0.053125 0.00625 0.000182137
0 0.992188 0.247656 0.015625 0.0671875 0.000184657
2 0.825781 0.0046875 0.0546875 0.00625 0.000186319
1 0.714063 0.0046875 0.078125 0.009375 0.000190401
0 0.852344 0.664844 0.0234375 0.0484375 0.000191887
1 0.752344 0.73125 0.0421875 0.0125 0.000195448
2 0.710156 0.00390625 0.0515625 0.0046875 0.000200236
1 0.328125 0.00234375 0.04375 0.0046875 0.000205407
1 0.292188 0.00234375 0.04375 0.0046875 0.000208018
3 0.848437 0.534375 0.03125 0.01875 0.000208345
1 0.785156 0.727344 0.0453125 0.0140625 0.000209475
0 0.864844 0.6625 0.0328125 0.03125 0.000213217
0 0.309375 0.605469 0.0375 0.0234375 0.000214035
1 0.992188 0.995313 0.015625 0.009375 0.000216858
1 0.6375 0.003125 0.05 0.00625 0.000226325
0 0.991406 0.20625 0.0171875 0.06875 0.00022985
0 0.99375 0.182031 0.0125 0.0328125 0.000233092
1 0.958594 0.0078125 0.0703125 0.015625 0.000238782
0 0.992969 0.163281 0.0140625 0.0328125 0.000241395
1 0.982813 0.985937 0.034375 0.028125 0.000246626
0 0.858594 0.632031 0.0234375 0.0265625 0.00026828
1 0.840625 0.540625 0.025 0.015625 0.000293301
0 0.989844 0.16875 0.0203125 0.065625 0.000308239
0 0.308594 0.669531 0.0390625 0.0234375 0.000313112
3 0.0726563 0.2125 0.0265625 0.065625 0.000313744
1 0.00625 0.984375 0.0125 0.028125 0.000317
3 0.0734375 0.210938 0.05 0.04375 0.000323959
0 0.989062 0.142188 0.021875 0.05625 0.000341475
0 0.8625 0.672656 0.01875 0.0203125 0.000366035
3 0.841406 0.546875 0.0203125 0.0125 0.000383488
0 0.307813 0.615625 0.046875 0.0375 0.00041431
1 0.989844 0.991406 0.0203125 0.0109375 0.000423973
0 0.311719 0.765625 0.0484375 0.0375 0.000457407
3 0.0742188 0.222656 0.0203125 0.0171875 0.000605859
1 0.00859375 0.985937 0.0171875 0.015625 0.000636637
1 0.595312 0.729688 0.021875 0.009375 0.000707951
1 0.841406 0.545313 0.0171875 0.009375 0.000715324
0 0.31875 0.913281 0.04375 0.0265625 0.000748749
0 0.863281 0.648438 0.0203125 0.046875 0.000789774
0 0.860937 0.664062 0.01875 0.021875 0.00139439
0 0.305469 0.630469 0.0453125 0.0484375 0.00154997
0 0.313281 0.780469 0.0390625 0.0390625 0.00164088
0 0.860156 0.647656 0.0203125 0.0234375 0.00184737
2 0.983594 0.003125 0.0328125 0.00625 0.00190198
3 0.842969 0.533594 0.0203125 0.0109375 0.00210323
0 0.314844 0.792969 0.0421875 0.0296875 0.00968384
0 0.309375 0.65 0.0375 0.025 0.0113585
0 0.311719 0.952344 0.0421875 0.0296875 0.0121969
0 0.314063 0.860156 0.04375 0.0296875 0.0122257
0 0.314063 0.832031 0.040625 0.0296875 0.0171948
0 0.3125 0.932031 0.040625 0.0296875 0.0390884
0 0.314063 0.883594 0.04375 0.0296875 0.0512888
1 0.311719 0.984375 0.0421875 0.01875 0.0775397
0 0.314063 0.810938 0.040625 0.034375 0.111607
0 0.313281 0.901563 0.0421875 0.0375 0.194438
3 0.289062 0.479688 0.0375 0.028125 0.415826
1 0.309375 0.989844 0.040625 0.0109375 0.690652
3 0.282031 0.453125 0.0359375 0.015625 0.795622
2 0.288281 0.479688 0.0359375 0.025 0.855528
