2 0.0460938 0.803125 0.0453125 0.04375 0.000100818
3 0.096875 0.692187 0.01875 0.06875 0.000101407
3 0.0984375 0.690625 0.0375 0.046875 0.000102012
2 0.0484375 0.672656 0.0375 0.0359375 0.000102365
1 0.335938 0.00234375 0.04375 0.0046875 0.00010299
2 0.0453125 0.822656 0.04375 0.0453125 0.000103904
3 0.835156 0.19375 0.0640625 0.05 0.000104655
0 0.717969 0.682813 0.0546875 0.034375 0.0001097
2 0.046875 0.130469 0.04375 0.0421875 0.000110892
3 0.0976562 0.729688 0.0234375 0.075 0.00011131
1 0.969531 0.961719 0.0609375 0.0265625 0.000114117
1 0.417188 0.00234375 0.046875 0.0046875 0.000114974
2 0.884375 0.353906 0.0875 0.154687 0.000115922
1 0.701563 0.003125 0.040625 0.00625 0.000117798
2 0.0507812 0.341406 0.0390625 0.0390625 0.000118133
3 0.0976562 0.727344 0.0484375 0.0515625 0.000120191
2 0.0945313 0.620313 0.0203125 0.059375 0.000124132
1 0.977344 0.95625 0.0421875 0.015625 0.000124248
3 0.0929687 0.135156 0.0234375 0.0359375 0.00012435
1 0.645312 0.003125 0.0375 0.00625 0.000125403
3 0.835156 0.194531 0.0359375 0.0734375 0.0001264
3 0.196094 0.250781 0.0359375 0.0296875 0.00012729
0 0.684375 0.939062 0.025 0.040625 0.000130018
1 0.346875 0.313281 0.01875 0.0078125 0.000131805
2 0.0460938 0.1875 0.0421875 0.04375 0.000131991
2 0.0453125 0.841406 0.04375 0.0453125 0.000132361
2 0.046875 0.784375 0.04375 0.04375 0.000133322
3 0.0953125 0.619531 0.040625 0.0390625 0.000135729
0 0.342187 0.603125 0.034375 0.028125 0.000135737
0 0.339063 0.420312 0.0125 0.021875 0.000135786
1 0.160156 0.910937 0.0484375 0.08125 0.000136315
1 0.832031 0.921875 0.0640625 0.028125 0.00013724
1 0.738281 0.00546875 0.0703125 0.0109375 0.000137266
3 0.613281 0.550781 0.0453125 0.0390625 0.000139229
3 0.9875 0.161719 0.025 0.0921875 0.000140893
2 0.0492188 0.653906 0.0359375 0.0359375 0.000141871
2 0.046875 0.746094 0.04375 0.0421875 0.000143992
2 0.046875 0.301562 0.040625 0.04375 0.00014457
0 0.699219 0.672656 0.0359375 0.0234375 0.000145631
0 0.626562 0.632812 0.05 0.059375 0.000147802
1 0.2875 0.00390625 0.0625 0.0078125 0.000148549
0 0.342187 0.603125 0.01875 0.05 0.000149199
1 0.0921875 0.903125 0.084375 0.05625 0.000149732
2 0.0453125 0.861719 0.040625 0.0421875 0.000150061
1 0.657031 0.0078125 0.0953125 0.015625 0.000158432
3 0.196094 0.252344 0.0171875 0.0515625 0.000158469
2 0.0445312 0.882812 0.0421875 0.040625 0.000158906
3 0.803906 0.20625 0.0234375 0.025 0.00015971
0 0.342187 0.623438 0.015625 0.01875 0.000160624
2 0.046875 0.321875 0.0375 0.040625 0.000162347
2 0.0460938 0.766406 0.0421875 0.0421875 0.000168379
1 0.634375 0.0078125 0.04375 0.015625 0.00017323
1 0.660156 0.003125 0.0390625 0.00625 0.000173529
2 0.0460938 0.169531 0.0421875 0.0453125 0.000175233
2 0.0453125 0.207031 0.040625 0.0453125 0.000178324
2 0.0460938 0.151562 0.0421875 0.04375 0.000183768
2 0.046875 0.264844 0.040625 0.0421875 0.000187594
1 0.359375 0.00703125 0.096875 0.0140625 0.000187639
2 0.0476562 0.245312 0.0421875 0.04375 0.000189285
0 0.336719 0.440625 0.0109375 0.015625 0.000191349
3 0.0898438 0.373437 0.0421875 0.05 0.000201998
2 0.0460938 0.226562 0.0421875 0.04375 0.000210904
1 0.636719 0.0820312 0.0359375 0.0515625 0.000213199
1 0.704687 0.00390625 0.0625 0.0078125 0.000215558
3 0.0890625 0.375 0.021875 0.071875 0.000221117
0 0.7125 0.850781 0.034375 0.0328125 0.000222243
2 0.046875 0.284375 0.040625 0.04375 0.000224336
1 0.494531 0.00234375 0.0453125 0.0046875 0.000225638
0 0.7125 0.757812 0.03125 0.025 0.000230261
1 0.0914062 0.903125 0.0453125 0.0875 0.000230953
0 0.71875 0.74375 0.046875 0.040625 0.000247246
0 0.710938 0.732031 0.03125 0.0265625 0.000252869
3 0.0984375 0.659375 0.03125 0.040625 0.000262111
3 0.096875 0.660156 0.015625 0.0578125 0.000263754
3 0.969531 0.155469 0.0609375 0.120312 0.000265369
1 0.422656 0.00625 0.0921875 0.0125 0.000273519
0 0.665625 0.621094 0.040625 0.0390625 0.000286113
0 0.352344 0.604688 0.0171875 0.021875 0.000292265
1 0.558594 0.00703125 0.0859375 0.0140625 0.000303934
3 0.182031 0.258594 0.0140625 0.0140625 0.000315327
2 0.0460938 0.729688 0.0421875 0.040625 0.000324899
1 0.567969 0.003125 0.0421875 0.00625 0.00033502
1 0.66875 0.00390625 0.059375 0.0078125 0.000341196
1 0.327344 0.003125 0.0609375 0.00625 0.000352874
1 0.360156 0.003125 0.0640625 0.00625 0.000405754
1 0.503125 0.00625 0.090625 0.0125 0.000413558
0 0.699219 0.682813 0.0421875 0.028125 0.000428519
0 0.703906 0.867969 0.0328125 0.0234375 0.000454563
0 0.711719 0.785156 0.0296875 0.0265625 0.000510339
1 0.404687 0.003125 0.0625 0.00625 0.000536559
1 0.435937 0.003125 0.065625 0.00625 0.00054669
1 0.632812 0.0046875 0.059375 0.009375 0.000561466
1 0.48125 0.003125 0.0625 0.00625 0.000562659
2 0.617188 0.548437 0.028125 0.034375 0.000580405
1 0.579687 0.00390625 0.059375 0.0078125 0.000705009
0 0.344531 0.605469 0.0140625 0.0203125 0.000858415
1 0.544531 0.003125 0.0578125 0.00625 0.00100095
0 0.714844 0.796875 0.0390625 0.03125 0.00102379
3 0.0898438 0.128125 0.0359375 0.06875 0.00103854
1 0.513281 0.003125 0.0609375 0.00625 0.00105817
3 0.635938 0.567969 0.03125 0.0234375 0.0016218
1 0.0289063 0.944531 0.0578125 0.110937 0.00165911
1 0.0148437 0.957812 0.0296875 0.01875 0.00189973
0 0.703125 0.692969 0.034375 0.0234375 0.00207639
0 0.701563 0.858594 0.034375 0.0265625 0.00212165
0 0.710938 0.698438 0.0375 0.04375 0.00272153
0 0.711719 0.741406 0.0359375 0.0734375 0.0027504
0 0.708594 0.714063 0.0328125 0.021875 0.00414878
0 0.710938 0.808594 0.03125 0.0234375 0.00746085
1 0.0171875 0.951563 0.034375 0.0125 0.0304986
0 0.705469 0.703906 0.0328125 0.0234375 0.0319354
0 0.704687 0.849219 0.028125 0.0234375 0.110848
0 0.708594 0.830469 0.0328125 0.0234375 0.116283
3 0.644531 0.585938 0.0328125 0.03125 0.441552
0 0.70625 0.841406 0.034375 0.0265625 0.621884
1 0.683594 0.953906 0.0296875 0.0109375 0.781672
3 0.625 0.558594 0.028125 0.0203125 0.827694
2 0.644531 0.585938 0.0328125 0.03125 0.841263
