1 0.289062 0.930469 0.040625 0.0234375 0.000100946
1 0.978906 0.954687 0.0421875 0.015625 0.000102431
1 0.557813 0.570312 0.05 0.021875 0.000102537
0 0.3375 0.454688 0.040625 0.03125 0.000102555
1 0.416406 0.00234375 0.0484375 0.0046875 0.000103261
1 0.735156 0.0078125 0.101562 0.015625 0.000103831
1 0.901563 0.954687 0.071875 0.025 0.000103999
3 0.0898438 0.15 0.0671875 0.053125 0.00010565
3 0.0953125 0.325781 0.046875 0.0515625 0.000106222
0 0.604688 0.400781 0.021875 0.0203125 0.000106335
2 0.0484375 0.691406 0.0375 0.0359375 0.000107001
1 0.650781 0.00859375 0.0984375 0.0171875 0.000107571
1 0.2125 0.00546875 0.065625 0.0109375 0.000108202
3 0.0945313 0.326562 0.0203125 0.078125 0.000109475
1 0.570312 0.375 0.04375 0.01875 0.000109957
2 0.046875 0.303125 0.040625 0.040625 0.000110127
3 0.0898438 0.3625 0.0453125 0.046875 0.000110378
1 0.667188 0.003125 0.0375 0.00625 0.000110618
1 0.0859375 0.90625 0.0875 0.059375 0.000111834
1 0.682813 0.003125 0.0375 0.00625 0.000112124
0 0.713281 0.614062 0.0265625 0.03125 0.000113065
0 0.338281 0.453906 0.0234375 0.0546875 0.000116247
2 0.9875 0.405469 0.025 0.0421875 0.00011659
2 0.0476562 0.746875 0.0421875 0.040625 0.000116701
3 0.0953125 0.69375 0.0375 0.046875 0.000120459
3 0.0890625 0.364062 0.021875 0.071875 0.000121395
1 0.628125 0.0078125 0.04375 0.015625 0.000122078
3 0.0945313 0.694531 0.0171875 0.0671875 0.000125002
1 0.489062 0.95 0.046875 0.053125 0.000125343
1 0.0203125 0.948438 0.040625 0.01875 0.000127928
2 0.0460938 0.264844 0.0421875 0.0421875 0.000129236
3 0.0929687 0.659375 0.0359375 0.04375 0.000129804
2 0.0453125 0.842188 0.04375 0.04375 0.000130113
2 0.046875 0.284375 0.040625 0.040625 0.00013116
3 0.0953125 0.182031 0.05625 0.0484375 0.000132063
1 0.870313 0.479688 0.015625 0.009375 0.000132594
3 0.0914062 0.660937 0.0171875 0.0625 0.000135613
2 0.046875 0.728906 0.040625 0.0390625 0.000136446
1 0.607031 0.003125 0.0390625 0.00625 0.00013983
3 0.863281 0.601562 0.0203125 0.084375 0.000143785
2 0.046875 0.767187 0.040625 0.040625 0.000146583
1 0.249219 0.003125 0.0609375 0.00625 0.000152566
0 0.703125 0.738281 0.028125 0.0265625 0.00015291
2 0.0460938 0.323438 0.0359375 0.0375 0.000154395
0 0.339063 0.439844 0.015625 0.0234375 0.000157652
0 0.680469 0.888281 0.0265625 0.0234375 0.000158334
2 0.879687 0.583594 0.078125 0.142188 0.000161918
2 0.861719 0.602344 0.0578125 0.0359375 0.000164005
2 0.046875 0.208594 0.040625 0.0421875 0.000165522
1 0.0859375 0.905469 0.046875 0.0921875 0.000168133
3 0.090625 0.152344 0.034375 0.0890625 0.000168488
1 0.748438 0.0046875 0.065625 0.009375 0.000171792
2 0.0460938 0.190625 0.0390625 0.040625 0.000174648
3 0.853125 0.598437 0.05 0.034375 0.000180129
2 0.0476562 0.785156 0.0421875 0.0421875 0.000182603
2 0.0460938 0.153125 0.0421875 0.040625 0.000183162
2 0.046875 0.899219 0.04375 0.0421875 0.000186603
2 0.046875 0.246094 0.040625 0.0421875 0.000188958
3 0.0953125 0.184375 0.028125 0.078125 0.000190381
2 0.046875 0.171094 0.040625 0.0421875 0.000191137
1 0.354688 0.00703125 0.096875 0.0140625 0.000191354
2 0.0453125 0.861719 0.040625 0.0421875 0.000194473
0 0.338281 0.457812 0.0171875 0.01875 0.000202581
1 0.66875 0.0046875 0.0625 0.009375 0.000220133
2 0.0460938 0.882031 0.0421875 0.0421875 0.000222645
2 0.046875 0.227344 0.040625 0.0421875 0.000234147
3 0.096875 0.732813 0.021875 0.06875 0.000234595
3 0.0976562 0.73125 0.0421875 0.05 0.000242858
1 0.636719 0.0828125 0.0359375 0.053125 0.000250076
1 0.286719 0.003125 0.0609375 0.00625 0.000250858
3 0.853125 0.6 0.028125 0.05625 0.000265004
1 0.420312 0.00625 0.09375 0.0125 0.000274426
1 0.707031 0.00390625 0.0609375 0.0078125 0.000277412
0 0.703906 0.615625 0.0265625 0.028125 0.000294973
0 0.680469 0.877344 0.0265625 0.0234375 0.000305137
3 0.0828125 0.127344 0.0375 0.0703125 0.000316852
1 0.564062 0.003125 0.04375 0.00625 0.000318638
1 0.33125 0.003125 0.0625 0.00625 0.000355082
1 0.508594 0.00625 0.0921875 0.0125 0.000372267
1 0.627344 0.0046875 0.0609375 0.009375 0.00037539
3 0.867188 0.497656 0.01875 0.0109375 0.000426329
1 0.401563 0.003125 0.065625 0.00625 0.000445209
1 0.557813 0.00625 0.08125 0.0125 0.000462499
1 0.358594 0.003125 0.0640625 0.00625 0.000490751
1 0.475 0.003125 0.065625 0.00625 0.000513472
0 0.683594 0.864844 0.0296875 0.0671875 0.000622761
1 0.438281 0.003125 0.0640625 0.00625 0.00063377
2 0.857813 0.586719 0.0625 0.0453125 0.00073794
1 0.580469 0.00390625 0.0578125 0.0078125 0.000781446
0 0.707031 0.704687 0.0265625 0.025 0.000787163
3 0.673437 0.573438 0.028125 0.025 0.00082312
0 0.699219 0.747656 0.0296875 0.0390625 0.000931578
1 0.520312 0.003125 0.0625 0.00625 0.000937127
0 0.697656 0.765625 0.0296875 0.025 0.0010493
0 0.683594 0.867188 0.0234375 0.028125 0.00123352
0 0.69375 0.6125 0.028125 0.05 0.00128633
1 0.0304688 0.94375 0.0609375 0.1125 0.00141025
0 0.7125 0.696094 0.028125 0.0203125 0.00154511
1 0.0148437 0.957812 0.0296875 0.015625 0.0016643
1 0.544531 0.00234375 0.0578125 0.0046875 0.00197357
0 0.695312 0.783594 0.028125 0.0234375 0.00346033
0 0.710156 0.632031 0.0234375 0.0265625 0.00387993
0 0.685938 0.854688 0.025 0.028125 0.00454792
3 0.657031 0.5625 0.0265625 0.025 0.00507944
0 0.688281 0.834375 0.0234375 0.028125 0.00541826
0 0.708594 0.665625 0.0234375 0.03125 0.00935912
0 0.692187 0.802344 0.021875 0.0328125 0.00949226
0 0.691406 0.816406 0.0234375 0.0265625 0.0106199
0 0.710156 0.642969 0.0234375 0.0234375 0.0193238
1 0.0171875 0.953125 0.034375 0.0125 0.0288994
0 0.708594 0.68125 0.0234375 0.025 0.0444958
3 0.666406 0.564844 0.0265625 0.0265625 0.37562
3 0.654688 0.55625 0.021875 0.01875 0.609445
0 0.707812 0.689844 0.025 0.0234375 0.628801
1 0.671875 0.954687 0.021875 0.009375 0.753586
2 0.666406 0.565625 0.0265625 0.028125 0.763438
