0 0.994531 0.375781 0.0109375 0.0296875 0.000100499
1 0.628125 0.2125 0.040625 0.015625 0.000102595
1 0.595312 0.810938 0.046875 0.021875 0.000103136
0 0.994531 0.357031 0.0109375 0.0296875 0.000103619
1 0.130469 0.0414063 0.0328125 0.0421875 0.000104649
2 0.726562 0.003125 0.046875 0.00625 0.00010522
1 0.241406 0.00234375 0.0328125 0.0046875 0.000107134
0 0.994531 0.240625 0.0109375 0.03125 0.000108115
0 0.99375 0.221094 0.0125 0.0359375 0.000108851
1 0.65 0.003125 0.04375 0.00625 0.000109162
0 0.990625 0.145313 0.01875 0.03125 0.000109964
1 0.507031 0.0109375 0.0984375 0.021875 0.000110945
1 0.582031 0.977344 0.114063 0.0453125 0.000111798
0 0.99375 0.441406 0.0125 0.0609375 0.000112477
0 0.992969 0.401563 0.0140625 0.0625 0.000114387
0 0.992969 0.326562 0.0140625 0.065625 0.000114666
1 0.283594 0.00234375 0.0359375 0.0046875 0.000116669
3 0.09375 0.220313 0.01875 0.021875 0.000118395
0 0.985937 0.169531 0.028125 0.0421875 0.000118914
1 0.594531 0.727344 0.0234375 0.0109375 0.000119465
1 0.592188 0.840625 0.084375 0.06875 0.000120054
1 0.8625 0.00625 0.0875 0.0125 0.00012046
1 0.405469 0.00546875 0.0796875 0.0109375 0.000120489
0 0.992969 0.364844 0.0140625 0.0640625 0.000120859
1 0.31875 0.071875 0.05625 0.025 0.000124123
0 0.342187 0.710938 0.059375 0.040625 0.000127174
0 0.316406 0.7375 0.0578125 0.090625 0.000128341
1 0.978125 0.003125 0.040625 0.00625 0.000130489
2 0.864844 0.00546875 0.0578125 0.0078125 0.000133113
1 0.377344 0.00234375 0.0359375 0.0046875 0.000136699
2 0.00859375 0.0179687 0.0171875 0.0328125 0.000137175
0 0.992188 0.285937 0.015625 0.065625 0.000143604
0 0.338281 0.742969 0.0390625 0.0328125 0.000145756
1 0.752344 0.73125 0.0390625 0.0125 0.000146092
0 0.99375 0.200781 0.0125 0.0359375 0.000152584
1 0.491406 0.0203125 0.0265625 0.01875 0.000152701
1 0.591406 0.966406 0.0578125 0.0265625 0.00015458
0 0.340625 0.66875 0.059375 0.03125 0.00015893
1 0.995313 0.985937 0.009375 0.015625 0.000159227
0 0.322656 0.623438 0.0609375 0.04375 0.000160189
0 0.370313 0.814062 0.078125 0.115625 0.000161273
0 0.855469 0.528125 0.0390625 0.075 0.000162148
1 0.569531 0.00390625 0.0515625 0.0078125 0.000165072
0 0.992188 0.246094 0.015625 0.0671875 0.000165476
1 0.3375 0.00390625 0.065625 0.0078125 0.000169206
2 0.610937 0.003125 0.040625 0.00625 0.000171814
1 0.254687 0.00234375 0.04375 0.0046875 0.000172082
1 0.832031 0.728906 0.0421875 0.0140625 0.00017225
1 0.628125 0.003125 0.04375 0.00625 0.000172771
1 0.596875 0.00625 0.0875 0.0125 0.000174732
1 0.302344 0.00234375 0.0359375 0.0046875 0.000185747
1 0.4 0.003125 0.05 0.00625 0.000188966
0 0.340625 0.892187 0.0375 0.025 0.000190013
1 0.788281 0.00546875 0.0796875 0.0109375 0.000193196
1 0.953906 0.0078125 0.0734375 0.015625 0.000200411
2 0.826563 0.0046875 0.05625 0.00625 0.000205361
1 0.00625 0.983594 0.0125 0.0328125 0.000211026
2 0.788281 0.0046875 0.0546875 0.00625 0.000211181
0 0.990625 0.20625 0.01875 0.06875 0.00021137
2 0.747656 0.0046875 0.0546875 0.00625 0.000213206
1 0.721094 0.553906 0.0140625 0.0078125 0.000219929
0 0.859375 0.63125 0.021875 0.025 0.00022168
0 0.863281 0.644531 0.0359375 0.0328125 0.000221697
1 0.60625 0.003125 0.05 0.00625 0.000227448
1 0.992188 0.995313 0.015625 0.009375 0.000230158
0 0.99375 0.18125 0.0125 0.034375 0.000234353
0 0.323438 0.835156 0.05 0.0359375 0.00025107
1 0.983594 0.985937 0.0328125 0.028125 0.000254423
0 0.992188 0.1625 0.015625 0.034375 0.000254572
0 0.853906 0.527344 0.0609375 0.0390625 0.000256407
3 0.0765625 0.221094 0.028125 0.0671875 0.000257898
0 0.988281 0.142969 0.0234375 0.0578125 0.000269463
3 0.0765625 0.219531 0.053125 0.0421875 0.000272669
1 0.342187 0.00234375 0.0375 0.0046875 0.000278863
0 0.866406 0.66875 0.0171875 0.021875 0.000286267
0 0.334375 0.778906 0.05 0.0890625 0.000287752
0 0.989844 0.16875 0.0203125 0.065625 0.000291568
2 0.686719 0.003125 0.0453125 0.00625 0.000297179
0 0.863281 0.64375 0.0203125 0.053125 0.000316331
0 0.838281 0.546094 0.0328125 0.0765625 0.000319868
0 0.341406 0.839063 0.0359375 0.025 0.000334628
1 0.707031 0.0046875 0.0734375 0.009375 0.000339253
1 0.292969 0.00234375 0.0421875 0.0046875 0.000339822
3 0.839844 0.551562 0.0203125 0.015625 0.000346038
3 0.842188 0.525781 0.015625 0.0140625 0.000355483
1 0.358594 0.00234375 0.0359375 0.0046875 0.00036504
1 0.660156 0.0046875 0.0734375 0.009375 0.000377545
0 0.836719 0.545313 0.0546875 0.04375 0.000388541
2 0.707812 0.00390625 0.05 0.0046875 0.00041142
3 0.839844 0.533594 0.0296875 0.0359375 0.000445221
1 0.990625 0.991406 0.01875 0.0109375 0.000478805
0 0.33125 0.76875 0.040625 0.05 0.000494411
2 0.639063 0.003125 0.05 0.00625 0.000495358
0 0.860156 0.646094 0.0203125 0.0234375 0.000508938
2 0.673437 0.003125 0.05 0.00625 0.000552514
1 0.00859375 0.985156 0.0171875 0.0140625 0.000555968
1 0.328125 0.00234375 0.040625 0.0046875 0.000560314
3 0.844531 0.535156 0.0171875 0.0234375 0.000566924
0 0.861719 0.664844 0.0171875 0.0203125 0.000628839
2 0.982813 0.003125 0.034375 0.00625 0.000857655
3 0.841406 0.545313 0.0171875 0.0125 0.000903846
3 0.840625 0.540625 0.01875 0.015625 0.000977889
3 0.078125 0.222656 0.01875 0.0171875 0.00134469
1 0.841406 0.54375 0.0171875 0.009375 0.00186615
0 0.335938 0.785937 0.040625 0.028125 0.00234306
1 0.319531 0.979688 0.0421875 0.015625 0.00479155
0 0.335156 0.817187 0.0390625 0.028125 0.00631054
3 0.842969 0.534375 0.0171875 0.0125 0.00826259
0 0.335156 0.799219 0.0390625 0.0296875 0.00896516
0 0.333594 0.845312 0.0390625 0.028125 0.0186021
1 0.322656 0.95 0.0453125 0.04375 0.0379706
0 0.322656 0.944531 0.0421875 0.0453125 0.0564752
0 0.330469 0.860937 0.0390625 0.03125 0.063172
0 0.328906 0.873438 0.0359375 0.028125 0.201297
0 0.326562 0.896875 0.040625 0.040625 0.232622
3 0.297656 0.5875 0.0359375 0.0375 0.384663
0 0.322656 0.922656 0.0390625 0.0296875 0.481244
3 0.284375 0.575781 0.028125 0.0265625 0.73885
1 0.31875 0.989062 0.0375 0.009375 0.769653
2 0.298438 0.5875 0.0375 0.0375 0.856155
