1 0.671875 0.0820312 0.0375 0.0546875 0.000101936
0 0.571875 0.909375 0.06875 0.10625 0.000104601
1 0.0289063 0.003125 0.0453125 0.00625 0.000104783
1 0.48125 0.00234375 0.053125 0.0046875 0.000108933
1 0.326562 0.971875 0.025 0.040625 0.000109097
3 0.0804688 0.216406 0.0140625 0.0265625 0.000109233
1 0.157031 0.946875 0.0484375 0.071875 0.000109683
0 0.491406 0.55625 0.0421875 0.0625 0.000109922
2 0.785937 0.230469 0.059375 0.0765625 0.000110281
3 0.0625 0.653906 0.01875 0.0515625 0.000113574
3 0.0570313 0.125781 0.0265625 0.0671875 0.000114124
1 0.511719 0.00390625 0.0765625 0.0078125 0.000114483
0 0.535156 0.794531 0.0484375 0.0234375 0.000114834
1 0.78125 0.00234375 0.03125 0.0046875 0.000115065
1 0.0148437 0.989062 0.0296875 0.0125 0.000115113
3 0.0664062 0.225781 0.0734375 0.0703125 0.000117642
1 0.7125 0.990625 0.0375 0.009375 0.000118903
1 0.625 0.003125 0.03125 0.00625 0.000121083
3 0.827344 0.217969 0.0171875 0.0453125 0.00012206
3 0.0453125 0.128125 0.015625 0.028125 0.00012684
3 0.0421875 0.773438 0.021875 0.025 0.000128581
1 0.742969 0.00703125 0.0765625 0.0140625 0.000129082
1 0.442969 0.00234375 0.0515625 0.0046875 0.000130579
3 0.85 0.638281 0.05 0.0390625 0.000135616
3 0.0625 0.653125 0.040625 0.028125 0.000136021
1 0.676562 0.00859375 0.0375 0.0171875 0.000139827
0 0.858594 0.739844 0.0296875 0.0234375 0.00014209
1 0.703125 0.00234375 0.028125 0.0046875 0.000143002
3 0.0585938 0.674219 0.0171875 0.0484375 0.00014932
1 0.34375 0.988281 0.025 0.0078125 0.000150802
3 0.059375 0.673437 0.03125 0.03125 0.000151431
3 0.849219 0.639063 0.0265625 0.0625 0.000155323
1 0.729688 0.980469 0.075 0.0390625 0.000157901
3 0.0460938 0.1375 0.0140625 0.028125 0.000160337
1 0.351562 0.980469 0.0875 0.0390625 0.000162702
1 0.828125 0.003125 0.05 0.00625 0.000164992
1 0.0132813 0.991406 0.0265625 0.0078125 0.000171889
0 0.842969 0.740625 0.0234375 0.021875 0.000174363
1 0.524219 0.00234375 0.0484375 0.0046875 0.000175945
1 0.724219 0.00234375 0.0296875 0.0046875 0.000180008
0 0.546094 0.86875 0.0765625 0.10625 0.000183672
2 0.892969 0.619531 0.0546875 0.101562 0.000185322
1 0.59375 0.00390625 0.05 0.0078125 0.000185946
3 0.0679687 0.227344 0.0421875 0.110937 0.000190617
1 0.325781 0.973437 0.0421875 0.021875 0.000207703
1 0.79375 0.00234375 0.046875 0.0046875 0.000210519
1 0.742188 0.00234375 0.028125 0.0046875 0.000210608
3 0.0625 0.216406 0.0125 0.0265625 0.000213989
3 0.0601562 0.204688 0.0140625 0.025 0.00022503
1 0.0273438 0.983594 0.0546875 0.0328125 0.000231564
1 0.630469 0.00546875 0.0578125 0.0109375 0.000237419
3 0.0476562 0.203125 0.0109375 0.025 0.000258574
1 0.604688 0.00234375 0.03125 0.0046875 0.000279836
0 0.475781 0.460938 0.0484375 0.034375 0.000290133
3 0.0476562 0.216406 0.0140625 0.0234375 0.000291832
3 0.758594 0.203125 0.0203125 0.040625 0.000292943
1 0.567969 0.00234375 0.0328125 0.0046875 0.000310818
1 0.589063 0.00234375 0.03125 0.0046875 0.000351037
1 0.75625 0.00234375 0.04375 0.0046875 0.00038436
1 0.335938 0.9875 0.01875 0.00625 0.000419101
1 0.55 0.00234375 0.03125 0.0046875 0.000427667
1 0.717188 0.003125 0.05 0.00625 0.000466294
1 0.675781 0.0046875 0.0546875 0.009375 0.000508938
1 0.3375 0.985156 0.01875 0.0109375 0.000794
0 0.470313 0.476562 0.04375 0.03125 0.00105443
0 0.478125 0.535937 0.053125 0.040625 0.0011206
3 0.767187 0.229687 0.028125 0.053125 0.00140436
0 0.480469 0.519531 0.0421875 0.0359375 0.00233945
1 0.579687 0.980469 0.04375 0.0203125 0.0041292
3 0.779688 0.222656 0.025 0.0453125 0.202002
0 0.475781 0.505469 0.0421875 0.0328125 0.213011
3 0.796875 0.217187 0.028125 0.04375 0.215972
0 0.474219 0.489062 0.0421875 0.034375 0.68865
1 0.580469 0.9875 0.0453125 0.0125 0.782032
3 0.817969 0.216406 0.0140625 0.0421875 0.846172
2 0.778125 0.221875 0.025 0.04375 0.883518
