3 0.0828125 0.110156 0.021875 0.0328125 0.000100239
1 0.509375 0.00390625 0.078125 0.0078125 0.000100363
0 0.621094 0.195312 0.0171875 0.028125 0.000101709
3 0.813281 0.239844 0.0515625 0.104687 0.000101757
3 0.065625 0.310937 0.009375 0.021875 0.000104164
1 0.442187 0.00234375 0.053125 0.0046875 0.000105453
3 0.046875 0.182031 0.015625 0.0296875 0.000112744
3 0.847656 0.6375 0.0265625 0.06875 0.000113543
3 0.732031 0.228906 0.0203125 0.0578125 0.000115631
1 0.676562 0.0101562 0.0375 0.0203125 0.000120324
0 0.500781 0.701563 0.0578125 0.0375 0.000120333
3 0.0234375 0.222656 0.015625 0.0265625 0.000121496
1 0.157031 0.949219 0.0484375 0.0734375 0.000122529
1 0.325 0.973437 0.046875 0.025 0.000122927
3 0.0585938 0.222656 0.0140625 0.0296875 0.000123342
1 0.728906 0.979688 0.0765625 0.040625 0.000124085
1 0.521875 0.00234375 0.05 0.0046875 0.000125747
3 0.021875 0.25625 0.015625 0.025 0.000126106
3 0.0796875 0.139062 0.021875 0.034375 0.000126678
0 0.570312 0.909375 0.06875 0.10625 0.000128027
1 0.792969 0.003125 0.0484375 0.00625 0.000129319
1 0.351562 0.980469 0.09375 0.0390625 0.000129594
3 0.046875 0.160156 0.015625 0.0296875 0.00013637
3 0.096875 0.191406 0.015625 0.0328125 0.000141566
1 0.592969 0.0046875 0.0515625 0.009375 0.000147717
1 0.742969 0.00234375 0.0296875 0.0046875 0.000147968
1 0.723437 0.00234375 0.028125 0.0046875 0.000148653
3 0.0828125 0.122656 0.021875 0.0328125 0.00015131
3 0.0453125 0.225 0.0125 0.028125 0.000166152
3 0.0210938 0.128125 0.0171875 0.028125 0.000171123
0 0.857813 0.739844 0.028125 0.0234375 0.000184094
1 0.0125 0.991406 0.025 0.0078125 0.000184865
1 0.0125 0.986719 0.025 0.0109375 0.000189041
1 0.332812 0.988281 0.01875 0.0078125 0.000189146
3 0.078125 0.192969 0.015625 0.0328125 0.000192889
0 0.545313 0.867969 0.075 0.104687 0.000195684
1 0.629687 0.00546875 0.059375 0.0109375 0.000196229
3 0.059375 0.141406 0.015625 0.0328125 0.000204245
2 0.891406 0.617188 0.0578125 0.10625 0.000204373
3 0.0617188 0.160156 0.0171875 0.0296875 0.000211611
1 0.548437 0.00234375 0.03125 0.0046875 0.000214495
3 0.08125 0.252344 0.0125 0.0265625 0.000216558
3 0.0601562 0.197656 0.0140625 0.0296875 0.000233148
3 0.0234375 0.140625 0.015625 0.028125 0.00023718
1 0.561719 0.00234375 0.0484375 0.0046875 0.000248807
1 0.603906 0.00234375 0.0328125 0.0046875 0.000254733
1 0.0265625 0.984375 0.053125 0.03125 0.000266525
0 0.842969 0.741406 0.0234375 0.0234375 0.000275616
3 0.0460938 0.14375 0.0140625 0.03125 0.000278317
1 0.335156 0.985156 0.0203125 0.0109375 0.000280034
3 0.046875 0.201562 0.0125 0.028125 0.000284605
3 0.0242187 0.2375 0.0140625 0.025 0.000307852
1 0.755469 0.00234375 0.0453125 0.0046875 0.000308568
3 0.102344 0.250781 0.0140625 0.0234375 0.000314168
3 0.05625 0.128906 0.025 0.0734375 0.000319534
1 0.716406 0.003125 0.0515625 0.00625 0.000346445
1 0.676562 0.00546875 0.05625 0.0109375 0.00038225
3 0.059375 0.242188 0.0125 0.028125 0.000382935
1 0.589063 0.00234375 0.03125 0.0046875 0.000399907
3 0.0453125 0.130469 0.015625 0.0296875 0.000416455
3 0.0609375 0.127344 0.015625 0.0296875 0.000452816
3 0.0460938 0.239844 0.0109375 0.0265625 0.000494144
3 0.046875 0.252344 0.0125 0.0265625 0.000504141
3 0.8 0.240625 0.015625 0.034375 0.000549969
3 0.0585938 0.145313 0.0546875 0.090625 0.000586977
3 0.0617188 0.252344 0.0109375 0.0265625 0.000697094
0 0.471875 0.516406 0.053125 0.0515625 0.00111228
0 0.473437 0.538281 0.053125 0.0515625 0.00117267
1 0.577344 0.979688 0.0453125 0.021875 0.00242406
0 0.464063 0.492969 0.04375 0.0328125 0.031275
3 0.782031 0.230469 0.0265625 0.0421875 0.123561
3 0.763281 0.234375 0.0359375 0.04375 0.152791
0 0.463281 0.477344 0.0421875 0.0328125 0.726541
1 0.578125 0.986719 0.04375 0.0109375 0.785033
3 0.796094 0.23125 0.0171875 0.040625 0.838302
2 0.759375 0.233594 0.028125 0.0453125 0.882559
