3 0.0617188 0.204688 0.0140625 0.03125 0.000100495
1 0.157031 0.946875 0.0484375 0.071875 0.000101614
3 0.0820312 0.257031 0.0140625 0.0265625 0.000102537
0 0.504687 0.675 0.046875 0.0625 0.000102556
3 0.0398437 0.696875 0.0421875 0.05 0.000103211
1 0.44375 0.00234375 0.053125 0.0046875 0.000104904
3 0.103125 0.272656 0.0125 0.0203125 0.000105199
3 0.059375 0.10625 0.015625 0.034375 0.000105866
1 0.739844 0.00703125 0.0796875 0.0140625 0.00011105
3 0.021875 0.220313 0.015625 0.025 0.000111303
3 0.0640625 0.684375 0.0125 0.021875 0.000113147
3 0.864844 0.635156 0.0578125 0.110937 0.000113194
1 0.703906 0.00234375 0.0296875 0.0046875 0.000116428
1 0.521094 0.00234375 0.0515625 0.0046875 0.000116957
3 0.046875 0.160938 0.015625 0.028125 0.00011818
0 0.514063 0.708594 0.078125 0.117188 0.000118769
3 0.0195312 0.140625 0.0171875 0.028125 0.000119835
3 0.0203125 0.25625 0.015625 0.025 0.000120772
1 0.48125 0.00234375 0.05 0.0046875 0.00012227
1 0.0125 0.986719 0.025 0.0109375 0.000123146
3 0.389062 0.325781 0.028125 0.0203125 0.00012401
0 0.501562 0.703125 0.05625 0.0375 0.000125808
1 0.441406 0.00390625 0.0734375 0.0078125 0.000127056
3 0.046875 0.252344 0.0125 0.0265625 0.000128376
3 0.065625 0.163281 0.015625 0.0296875 0.000134275
3 0.850781 0.6375 0.0484375 0.040625 0.000134668
3 0.021875 0.683594 0.0125 0.0203125 0.000135725
1 0.350781 0.980469 0.0890625 0.0390625 0.000138831
1 0.678125 0.009375 0.0375 0.01875 0.000139968
1 0.792188 0.00234375 0.05 0.0046875 0.000140114
3 0.0460938 0.203125 0.0140625 0.028125 0.000142347
1 0.0179687 0.989062 0.0265625 0.00625 0.000142628
3 0.078125 0.222656 0.015625 0.0296875 0.000143057
3 0.0804688 0.175 0.0171875 0.028125 0.000143061
3 0.059375 0.661719 0.021875 0.0515625 0.00014795
1 0.015625 0.989062 0.03125 0.0125 0.000150797
0 0.569531 0.909375 0.0671875 0.10625 0.000158213
1 0.742969 0.00234375 0.0296875 0.0046875 0.000158724
3 0.0210938 0.125 0.0171875 0.028125 0.000160631
1 0.632031 0.00625 0.0609375 0.0125 0.000162049
1 0.724219 0.00234375 0.0296875 0.0046875 0.000163656
1 0.604688 0.003125 0.034375 0.00625 0.00016375
3 0.850781 0.6375 0.0265625 0.0625 0.000165878
3 0.021875 0.239844 0.015625 0.0234375 0.000166311
0 0.544531 0.867969 0.0734375 0.104687 0.000173394
1 0.549219 0.00234375 0.0328125 0.0046875 0.000174267
3 0.0648438 0.178125 0.0140625 0.028125 0.000175602
3 0.0640625 0.253906 0.0125 0.0265625 0.000178441
1 0.567969 0.00234375 0.0328125 0.0046875 0.000183393
1 0.592188 0.00390625 0.05625 0.0078125 0.000184055
3 0.0703125 0.240625 0.04375 0.10625 0.000188635
3 0.0796875 0.235938 0.0125 0.028125 0.000188965
3 0.046875 0.139844 0.015625 0.0296875 0.000189497
3 0.0617188 0.125 0.0140625 0.03125 0.000192604
3 0.53125 0.196875 0.028125 0.015625 0.000194818
3 0.046875 0.126563 0.015625 0.03125 0.000195541
3 0.084375 0.272656 0.0125 0.0203125 0.000196415
2 0.889844 0.61875 0.0546875 0.1 0.000215686
1 0.335156 0.9875 0.0203125 0.00625 0.000219798
3 0.059375 0.661719 0.04375 0.0265625 0.000221538
0 0.84375 0.741406 0.025 0.0234375 0.000228745
3 0.053125 0.684375 0.015625 0.04375 0.000232646
1 0.0132813 0.991406 0.0265625 0.0078125 0.000235561
3 0.046875 0.236719 0.0125 0.0265625 0.000239438
1 0.588281 0.003125 0.0328125 0.00625 0.000241147
0 0.858594 0.740625 0.0296875 0.021875 0.000257289
3 0.053125 0.683594 0.03125 0.0265625 0.000260469
3 0.0492188 0.221875 0.0140625 0.028125 0.000280486
1 0.336719 0.985156 0.0203125 0.0109375 0.000284431
3 0.811719 0.239063 0.0390625 0.0875 0.000292947
1 0.753906 0.00234375 0.0453125 0.0046875 0.000306997
1 0.0265625 0.984375 0.053125 0.03125 0.000352955
3 0.0585938 0.146875 0.0515625 0.09375 0.000370403
3 0.791406 0.227344 0.0265625 0.0359375 0.000379506
3 0.0617188 0.140625 0.0140625 0.03125 0.000384427
1 0.716406 0.003125 0.0515625 0.00625 0.000399566
1 0.677344 0.00546875 0.0546875 0.0109375 0.000461894
3 0.0625 0.221094 0.0125 0.0265625 0.000494927
3 0.0625 0.233594 0.0125 0.0265625 0.000619448
3 0.808594 0.227344 0.0203125 0.0515625 0.00130456
0 0.472656 0.530469 0.0515625 0.0484375 0.0016111
1 0.571875 0.978906 0.04375 0.0234375 0.00161839
0 0.464063 0.466406 0.04375 0.0328125 0.00229801
0 0.471094 0.508594 0.0484375 0.0390625 0.00362817
2 0.792188 0.228125 0.025 0.046875 0.0198784
3 0.769531 0.232031 0.0390625 0.0484375 0.0591912
0 0.464063 0.49375 0.04375 0.034375 0.0820351
0 0.463281 0.479688 0.0421875 0.034375 0.724863
3 0.801562 0.228125 0.015625 0.040625 0.779683
1 0.576563 0.9875 0.04375 0.0125 0.792428
2 0.7625 0.232031 0.025 0.0453125 0.907847
