2 0.621875 0.63125 0.059375 0.06875 0.000101766
1 0.0640625 0.003125 0.05625 0.00625 0.000104088
1 0.369531 0.325781 0.0453125 0.0171875 0.000106259
3 0.0796875 0.278906 0.01875 0.0296875 0.000107564
1 0.646094 0.003125 0.0359375 0.00625 0.000108697
3 0.0796875 0.257812 0.021875 0.028125 0.000110756
0 0.842188 0.741406 0.03125 0.0265625 0.000113608
1 0.503906 0.00546875 0.0890625 0.0109375 0.00011518
3 0.261719 0.334375 0.0140625 0.015625 0.000116503
1 0.200781 0.00703125 0.0609375 0.0140625 0.000119723
3 0.829687 0.200781 0.028125 0.0703125 0.000120242
1 0.370313 0.003125 0.053125 0.00625 0.000123416
3 0.0445312 0.257031 0.0203125 0.0296875 0.000128949
1 0.739062 0.00703125 0.0875 0.0140625 0.000131308
1 0.792969 0.003125 0.0546875 0.00625 0.000131589
1 0.672656 0.0804688 0.0359375 0.0515625 0.000132478
1 0.874219 0.953906 0.0671875 0.0421875 0.000135809
1 0.875 0.953906 0.0375 0.0703125 0.000141563
1 0.334375 0.00234375 0.05 0.0046875 0.000146954
1 0.40625 0.00234375 0.053125 0.0046875 0.000150898
1 0.167969 0.00390625 0.0609375 0.0078125 0.000162433
0 0.41875 0.785156 0.071875 0.114063 0.000165861
1 0.292188 0.003125 0.05625 0.00625 0.000170204
3 0.857813 0.201562 0.059375 0.040625 0.000172633
1 0.253125 0.00703125 0.05625 0.0140625 0.000176281
0 0.425781 0.903125 0.0640625 0.0375 0.000190079
3 0.0625 0.260156 0.01875 0.0296875 0.000194553
1 0.482031 0.00234375 0.0546875 0.0046875 0.000194692
1 0.675 0.00625 0.0375 0.0125 0.000223403
1 0.44375 0.00234375 0.053125 0.0046875 0.000224564
0 0.394531 0.811719 0.0515625 0.0359375 0.000236715
3 0.857813 0.202344 0.03125 0.0671875 0.000248112
1 0.521875 0.00234375 0.05 0.0046875 0.000270563
1 0.6625 0.983594 0.09375 0.0328125 0.000280039
1 0.605469 0.003125 0.0390625 0.00625 0.000283086
1 0.560156 0.00234375 0.0515625 0.0046875 0.000289264
1 0.755469 0.00234375 0.0484375 0.0046875 0.000289299
1 0.590625 0.003125 0.0375 0.00625 0.000318133
1 0.7125 0.003125 0.053125 0.00625 0.000361083
1 0.632812 0.00390625 0.05625 0.0078125 0.000361445
1 0.475 0.980469 0.053125 0.0234375 0.00073112
2 0.641406 0.592188 0.0265625 0.046875 0.000807516
1 0.674219 0.00390625 0.0515625 0.0078125 0.000826439
0 0.392969 0.825781 0.0453125 0.0328125 0.00126815
0 0.403906 0.866406 0.0453125 0.0359375 0.00199727
0 0.397656 0.85 0.0453125 0.034375 0.0550735
3 0.652344 0.605469 0.0359375 0.0421875 0.435855
0 0.396094 0.8375 0.0453125 0.034375 0.739141
3 0.685156 0.598437 0.0296875 0.034375 0.763602
1 0.478125 0.9875 0.053125 0.0125 0.814878
2 0.65 0.605469 0.03125 0.0421875 0.912613
