3 0.0460938 0.203125 0.0171875 0.03125 0.000100385
0 0.499219 0.882031 0.0734375 0.0984375 0.000101343
1 0.671875 0.0796875 0.0375 0.053125 0.000101769
3 0.0484375 0.163281 0.01875 0.0296875 0.000103906
1 0.660937 0.00859375 0.09375 0.0171875 0.000104176
3 0.0234375 0.220313 0.01875 0.028125 0.000104336
1 0.370313 0.003125 0.05625 0.00625 0.00010447
1 0.180469 0.8875 0.0296875 0.040625 0.000105468
1 0.0273438 0.00390625 0.0484375 0.0078125 0.000105716
1 0.0625 0.003125 0.05625 0.00625 0.000107567
1 0.186719 0.967188 0.0484375 0.0625 0.000110947
0 0.857031 0.739062 0.0328125 0.025 0.000111647
0 0.614062 0.226562 0.025 0.03125 0.000112555
1 0.573438 0.0078125 0.0875 0.015625 0.00011314
1 0.792969 0.003125 0.0546875 0.00625 0.000113848
3 0.0609375 0.202344 0.01875 0.0328125 0.000114568
1 0.529688 0.224219 0.05625 0.0234375 0.000115694
3 0.628125 0.5875 0.03125 0.034375 0.000116514
3 0.0578125 0.171094 0.06875 0.101562 0.000117123
0 0.604688 0.216406 0.034375 0.0296875 0.000118185
3 0.852344 0.6375 0.0546875 0.040625 0.000122349
1 0.739844 0.00703125 0.0890625 0.0140625 0.000123333
0 0.461719 0.867188 0.0828125 0.11875 0.000125114
1 0.167187 0.0046875 0.0625 0.009375 0.000127398
1 0.742969 0.00234375 0.0328125 0.0046875 0.000129418
3 0.0609375 0.179688 0.01875 0.03125 0.000130779
1 0.253906 0.00859375 0.0578125 0.0171875 0.000131924
1 0.645312 0.003125 0.034375 0.00625 0.000133792
0 0.389844 0.779688 0.0734375 0.115625 0.0001342
0 0.358594 0.710156 0.0578125 0.0421875 0.000134654
3 0.0804688 0.254687 0.0140625 0.028125 0.000134837
3 0.0476562 0.2375 0.0140625 0.028125 0.000135248
1 0.728906 0.98125 0.0984375 0.0375 0.000137066
1 0.503906 0.0046875 0.0859375 0.009375 0.00013776
3 0.852344 0.6375 0.0296875 0.0625 0.000139882
0 0.421875 0.765625 0.096875 0.0625 0.000142879
3 0.025 0.2375 0.015625 0.025 0.000143871
1 0.289844 0.00390625 0.0578125 0.0078125 0.000144286
3 0.628125 0.2375 0.021875 0.025 0.000144551
1 0.407813 0.003125 0.053125 0.00625 0.000146682
3 0.859375 0.6375 0.01875 0.028125 0.000149312
1 0.348437 0.980469 0.1 0.0390625 0.000149327
3 0.0226563 0.290625 0.0140625 0.021875 0.000150611
3 0.0585938 0.217969 0.0171875 0.0328125 0.000159415
0 0.605469 0.203906 0.0359375 0.0265625 0.00016086
0 0.373437 0.615625 0.059375 0.04375 0.000169884
3 0.0789063 0.217187 0.0203125 0.03125 0.000176107
3 0.861719 0.199219 0.0296875 0.0640625 0.000179558
3 0.860937 0.199219 0.05625 0.0421875 0.000181994
1 0.48125 0.00234375 0.053125 0.0046875 0.000199496
0 0.842969 0.740625 0.0296875 0.025 0.000202455
1 0.44375 0.00234375 0.053125 0.0046875 0.000208734
3 0.0460938 0.222656 0.0171875 0.0296875 0.000211659
1 0.673437 0.00703125 0.0375 0.0140625 0.00021833
3 0.0585938 0.236719 0.0140625 0.0296875 0.000237272
1 0.521875 0.00234375 0.05 0.0046875 0.00026783
1 0.755469 0.00234375 0.0484375 0.0046875 0.00028513
3 0.0617188 0.251563 0.0140625 0.028125 0.000303244
0 0.4 0.633594 0.06875 0.104687 0.000309891
2 0.600781 0.555469 0.0328125 0.0453125 0.000344703
1 0.63125 0.00390625 0.05625 0.0078125 0.000358167
1 0.535937 0.974219 0.05 0.0421875 0.000358689
1 0.713281 0.003125 0.0546875 0.00625 0.000361308
1 0.60625 0.003125 0.0375 0.00625 0.000393555
3 0.0476562 0.249219 0.0140625 0.0265625 0.000401267
1 0.3375 0.985156 0.025 0.0109375 0.00041671
1 0.560156 0.00234375 0.0484375 0.0046875 0.000424264
3 0.617188 0.233594 0.015625 0.0265625 0.00046484
3 0.583594 0.580469 0.0359375 0.0609375 0.000506127
1 0.589844 0.003125 0.0359375 0.00625 0.000512284
2 0.621094 0.585938 0.0609375 0.071875 0.000526373
3 0.621875 0.586719 0.053125 0.0890625 0.000555482
0 0.396875 0.728125 0.05625 0.040625 0.000749068
1 0.672656 0.00390625 0.0515625 0.0078125 0.000765919
0 0.380469 0.645312 0.0484375 0.053125 0.00126024
1 0.530469 0.980469 0.0484375 0.0203125 0.00298856
0 0.388281 0.709375 0.0453125 0.034375 0.00626999
0 0.38125 0.661719 0.04375 0.0296875 0.0253788
0 0.382812 0.694531 0.046875 0.0328125 0.0666978
3 0.592969 0.567969 0.0359375 0.0453125 0.443517
0 0.380469 0.676562 0.0421875 0.034375 0.707871
1 0.53125 0.9875 0.05 0.0125 0.832157
3 0.625 0.574219 0.028125 0.0421875 0.832684
2 0.592188 0.567187 0.03125 0.04375 0.886932
