1 0.326562 0.989062 0.028125 0.009375 0.000100118
0 0.610937 0.203906 0.034375 0.0328125 0.00010435
0 0.607813 0.907812 0.040625 0.059375 0.000104525
1 0.571094 0.0078125 0.0890625 0.015625 0.000105308
1 0.417188 0.98125 0.09375 0.0375 0.000108158
1 0.0640625 0.003125 0.05625 0.00625 0.000108497
3 0.84375 0.422656 0.028125 0.0703125 0.000110964
1 0.792969 0.003125 0.0546875 0.00625 0.000111145
1 0.408594 0.003125 0.0546875 0.00625 0.000112095
1 0.671875 0.0789063 0.0375 0.0515625 0.000112365
1 0.0179687 0.989062 0.0265625 0.00625 0.000113287
1 0.0273438 0.003125 0.0484375 0.00625 0.000114407
0 0.601562 0.185937 0.0625 0.034375 0.000117449
1 0.332812 0.00234375 0.05 0.0046875 0.000120682
1 0.157813 0.952344 0.05 0.0734375 0.000120883
3 0.807813 0.460156 0.015625 0.0171875 0.000121645
1 0.910937 0.930469 0.0375 0.0578125 0.000122869
0 0.588281 0.753906 0.0640625 0.120312 0.000123034
1 0.504687 0.00546875 0.0875 0.0109375 0.000125043
3 0.851562 0.420312 0.065625 0.04375 0.000126934
2 0.867188 0.407031 0.08125 0.142188 0.000128791
1 0.167969 0.0046875 0.0609375 0.009375 0.000135351
1 0.2 0.00703125 0.059375 0.0140625 0.000135442
3 0.616406 0.234375 0.0203125 0.03125 0.000138008
3 0.989844 0.317969 0.0203125 0.0921875 0.000138938
1 0.290625 0.003125 0.05625 0.00625 0.00013926
0 0.769531 0.83125 0.0609375 0.04375 0.00014141
0 0.372656 0.626562 0.0140625 0.01875 0.000146606
1 0.646094 0.003125 0.0359375 0.00625 0.000147823
1 0.611719 0.973437 0.0421875 0.046875 0.000167045
1 0.348437 0.982031 0.08125 0.0359375 0.00017172
1 0.376563 0.325781 0.0375 0.0171875 0.000172014
3 0.0671875 0.679688 0.04375 0.028125 0.000172694
1 0.565625 0.985937 0.06875 0.028125 0.000173503
3 0.0671875 0.679688 0.025 0.05 0.000174083
1 0.253125 0.00703125 0.05625 0.0140625 0.000181081
1 0.0117188 0.985937 0.0234375 0.0125 0.000181415
1 0.672656 0.0078125 0.0390625 0.015625 0.00018892
1 0.346875 0.9875 0.021875 0.00625 0.000189241
3 0.828906 0.448438 0.0109375 0.025 0.000192069
1 0.48125 0.00234375 0.053125 0.0046875 0.000210556
1 0.44375 0.00234375 0.053125 0.0046875 0.000224859
3 0.821875 0.453906 0.0125 0.0234375 0.000232638
0 0.374219 0.278906 0.0234375 0.0265625 0.000240908
3 0.8125 0.458594 0.04375 0.0328125 0.000243486
1 0.0125 0.989844 0.025 0.0078125 0.000250627
1 0.75625 0.00234375 0.05 0.0046875 0.000267303
3 0.797656 0.829687 0.0515625 0.06875 0.000272832
1 0.713281 0.003125 0.0546875 0.00625 0.000297832
1 0.629687 0.00390625 0.05625 0.0078125 0.000313916
1 0.522656 0.00234375 0.0484375 0.0046875 0.000326079
3 0.823438 0.442187 0.0125 0.021875 0.000367592
1 0.338281 0.984375 0.0203125 0.009375 0.000383577
1 0.605469 0.003125 0.0390625 0.00625 0.000400359
1 0.560156 0.00234375 0.0484375 0.0046875 0.000420871
1 0.336719 0.9875 0.0171875 0.00625 0.000422267
1 0.385156 0.328125 0.0265625 0.009375 0.000464351
1 0.590625 0.003125 0.0375 0.00625 0.000501184
1 0.0273438 0.984375 0.0546875 0.028125 0.000569788
1 0.672656 0.0046875 0.0546875 0.009375 0.000576336
1 0.60625 0.980469 0.040625 0.0234375 0.000984186
3 0.807031 0.8125 0.0265625 0.034375 0.00112668
2 0.807031 0.8125 0.0265625 0.03125 0.00125749
0 0.578906 0.880469 0.0421875 0.0296875 0.00145889
0 0.571875 0.84375 0.04375 0.034375 0.00200619
0 0.579687 0.869531 0.040625 0.0265625 0.0171845
3 0.815625 0.824219 0.0375 0.0421875 0.338068
0 0.576563 0.857813 0.040625 0.028125 0.793344
1 0.609375 0.988281 0.040625 0.0109375 0.827104
3 0.846094 0.838281 0.0265625 0.0359375 0.842507
2 0.813281 0.823438 0.0359375 0.040625 0.896249
