1 0.572656 0.00859375 0.0921875 0.0171875 0.000101032
1 0.2 0.0078125 0.0625 0.015625 0.00010153
1 0.382812 0.103125 0.0375 0.015625 0.000102607
0 0.54375 0.182812 0.05625 0.028125 0.000103629
0 0.465625 0.825781 0.06875 0.0984375 0.000105119
1 0.0273438 0.00390625 0.0484375 0.0078125 0.000106042
0 0.749219 0.300781 0.0328125 0.0640625 0.000107961
3 0.552344 0.185156 0.0296875 0.0171875 0.000109428
1 0.329688 0.971875 0.05 0.025 0.000110425
1 0.663281 0.00859375 0.0953125 0.0171875 0.000110807
1 0.403906 0.960938 0.0421875 0.0625 0.000111371
1 0.721094 0.990625 0.0234375 0.00625 0.000111432
1 0.0625 0.003125 0.05625 0.00625 0.000113477
1 0.482812 0.226562 0.0625 0.021875 0.000114412
1 0.646094 0.003125 0.0359375 0.00625 0.000118966
1 0.500781 0.00546875 0.0890625 0.0109375 0.000119627
1 0.157813 0.947656 0.05 0.0734375 0.000120595
1 0.671875 0.0796875 0.0375 0.053125 0.000122565
1 0.735937 0.990625 0.03125 0.009375 0.000122831
1 0.708594 0.991406 0.0359375 0.0078125 0.000123086
1 0.377344 0.33125 0.0453125 0.01875 0.000128065
1 0.792969 0.003125 0.0546875 0.00625 0.000129692
1 0.625 0.003125 0.0375 0.00625 0.000130647
1 0.291406 0.00390625 0.0578125 0.0078125 0.000130702
1 0.353125 0.989062 0.0375 0.009375 0.00013109
1 0.167187 0.0046875 0.0625 0.009375 0.000135366
1 0.396875 0.003125 0.040625 0.00625 0.000136793
1 0.253125 0.0078125 0.059375 0.015625 0.000137788
1 0.328906 0.989062 0.0328125 0.009375 0.000139755
1 0.740625 0.00703125 0.0875 0.0140625 0.000139948
1 0.346094 0.989062 0.0296875 0.00625 0.000145334
1 0.340625 0.003125 0.0375 0.00625 0.000150945
1 0.416406 0.003125 0.0421875 0.00625 0.000167905
1 0.403125 0.960156 0.071875 0.0390625 0.000168432
3 0.6625 0.722656 0.0375 0.0578125 0.000169664
0 0.663281 0.721094 0.0546875 0.0359375 0.000172249
1 0.723437 0.986719 0.025 0.0109375 0.000173852
1 0.360156 0.982813 0.0953125 0.034375 0.00020259
1 0.0304688 0.982813 0.0609375 0.034375 0.000207426
1 0.674219 0.00703125 0.0390625 0.0140625 0.000207635
1 0.48125 0.00234375 0.053125 0.0046875 0.000210854
1 0.521875 0.00234375 0.053125 0.0046875 0.000217733
1 0.633594 0.0046875 0.0578125 0.009375 0.000242468
1 0.60625 0.003125 0.0375 0.00625 0.000261756
1 0.560156 0.003125 0.0515625 0.00625 0.000262675
1 0.442187 0.00234375 0.053125 0.0046875 0.000264014
3 0.614844 0.235156 0.0171875 0.0296875 0.000274593
1 0.754687 0.00234375 0.05 0.0046875 0.000282464
1 0.335938 0.989062 0.021875 0.00625 0.000295825
1 0.728125 0.984375 0.084375 0.03125 0.000305927
1 0.713281 0.003125 0.0546875 0.00625 0.00032643
1 0.589844 0.003125 0.0390625 0.00625 0.000327272
3 0.664844 0.6625 0.0390625 0.05625 0.000357433
3 0.696875 0.640625 0.034375 0.0375 0.000436445
1 0.3375 0.985156 0.021875 0.0109375 0.00060437
1 0.673437 0.00390625 0.053125 0.0078125 0.00068773
1 0.475 0.9375 0.053125 0.03125 0.000838523
2 0.675781 0.660156 0.0546875 0.0703125 0.00163504
0 0.479688 0.882031 0.04375 0.0390625 0.00398035
1 0.5 0.977344 0.046875 0.0328125 0.00434669
0 0.479688 0.915625 0.046875 0.028125 0.019505
1 0.491406 0.9875 0.0453125 0.0125 0.0460205
3 0.676562 0.65 0.0375 0.04375 0.44684
0 0.477344 0.9 0.0421875 0.03125 0.759935
3 0.710938 0.633594 0.028125 0.0328125 0.827658
1 0.510938 0.988281 0.046875 0.0109375 0.83211
2 0.675 0.65 0.0375 0.04375 0.905921
