1 0.416406 0.979688 0.0984375 0.040625 0.000102422
3 0.989844 0.00859375 0.0203125 0.0171875 0.000102896
1 0.428125 0.00546875 0.084375 0.0109375 0.000105942
1 0.716406 0.00625 0.0390625 0.0125 0.000108375
1 0.0273438 0.00390625 0.0484375 0.0078125 0.000112229
1 0.102344 0.003125 0.0578125 0.00625 0.000113266
1 0.13125 0.00859375 0.1 0.0171875 0.000114685
1 0.357031 0.00703125 0.0890625 0.0140625 0.000114729
1 0.745313 0.0078125 0.0875 0.015625 0.000115348
1 0.28125 0.0101562 0.1 0.0203125 0.000115933
1 0.0242187 0.977344 0.0484375 0.0453125 0.000116631
0 0.585156 0.59375 0.0390625 0.05625 0.000117005
1 0.910156 0.923437 0.0328125 0.040625 0.000118266
1 0.496094 0.00546875 0.0828125 0.0109375 0.000122112
1 0.165625 0.003125 0.0375 0.00625 0.000123174
1 0.158594 0.946875 0.0484375 0.075 0.00012447
1 0.179688 0.003125 0.0375 0.00625 0.000126732
1 0.2 0.00703125 0.059375 0.0140625 0.000126923
1 0.0648438 0.003125 0.0546875 0.00625 0.000127666
1 0.39375 0.333594 0.053125 0.0203125 0.000130499
0 0.613281 0.39375 0.0421875 0.025 0.000132432
0 0.621094 0.861719 0.0765625 0.101562 0.000133795
1 0.140625 0.003125 0.059375 0.00625 0.000135369
1 0.321875 0.00234375 0.034375 0.0046875 0.000138762
3 0.0679687 0.648438 0.0265625 0.053125 0.00013941
1 0.829687 0.003125 0.05625 0.00625 0.000144384
3 0.0679687 0.648438 0.0453125 0.03125 0.00014635
0 0.591406 0.58125 0.0421875 0.03125 0.000151463
1 0.675 0.00859375 0.040625 0.0171875 0.000156872
3 0.654688 0.253906 0.046875 0.0390625 0.000161888
1 0.3375 0.9875 0.021875 0.00625 0.000162982
1 0.0132813 0.985937 0.0265625 0.0125 0.000165687
2 0.675 0.226562 0.040625 0.040625 0.00017067
1 0.167187 0.00390625 0.059375 0.0078125 0.000176693
1 0.586719 0.796875 0.0578125 0.01875 0.000183092
3 0.0671875 0.671875 0.04375 0.028125 0.000185042
1 0.01875 0.989062 0.03125 0.00625 0.000192751
0 0.634375 0.9125 0.06875 0.1125 0.000194546
3 0.0671875 0.671875 0.025 0.046875 0.00020017
1 0.397656 0.003125 0.0390625 0.00625 0.000203428
1 0.253125 0.00703125 0.05625 0.0140625 0.000204036
0 0.641406 0.955469 0.0453125 0.0296875 0.000209298
1 0.792969 0.00234375 0.0515625 0.0046875 0.000211668
1 0.630469 0.0046875 0.0609375 0.009375 0.000213139
0 0.610156 0.783594 0.0390625 0.0453125 0.000215341
1 0.292969 0.003125 0.0546875 0.00625 0.000218821
1 0.570312 0.003125 0.040625 0.00625 0.000221386
1 0.514844 0.003125 0.0421875 0.00625 0.000223507
0 0.641406 0.967188 0.0453125 0.028125 0.000225014
1 0.417188 0.003125 0.040625 0.00625 0.000228839
1 0.338281 0.983594 0.0234375 0.0109375 0.000233587
1 0.605469 0.003125 0.0390625 0.00625 0.000246036
1 0.367188 0.00234375 0.046875 0.0046875 0.000258104
0 0.594531 0.527344 0.0421875 0.0359375 0.000264485
0 0.605469 0.411719 0.0453125 0.0296875 0.000270952
1 0.0148437 0.991406 0.0296875 0.0078125 0.000277328
1 0.589844 0.00390625 0.0390625 0.0078125 0.000281978
0 0.610937 0.790625 0.0625 0.08125 0.00029096
1 0.550781 0.003125 0.0421875 0.00625 0.00029231
1 0.480469 0.00234375 0.0515625 0.0046875 0.000295816
1 0.339844 0.003125 0.0359375 0.00625 0.000307666
1 0.532812 0.003125 0.040625 0.00625 0.000310957
0 0.60625 0.751562 0.040625 0.05 0.000322314
2 0.686719 0.204688 0.0359375 0.034375 0.000333454
1 0.388281 0.335938 0.0359375 0.009375 0.00035262
1 0.442187 0.00234375 0.05 0.0046875 0.000356784
0 0.605469 0.449219 0.0703125 0.104687 0.000365618
1 0.610937 0.792188 0.06875 0.059375 0.000381788
1 0.755469 0.00234375 0.0484375 0.0046875 0.000395654
1 0.674219 0.0046875 0.0578125 0.009375 0.000435795
1 0.716406 0.003125 0.0546875 0.00625 0.00044354
0 0.611719 0.782031 0.0453125 0.0203125 0.000447564
0 0.603906 0.647656 0.0421875 0.0484375 0.000477659
0 0.604688 0.447656 0.053125 0.0359375 0.000503804
0 0.603906 0.43125 0.0453125 0.03125 0.000547372
0 0.596094 0.501562 0.0421875 0.03125 0.000619745
0 0.594531 0.553125 0.0484375 0.0375 0.000630467
0 0.6 0.571875 0.053125 0.078125 0.000653585
1 0.0273438 0.984375 0.0546875 0.028125 0.000701266
1 0.610156 0.783594 0.0421875 0.0171875 0.000841705
0 0.598437 0.473437 0.04375 0.03125 0.00101041
0 0.595312 0.514844 0.05 0.0390625 0.00101602
0 0.597656 0.484375 0.0484375 0.0375 0.00103583
0 0.601562 0.496875 0.053125 0.071875 0.00162544
0 0.597656 0.666406 0.0453125 0.0359375 0.00493579
3 0.672656 0.220313 0.0421875 0.028125 0.00506852
1 0.647656 0.979688 0.0421875 0.021875 0.00647436
0 0.601562 0.702344 0.046875 0.0453125 0.00759993
0 0.598437 0.679688 0.04375 0.034375 0.133126
3 0.667188 0.2375 0.04375 0.0375 0.440688
1 0.649219 0.9875 0.0421875 0.0125 0.785063
3 0.683594 0.207813 0.0359375 0.025 0.800529
2 0.667188 0.2375 0.04375 0.040625 0.894847
