1 0.742969 0.00234375 0.0328125 0.0046875 0.000103225
1 0.636719 0.782031 0.0328125 0.0171875 0.000104383
1 0.180469 0.003125 0.0390625 0.00625 0.000104437
0 0.635938 0.761719 0.040625 0.0328125 0.000104994
1 0.116406 0.888281 0.0328125 0.0171875 0.000107844
1 0.198437 0.00859375 0.059375 0.0171875 0.000109508
1 0.254687 0.00859375 0.05625 0.0171875 0.000111226
1 0.910156 0.924219 0.0328125 0.0359375 0.000111704
1 0.507031 0.00390625 0.0828125 0.0078125 0.000113596
1 0.421875 0.982031 0.08125 0.0359375 0.00011365
0 0.624219 0.239063 0.0328125 0.06875 0.000114211
1 0.0648438 0.003125 0.0546875 0.00625 0.000114663
1 0.028125 0.003125 0.046875 0.00625 0.000114925
0 0.625 0.875 0.075 0.1125 0.000119535
1 0.624219 0.003125 0.0359375 0.00625 0.000122579
0 0.369531 0.454688 0.0265625 0.046875 0.000126216
0 0.36875 0.465625 0.021875 0.01875 0.000127012
0 0.607813 0.232812 0.0375 0.03125 0.000129625
1 0.167969 0.0046875 0.0609375 0.009375 0.000134521
1 0.379687 0.332031 0.021875 0.0078125 0.000136046
1 0.48125 0.00234375 0.053125 0.0046875 0.000143163
1 0.377344 0.33125 0.0390625 0.015625 0.000143957
1 0.025 0.978125 0.05 0.04375 0.000147381
1 0.444531 0.00234375 0.0515625 0.0046875 0.00014769
0 0.634375 0.777344 0.040625 0.0234375 0.00015375
1 0.157813 0.947656 0.05 0.0734375 0.000155122
0 0.371094 0.65625 0.0390625 0.021875 0.000155712
1 0.674219 0.009375 0.0390625 0.01875 0.000159999
0 0.369531 0.455469 0.0421875 0.0265625 0.0001676
1 0.01875 0.989062 0.03125 0.00625 0.000175331
0 0.642969 0.778906 0.0390625 0.0578125 0.0001919
1 0.0140625 0.985937 0.028125 0.0125 0.000195156
0 0.651563 0.646875 0.0375 0.05625 0.000198339
1 0.522656 0.00234375 0.0484375 0.0046875 0.000200574
1 0.392188 0.332031 0.04375 0.0140625 0.000212714
1 0.757031 0.00234375 0.0484375 0.0046875 0.000213398
1 0.628906 0.0046875 0.0578125 0.009375 0.000214501
1 0.389062 0.332812 0.025 0.009375 0.000230631
1 0.714844 0.00390625 0.0546875 0.0078125 0.000247151
0 0.371094 0.45625 0.0171875 0.01875 0.000249817
1 0.367188 0.6625 0.015625 0.009375 0.000253578
1 0.0148437 0.989844 0.0296875 0.0078125 0.00028331
1 0.385938 0.334375 0.025 0.00625 0.000293159
1 0.570312 0.003125 0.0375 0.00625 0.000328568
1 0.55 0.00234375 0.0375 0.0046875 0.000331551
3 0.615625 0.235156 0.021875 0.0328125 0.000374908
1 0.628125 0.786719 0.05 0.0296875 0.00039198
1 0.673437 0.00546875 0.05625 0.0109375 0.000397474
1 0.605469 0.003125 0.0359375 0.00625 0.000400449
3 0.835156 0.29375 0.0328125 0.04375 0.000410479
0 0.371094 0.655469 0.0140625 0.0140625 0.00044122
2 0.796875 0.339063 0.06875 0.0875 0.000509599
1 0.589844 0.003125 0.0359375 0.00625 0.000535412
0 0.629687 0.788281 0.05 0.0515625 0.000599439
0 0.639844 0.673437 0.0390625 0.034375 0.000800972
1 0.0289063 0.983594 0.0578125 0.0265625 0.000883468
0 0.640625 0.746094 0.040625 0.0421875 0.00126326
1 0.655469 0.979688 0.0390625 0.025 0.00155624
0 0.636719 0.722656 0.0390625 0.0328125 0.0025654
0 0.6375 0.695312 0.0375 0.03125 0.0195613
3 0.817969 0.307813 0.0390625 0.040625 0.321461
0 0.636719 0.708594 0.0390625 0.0328125 0.689458
1 0.653906 0.9875 0.0421875 0.0125 0.758297
3 0.842188 0.285937 0.03125 0.028125 0.802871
2 0.817187 0.307031 0.040625 0.0390625 0.917124
