3 0.859375 0.640625 0.0625 0.0375 0.000100538
1 0.4375 0.00546875 0.078125 0.0109375 0.000101163
1 0.180469 0.8875 0.0296875 0.0375 0.000101697
1 0.874219 0.955469 0.0734375 0.0328125 0.000102592
3 0.0570313 0.659375 0.0484375 0.028125 0.000102716
1 0.645312 0.003125 0.03125 0.00625 0.00010375
1 0.0296875 0.00390625 0.04375 0.0078125 0.000103772
1 0.396094 0.00234375 0.0328125 0.0046875 0.000103798
1 0.167187 0.0046875 0.059375 0.009375 0.000104203
3 0.0601562 0.125781 0.0140625 0.0296875 0.00010453
1 0.201562 0.0078125 0.059375 0.015625 0.000104977
1 0.190625 0.0695312 0.096875 0.0765625 0.000105257
3 0.601562 0.292969 0.03125 0.0578125 0.000105347
1 0.674219 0.0804688 0.0359375 0.0515625 0.000106117
3 0.0585938 0.183594 0.0140625 0.0296875 0.000106236
1 0.278906 0.0109375 0.0953125 0.021875 0.000106419
1 0.0125 0.986719 0.025 0.0109375 0.000109265
1 0.323438 0.972656 0.05 0.0265625 0.000109891
1 0.0148437 0.989844 0.0296875 0.0140625 0.000111133
1 0.723437 0.00234375 0.03125 0.0046875 0.000111668
3 0.0203125 0.126563 0.015625 0.028125 0.000111868
3 0.021875 0.1625 0.015625 0.028125 0.000112732
3 0.807031 0.549219 0.0140625 0.0171875 0.00011277
0 0.373437 0.548437 0.065625 0.109375 0.000116681
3 0.0429688 0.107031 0.0140625 0.0296875 0.00011826
3 0.807813 0.64375 0.0125 0.015625 0.000119008
1 0.624219 0.003125 0.0328125 0.00625 0.000119439
0 0.385938 0.640625 0.075 0.11875 0.000121367
3 0.0203125 0.202344 0.015625 0.0296875 0.000122412
3 0.0179687 0.697656 0.0203125 0.0515625 0.000122568
3 0.860156 0.640625 0.0234375 0.078125 0.000122933
3 0.0828125 0.196875 0.015625 0.028125 0.000123254
1 0.292188 0.00390625 0.05625 0.0078125 0.0001236
1 0.503125 0.984375 0.09375 0.03125 0.000124911
3 0.01875 0.696875 0.0375 0.03125 0.000125667
3 0.0203125 0.298438 0.0375 0.11875 0.000128692
3 0.0445312 0.241406 0.0140625 0.0265625 0.000132349
2 0.877344 0.597656 0.110937 0.0796875 0.000136451
3 0.0460938 0.18125 0.0140625 0.028125 0.000137017
2 0.603906 0.789844 0.0265625 0.0140625 0.000145979
1 0.607813 0.79375 0.025 0.0125 0.000147449
1 0.254687 0.00703125 0.05625 0.0140625 0.000148269
2 0.855469 0.427344 0.0859375 0.0671875 0.000149612
1 0.675 0.00859375 0.0375 0.0171875 0.000152083
3 0.0617188 0.257812 0.0140625 0.028125 0.000155508
1 0.505469 0.0046875 0.0734375 0.009375 0.000156012
3 0.0453125 0.254687 0.0125 0.025 0.000156721
1 0.0125 0.991406 0.025 0.0078125 0.000158027
3 0.0421875 0.757031 0.0125 0.0234375 0.000163376
1 0.754687 0.00234375 0.046875 0.0046875 0.000164026
3 0.0195312 0.275781 0.0140625 0.0234375 0.000164027
3 0.0617188 0.199219 0.0140625 0.0296875 0.000164472
3 0.0421875 0.127344 0.015625 0.0296875 0.000165053
3 0.820312 0.451562 0.0125 0.025 0.000167798
3 0.0210938 0.703906 0.0140625 0.0265625 0.000167925
3 0.084375 0.274219 0.015625 0.0265625 0.000168409
3 0.0476562 0.703125 0.0140625 0.025 0.000170154
1 0.335156 0.9875 0.0203125 0.00625 0.000171725
3 0.807813 0.457031 0.015625 0.0171875 0.000172458
0 0.482812 0.907031 0.071875 0.117188 0.000175333
1 0.722656 0.984375 0.0765625 0.03125 0.000184407
3 0.842188 0.201562 0.015625 0.025 0.000185224
2 0.86875 0.410937 0.071875 0.13125 0.000192641
3 0.851562 0.196875 0.05 0.046875 0.000193455
0 0.496094 0.964844 0.0421875 0.0515625 0.000195034
3 0.0203125 0.222656 0.015625 0.0265625 0.000196183
0 0.3625 0.360938 0.065625 0.090625 0.000198351
3 0.614062 0.28125 0.021875 0.0375 0.000198676
3 0.561719 0.242188 0.0390625 0.040625 0.000201854
3 0.814062 0.453125 0.04375 0.03125 0.00020959
3 0.0828125 0.260156 0.015625 0.0265625 0.000216688
1 0.714844 0.003125 0.0546875 0.00625 0.00021971
1 0.630469 0.00546875 0.0578125 0.0109375 0.000225365
3 0.616406 0.264844 0.0390625 0.0828125 0.00022625
3 0.0234375 0.239844 0.0125 0.0265625 0.000228182
3 0.850781 0.197656 0.0265625 0.0671875 0.000231927
1 0.445312 0.00234375 0.046875 0.0046875 0.000235191
3 0.046875 0.164844 0.0125 0.0265625 0.000236434
1 0.482812 0.00234375 0.05 0.0046875 0.000242144
3 0.814062 0.453906 0.025 0.0515625 0.000243813
3 0.046875 0.686719 0.0125 0.0203125 0.000245419
3 0.0421875 0.272656 0.0125 0.0234375 0.000246152
1 0.513281 0.00234375 0.0328125 0.0046875 0.000258968
3 0.0429688 0.223438 0.0140625 0.028125 0.000263198
3 0.0414063 0.161719 0.0546875 0.101562 0.000269963
3 0.820312 0.442969 0.0125 0.0234375 0.000276085
3 0.0257812 0.685938 0.0109375 0.01875 0.00031958
2 0.880469 0.619531 0.0546875 0.0984375 0.000335327
1 0.6625 0.985937 0.08125 0.028125 0.00033955
1 0.335938 0.985156 0.021875 0.0109375 0.000347769
1 0.604688 0.00234375 0.03125 0.0046875 0.000349943
3 0.0453125 0.198437 0.0125 0.028125 0.000358443
1 0.532031 0.00234375 0.0328125 0.0046875 0.000359114
1 0.569531 0.00234375 0.0328125 0.0046875 0.000369593
0 0.854688 0.738281 0.028125 0.0234375 0.000376988
3 0.0453125 0.692969 0.015625 0.0421875 0.000419908
3 0.0453125 0.692187 0.028125 0.028125 0.000436781
0 0.346094 0.397656 0.0453125 0.0328125 0.000469467
1 0.589063 0.003125 0.03125 0.00625 0.000471693
1 0.675 0.00546875 0.053125 0.0109375 0.000480493
1 0.550781 0.00234375 0.0328125 0.0046875 0.000521833
0 0.334375 0.4875 0.0625 0.071875 0.000554748
0 0.842188 0.742188 0.021875 0.021875 0.000857459
3 0.028125 0.702344 0.028125 0.0359375 0.000935147
0 0.355469 0.478125 0.0578125 0.034375 0.00234739
1 0.490625 0.980469 0.040625 0.0203125 0.0056542
0 0.349219 0.410937 0.0421875 0.03125 0.0180257
0 0.350781 0.455469 0.0421875 0.0328125 0.0212932
0 0.348437 0.442969 0.040625 0.0328125 0.138202
3 0.579687 0.269531 0.03125 0.0453125 0.172115
0 0.346875 0.426562 0.040625 0.034375 0.659344
3 0.615625 0.275 0.0125 0.0375 0.74513
1 0.489844 0.986719 0.0421875 0.0109375 0.822085
2 0.578906 0.270312 0.0296875 0.046875 0.867846
