1 0.760938 0.00234375 0.03125 0.0046875 0.000101053
0 0.4875 0.5625 0.05 0.034375 0.000102424
1 0.35 0.980469 0.096875 0.0390625 0.000102914
3 0.021875 0.254687 0.015625 0.025 0.000108948
3 0.85 0.636719 0.053125 0.0421875 0.000109093
0 0.699219 0.185156 0.0546875 0.0953125 0.000109138
3 0.0804688 0.124219 0.0234375 0.0359375 0.000110028
0 0.857813 0.740625 0.03125 0.025 0.000111189
3 0.0851562 0.278906 0.0140625 0.0234375 0.000111852
3 0.0484375 0.701563 0.015625 0.025 0.000112133
3 0.0609375 0.251563 0.0125 0.028125 0.000112881
1 0.441406 0.0046875 0.0765625 0.009375 0.000113257
1 0.50625 0.0046875 0.075 0.009375 0.000113324
3 0.0671875 0.332031 0.0125 0.0203125 0.00011489
0 0.571094 0.901563 0.0703125 0.1125 0.000117559
1 0.742188 0.00234375 0.03125 0.0046875 0.000117639
0 0.505469 0.621094 0.0671875 0.104687 0.000118284
1 0.0164062 0.989844 0.0328125 0.0140625 0.000118558
3 0.0804688 0.232812 0.0140625 0.025 0.000121626
1 0.157031 0.94375 0.0484375 0.071875 0.000125953
1 0.74375 0.0164062 0.065625 0.0328125 0.000126745
0 0.760938 0.254687 0.059375 0.1 0.000127886
3 0.85 0.6375 0.028125 0.065625 0.000131301
1 0.630469 0.00625 0.0640625 0.0125 0.000133853
2 0.896094 0.620313 0.0578125 0.10625 0.00013426
3 0.0507812 0.697656 0.0421875 0.0515625 0.000134552
3 0.0453125 0.25 0.0125 0.028125 0.000142054
1 0.0132813 0.991406 0.0265625 0.0078125 0.000144087
0 0.84375 0.742969 0.025 0.0234375 0.000145145
1 0.01875 0.989062 0.028125 0.00625 0.000150421
1 0.59375 0.0046875 0.053125 0.009375 0.000156671
3 0.0601562 0.185937 0.0140625 0.03125 0.000159602
1 0.0296875 0.982813 0.059375 0.034375 0.000167846
3 0.0484375 0.686719 0.0125 0.0203125 0.000169189
0 0.536719 0.788281 0.0578125 0.0359375 0.000170221
2 0.748438 0.185937 0.040625 0.046875 0.000171925
3 0.0257812 0.1375 0.0171875 0.028125 0.000172477
0 0.476562 0.446094 0.059375 0.0828125 0.000176669
0 0.545313 0.867969 0.075 0.107813 0.000183623
0 0.384375 0.307813 0.034375 0.021875 0.000185784
1 0.675 0.00703125 0.0625 0.0140625 0.000192132
3 0.0460938 0.139844 0.0171875 0.0265625 0.000194255
0 0.475781 0.553125 0.0515625 0.0375 0.000201548
3 0.0578125 0.141406 0.015625 0.0328125 0.00020172
3 0.0242187 0.236719 0.0140625 0.0234375 0.000203564
1 0.44375 0.00234375 0.05 0.0046875 0.000206979
1 0.604688 0.003125 0.034375 0.00625 0.000212582
3 0.059375 0.232812 0.0125 0.028125 0.000220358
1 0.83125 0.003125 0.053125 0.00625 0.000233229
3 0.0617188 0.685156 0.0140625 0.0203125 0.000237904
1 0.569531 0.003125 0.0359375 0.00625 0.000238623
3 0.0578125 0.685938 0.03125 0.028125 0.000248909
3 0.0578125 0.686719 0.015625 0.0453125 0.000249012
3 0.103906 0.230469 0.0140625 0.0234375 0.000250779
3 0.0234375 0.203906 0.015625 0.0265625 0.000253556
1 0.485156 0.00234375 0.0484375 0.0046875 0.000260502
1 0.713281 0.0046875 0.0578125 0.009375 0.000265978
3 0.0265625 0.127344 0.015625 0.0265625 0.000274725
3 0.0453125 0.234375 0.0125 0.028125 0.000274811
1 0.589063 0.003125 0.034375 0.00625 0.000284484
1 0.795313 0.003125 0.053125 0.00625 0.000289673
3 0.0601562 0.215625 0.0140625 0.03125 0.000292801
1 0.754687 0.00390625 0.053125 0.0078125 0.000316565
1 0.521875 0.00234375 0.046875 0.0046875 0.000319116
3 0.025 0.221094 0.015625 0.0265625 0.000319821
1 0.550781 0.003125 0.0359375 0.00625 0.00033518
3 0.0476562 0.205469 0.0140625 0.0296875 0.000340071
3 0.0609375 0.203125 0.0125 0.03125 0.000342107
3 0.046875 0.21875 0.0125 0.028125 0.000403606
3 0.0578125 0.126563 0.015625 0.03125 0.000507592
3 0.059375 0.144531 0.05625 0.0984375 0.000508547
3 0.0570313 0.129688 0.0265625 0.06875 0.000797348
3 0.046875 0.128906 0.015625 0.0296875 0.00113485
1 0.578906 0.980469 0.0453125 0.0203125 0.00255431
0 0.482812 0.542969 0.04375 0.0296875 0.00460837
0 0.48125 0.485156 0.040625 0.0328125 0.00573704
0 0.482812 0.522656 0.040625 0.0296875 0.0473204
3 0.746875 0.165625 0.034375 0.04375 0.526943
0 0.48125 0.507031 0.040625 0.0359375 0.653978
1 0.578125 0.986719 0.04375 0.0109375 0.776199
3 0.782031 0.149219 0.0234375 0.0359375 0.865964
2 0.745313 0.164844 0.0375 0.0453125 0.892977
