0 0.546094 0.563281 0.0578125 0.0296875 0.000101107
1 0.532031 0.221875 0.0578125 0.025 0.000103242
3 0.870313 0.621875 0.03125 0.06875 0.000105173
3 0.853125 0.296875 0.015625 0.034375 0.000106276
3 0.840625 0.839844 0.034375 0.0640625 0.0001086
0 0.578906 0.709375 0.0390625 0.059375 0.00010876
1 0.335938 0.9875 0.01875 0.00625 0.000108864
3 0.849219 0.639063 0.0515625 0.040625 0.000110123
0 0.575781 0.66875 0.0390625 0.05625 0.000111194
0 0.8625 0.638281 0.06875 0.126563 0.000113551
1 0.505469 0.00390625 0.0765625 0.0078125 0.000114466
1 0.421094 0.980469 0.0921875 0.0390625 0.000115145
1 0.157031 0.947656 0.0484375 0.0734375 0.000115394
0 0.573438 0.630469 0.053125 0.0359375 0.000120364
1 0.0601562 0.003125 0.0515625 0.00625 0.00012634
0 0.550781 0.878906 0.0796875 0.117188 0.000128885
0 0.569531 0.476562 0.0484375 0.0375 0.000130619
0 0.585938 0.869531 0.065625 0.107813 0.000131611
0 0.372656 0.278125 0.0203125 0.025 0.000133278
3 0.849219 0.639063 0.0296875 0.0625 0.000133395
1 0.335938 0.983594 0.021875 0.0109375 0.000134103
1 0.0265625 0.003125 0.046875 0.00625 0.000134124
1 0.441406 0.00390625 0.0734375 0.0078125 0.00013482
1 0.444531 0.00234375 0.0515625 0.0046875 0.000135422
0 0.857031 0.739844 0.0296875 0.0234375 0.000137014
0 0.552344 0.73125 0.0734375 0.11875 0.00013708
1 0.675 0.00859375 0.0375 0.0171875 0.00013765
0 0.55625 0.496875 0.046875 0.034375 0.000139319
1 0.594531 0.0046875 0.0515625 0.009375 0.000141121
2 0.882031 0.615625 0.0953125 0.065625 0.000141454
1 0.48125 0.00234375 0.05 0.0046875 0.000143567
0 0.573438 0.625 0.059375 0.103125 0.000146274
1 0.574219 0.984375 0.0765625 0.03125 0.000151444
2 0.896875 0.613281 0.03125 0.0859375 0.000161278
1 0.755469 0.00234375 0.0484375 0.0046875 0.000164968
1 0.521094 0.00234375 0.0484375 0.0046875 0.000166292
0 0.569531 0.585938 0.0390625 0.05625 0.000168291
0 0.841406 0.741406 0.0265625 0.0234375 0.000189225
0 0.577344 0.751562 0.0671875 0.10625 0.000209084
0 0.558594 0.8 0.0765625 0.071875 0.000213677
1 0.560156 0.00234375 0.0484375 0.0046875 0.000218867
2 0.884375 0.614844 0.059375 0.114063 0.000220571
1 0.548437 0.00234375 0.03125 0.0046875 0.000224361
1 0.714063 0.003125 0.053125 0.00625 0.000231157
1 0.632031 0.00546875 0.0578125 0.0109375 0.000231614
1 0.377344 0.333594 0.0359375 0.0171875 0.00023929
1 0.589063 0.003125 0.03125 0.00625 0.000243303
1 0.604688 0.003125 0.03125 0.00625 0.000265349
3 0.923437 0.298438 0.0125 0.028125 0.000290933
1 0.0125 0.986719 0.025 0.0109375 0.000296602
0 0.579687 0.805469 0.040625 0.0546875 0.000315225
0 0.577344 0.759375 0.0390625 0.046875 0.000441478
1 0.675 0.00546875 0.053125 0.0109375 0.000447658
0 0.582031 0.790625 0.0640625 0.096875 0.000499383
1 0.0140625 0.991406 0.028125 0.0078125 0.000520172
0 0.564062 0.533594 0.040625 0.0328125 0.000551628
1 0.01875 0.989062 0.028125 0.00625 0.0005743
1 0.386719 0.332031 0.0265625 0.0109375 0.000651508
1 0.377344 0.332031 0.0234375 0.0078125 0.000721289
0 0.576563 0.790625 0.04375 0.028125 0.000813525
0 0.56875 0.489062 0.04375 0.03125 0.00097322
1 0.0242187 0.985156 0.0484375 0.0234375 0.00108353
3 0.928125 0.2875 0.01875 0.034375 0.00138941
0 0.561719 0.553906 0.0421875 0.0328125 0.001937
1 0.591406 0.980469 0.0359375 0.0203125 0.0052017
0 0.564062 0.521875 0.0375 0.028125 0.0121133
3 0.911719 0.288281 0.0171875 0.0390625 0.0193521
0 0.566406 0.504687 0.0390625 0.03125 0.707592
3 0.920313 0.292188 0.0125 0.0375 0.727016
1 0.592188 0.986719 0.0375 0.0109375 0.784572
2 0.883594 0.290625 0.0234375 0.040625 0.895415
