1 0.417969 0.984375 0.0328125 0.03125 0.00010076
0 0.610156 0.234375 0.0328125 0.03125 0.000102074
1 0.336719 0.984375 0.0265625 0.0125 0.000102872
1 0.332031 0.00234375 0.0515625 0.0046875 0.00010356
0 0.749219 0.298438 0.0359375 0.065625 0.000104606
1 0.389844 0.34375 0.0546875 0.025 0.00010466
0 0.613281 0.203906 0.0328125 0.0328125 0.000105931
1 0.574219 0.00859375 0.0921875 0.0171875 0.000106209
1 0.646094 0.003125 0.0359375 0.00625 0.000107288
1 0.0632813 0.003125 0.0546875 0.00625 0.000107781
1 0.723437 0.003125 0.034375 0.00625 0.000108265
0 0.371094 0.279687 0.0203125 0.025 0.000108678
3 0.6125 0.226562 0.028125 0.03125 0.000109173
1 0.028125 0.003125 0.046875 0.00625 0.000110525
1 0.742969 0.00234375 0.0328125 0.0046875 0.000111673
1 0.910937 0.925 0.034375 0.0375 0.000114878
1 0.742969 0.00859375 0.0921875 0.0171875 0.000115056
3 0.8625 0.235156 0.071875 0.0484375 0.000115284
1 0.290625 0.003125 0.05625 0.00625 0.000117406
3 0.8625 0.235938 0.0375 0.078125 0.000117595
1 0.528906 0.221875 0.0546875 0.021875 0.000117665
1 0.408594 0.003125 0.0546875 0.00625 0.000118033
1 0.484375 0.226562 0.059375 0.021875 0.000123986
1 0.0140625 0.991406 0.028125 0.0078125 0.000124256
1 0.503125 0.00546875 0.090625 0.0109375 0.000126786
1 0.794531 0.003125 0.0546875 0.00625 0.000129987
1 0.253125 0.00703125 0.05625 0.0140625 0.00013382
1 0.157813 0.949219 0.05 0.0734375 0.000134322
1 0.625781 0.003125 0.0359375 0.00625 0.000135199
1 0.167187 0.00390625 0.059375 0.0078125 0.000136068
1 0.674219 0.00859375 0.0390625 0.0171875 0.000158252
1 0.669531 0.983594 0.0984375 0.0328125 0.000190275
3 0.735937 0.652344 0.034375 0.0546875 0.000204288
1 0.44375 0.00234375 0.053125 0.0046875 0.000223468
1 0.630469 0.0046875 0.0578125 0.009375 0.000230625
1 0.520312 0.00234375 0.05 0.0046875 0.000240464
1 0.480469 0.00234375 0.0515625 0.0046875 0.000243374
1 0.379687 0.330469 0.034375 0.0171875 0.000256181
1 0.714063 0.00390625 0.05625 0.0078125 0.00025844
1 0.417969 0.988281 0.0609375 0.0171875 0.000266194
1 0.755469 0.00234375 0.0484375 0.0046875 0.000276355
1 0.604688 0.003125 0.0375 0.00625 0.000279292
1 0.725781 0.984375 0.0890625 0.03125 0.000289727
1 0.560156 0.00234375 0.0515625 0.0046875 0.000297865
1 0.379687 0.332812 0.021875 0.00625 0.000320418
1 0.0289063 0.983594 0.0578125 0.0328125 0.000323043
3 0.615625 0.234375 0.01875 0.03125 0.000350588
3 0.685938 0.665625 0.025 0.034375 0.000371123
1 0.589063 0.003125 0.0375 0.00625 0.000386579
1 0.384375 0.334375 0.025 0.00625 0.000387959
1 0.673437 0.00546875 0.05625 0.0109375 0.000444887
1 0.507031 0.98125 0.0984375 0.0375 0.000523804
1 0.388281 0.334375 0.0359375 0.0125 0.000658412
0 0.471875 0.946875 0.04375 0.03125 0.00076473
1 0.48125 0.980469 0.05 0.0203125 0.0112486
3 0.696094 0.684375 0.0359375 0.04375 0.203204
0 0.466406 0.933594 0.0421875 0.0296875 0.802463
1 0.488281 0.989062 0.0484375 0.0125 0.818047
3 0.732813 0.667188 0.025 0.034375 0.882687
2 0.695312 0.684375 0.034375 0.04375 0.920193
