1 0.0273438 0.00390625 0.0484375 0.0078125 0.000100165
1 0.425781 0.00546875 0.0828125 0.0109375 0.000100365
3 0.059375 0.686719 0.028125 0.0546875 0.00010065
1 0.0625 0.003125 0.05625 0.00625 0.000102044
1 0.671875 0.08125 0.0375 0.059375 0.000105576
1 0.714844 0.00625 0.0390625 0.0125 0.000105874
0 0.589063 0.583594 0.040625 0.0265625 0.000106088
1 0.353125 0.979688 0.1 0.040625 0.000107334
1 0.321094 0.00234375 0.0328125 0.0046875 0.000107601
0 0.588281 0.485156 0.0609375 0.0359375 0.000109778
1 0.682813 0.003125 0.034375 0.00625 0.000111626
0 0.371094 0.663281 0.0234375 0.0515625 0.000112393
1 0.167969 0.0046875 0.0609375 0.009375 0.000113846
1 0.252344 0.00859375 0.0578125 0.0171875 0.000114644
0 0.357031 0.671094 0.0421875 0.0265625 0.000116569
0 0.627344 0.900781 0.0734375 0.123438 0.000116831
0 0.383594 0.328125 0.0359375 0.025 0.000117864
1 0.359375 0.00625 0.090625 0.0125 0.000119748
0 0.371094 0.664062 0.0390625 0.03125 0.000122969
0 0.357031 0.670313 0.0234375 0.05 0.000123834
1 0.828125 0.003125 0.053125 0.00625 0.000128007
1 0.744531 0.00703125 0.0828125 0.0140625 0.00012919
1 0.157813 0.95 0.05 0.075 0.000130612
1 0.0226563 0.978125 0.0453125 0.04375 0.000135344
1 0.501562 0.0046875 0.08125 0.009375 0.000135854
0 0.560938 0.574219 0.075 0.0984375 0.000137034
0 0.375 0.277344 0.025 0.0296875 0.000138002
1 0.421875 0.980469 0.096875 0.0390625 0.000143122
0 0.371094 0.652344 0.0171875 0.0171875 0.00014475
2 0.675781 0.259375 0.0390625 0.05 0.000144895
3 0.84375 0.639063 0.021875 0.015625 0.000149039
1 0.335156 0.9875 0.0203125 0.00625 0.000151375
0 0.60625 0.860156 0.06875 0.0984375 0.000161486
1 0.29375 0.003125 0.05625 0.00625 0.000162023
1 0.379687 0.003125 0.0375 0.00625 0.000174218
1 0.359375 0.00234375 0.0375 0.0046875 0.000181146
1 0.383594 0.328906 0.0359375 0.0234375 0.000190223
1 0.01875 0.988281 0.03125 0.0078125 0.000201328
1 0.675781 0.0078125 0.0390625 0.015625 0.00020141
1 0.334375 0.00234375 0.046875 0.0046875 0.000202933
1 0.79375 0.00234375 0.05 0.0046875 0.000209962
1 0.336719 0.984375 0.0234375 0.0125 0.000211246
1 0.396875 0.003125 0.0375 0.00625 0.000232461
0 0.580469 0.63125 0.0421875 0.059375 0.00024317
0 0.369531 0.661719 0.0203125 0.0203125 0.000247829
0 0.598437 0.503125 0.065625 0.096875 0.000262491
1 0.416406 0.00234375 0.0390625 0.0046875 0.000267807
1 0.571094 0.003125 0.0390625 0.00625 0.000273177
1 0.630469 0.0046875 0.0578125 0.009375 0.000276761
1 0.60625 0.003125 0.0375 0.00625 0.000280893
1 0.483594 0.00234375 0.0515625 0.0046875 0.000288232
1 0.0140625 0.986719 0.028125 0.0109375 0.00028867
0 0.564844 0.66875 0.0765625 0.1 0.000317644
0 0.588281 0.784375 0.0390625 0.05 0.000318729
0 0.574219 0.600781 0.0421875 0.0296875 0.000321776
1 0.514844 0.003125 0.0390625 0.00625 0.000323319
0 0.584375 0.510938 0.04375 0.034375 0.000329924
1 0.441406 0.00234375 0.0484375 0.0046875 0.000347753
1 0.589063 0.003125 0.0375 0.00625 0.000347778
1 0.550781 0.003125 0.0390625 0.00625 0.000359338
0 0.600781 0.789844 0.0765625 0.0546875 0.000364138
0 0.586719 0.530469 0.0671875 0.0984375 0.000371751
1 0.754687 0.00234375 0.046875 0.0046875 0.000420972
1 0.532031 0.003125 0.0390625 0.00625 0.000433108
1 0.0148437 0.990625 0.0296875 0.00625 0.000462746
1 0.714844 0.003125 0.0515625 0.00625 0.000484467
0 0.573438 0.717969 0.06875 0.0796875 0.000513562
1 0.675 0.0046875 0.053125 0.009375 0.000622842
0 0.592969 0.774219 0.0453125 0.0234375 0.000701164
0 0.582812 0.53125 0.04375 0.034375 0.000740261
0 0.592188 0.763281 0.046875 0.0296875 0.000789892
1 0.0265625 0.984375 0.053125 0.028125 0.000807194
3 0.688281 0.238281 0.0421875 0.0484375 0.000889934
1 0.3875 0.33125 0.028125 0.0125 0.00107565
0 0.58125 0.582812 0.05 0.078125 0.0012261
0 0.580469 0.5625 0.0453125 0.034375 0.00186417
0 0.58125 0.550781 0.04375 0.0296875 0.0021171
0 0.578125 0.589844 0.04375 0.0296875 0.00221083
1 0.63125 0.980469 0.040625 0.0234375 0.00235016
0 0.589063 0.748438 0.05 0.046875 0.00338067
0 0.585938 0.736719 0.0375 0.0421875 0.00636557
0 0.582812 0.690625 0.04375 0.04375 0.00762523
0 0.586719 0.721875 0.0453125 0.040625 0.0334095
3 0.666406 0.267969 0.0421875 0.0390625 0.301145
0 0.582812 0.70625 0.04375 0.03125 0.51153
3 0.684375 0.242969 0.034375 0.0265625 0.817388
1 0.634375 0.9875 0.04375 0.0125 0.82423
2 0.664844 0.267188 0.0421875 0.0375 0.897036
