1 0.423438 0.00546875 0.0875 0.0109375 0.000102802
3 0.0484375 0.203906 0.021875 0.0328125 0.000103086
3 0.0445312 0.255469 0.0171875 0.0328125 0.000103352
1 0.625 0.00390625 0.0375 0.0078125 0.000103469
0 0.378906 0.816406 0.0453125 0.0296875 0.000103681
1 0.0273438 0.00390625 0.0484375 0.0078125 0.000104209
3 0.850781 0.248437 0.0265625 0.075 0.000104272
3 0.0695312 0.371094 0.0109375 0.0203125 0.000105394
1 0.871094 0.988281 0.0484375 0.0140625 0.00010563
0 0.611719 0.221094 0.0296875 0.0296875 0.000106557
3 0.0789063 0.238281 0.0203125 0.0328125 0.000106663
1 0.322656 0.00234375 0.0359375 0.0046875 0.000106824
3 0.0203125 0.311719 0.0125 0.0234375 0.000108119
1 0.438281 0.224219 0.0640625 0.0234375 0.000108791
0 0.6125 0.209375 0.0375 0.065625 0.00010979
3 0.0179687 0.817969 0.0171875 0.0296875 0.000110437
1 0.501562 0.0046875 0.090625 0.009375 0.000110574
1 0.141406 0.003125 0.0609375 0.00625 0.000110833
1 0.742188 0.0078125 0.090625 0.015625 0.000113136
1 0.0617188 0.003125 0.0546875 0.00625 0.000113467
1 0.741406 0.00234375 0.0328125 0.0046875 0.000116692
3 0.0257812 0.239063 0.0203125 0.028125 0.000117211
1 0.660156 0.982813 0.0890625 0.034375 0.000117871
3 0.0460938 0.291406 0.0140625 0.0265625 0.000118342
3 0.015625 0.83125 0.01875 0.03125 0.000119194
3 0.04375 0.308594 0.0125 0.0234375 0.000121404
3 0.0234375 0.221094 0.025 0.0296875 0.000121471
3 0.857031 0.417969 0.0265625 0.0890625 0.000122121
1 0.794531 0.003125 0.0546875 0.00625 0.000124065
3 0.0398437 0.829687 0.0171875 0.028125 0.000128926
1 0.728906 0.982813 0.0828125 0.034375 0.00013118
3 0.0179687 0.839844 0.0359375 0.120312 0.000132541
1 0.338281 0.988281 0.0296875 0.0109375 0.000132885
0 0.6 0.189844 0.059375 0.0328125 0.000134401
1 0.178906 0.003125 0.0390625 0.00625 0.000139548
1 0.199219 0.00625 0.0578125 0.0125 0.000143444
3 0.867188 0.638281 0.0625 0.110937 0.000144051
3 0.861719 0.199219 0.0328125 0.0703125 0.000145304
3 0.842969 0.239844 0.0203125 0.0234375 0.00014771
3 0.85625 0.41875 0.06875 0.040625 0.000148011
1 0.371094 0.003125 0.0515625 0.00625 0.000151996
0 0.858594 0.736719 0.0296875 0.0234375 0.00015641
3 0.04375 0.813281 0.015625 0.0265625 0.000157495
1 0.722656 0.003125 0.0328125 0.00625 0.000159547
3 0.0585938 0.21875 0.0203125 0.034375 0.000160122
1 0.29375 0.003125 0.05625 0.00625 0.000161536
3 0.627344 0.64375 0.0265625 0.0375 0.000161607
3 0.823438 0.439063 0.0125 0.021875 0.000162237
3 0.861719 0.2 0.0640625 0.04375 0.000163621
3 0.0585938 0.235156 0.0171875 0.0328125 0.000164049
2 0.8625 0.417188 0.084375 0.0625 0.00017098
3 0.0570313 0.294531 0.0484375 0.104687 0.000175086
2 0.863281 0.417969 0.0515625 0.107813 0.000176232
1 0.339063 0.003125 0.0375 0.00625 0.000176577
3 0.0460938 0.2375 0.0171875 0.03125 0.000177636
1 0.253125 0.00703125 0.05625 0.0140625 0.000179574
1 0.630469 0.00546875 0.0609375 0.0109375 0.000182859
1 0.167187 0.00390625 0.059375 0.0078125 0.000183696
1 0.534375 0.224219 0.053125 0.0203125 0.00018492
3 0.851562 0.638281 0.05 0.0453125 0.000185256
0 0.35625 0.825 0.05 0.034375 0.000186265
0 0.844531 0.739844 0.0265625 0.0234375 0.00018991
1 0.415625 0.984375 0.075 0.03125 0.000190137
3 0.0382813 0.778125 0.0546875 0.1125 0.000190864
3 0.0195312 0.795313 0.0171875 0.028125 0.000196388
1 0.675781 0.00859375 0.0390625 0.0171875 0.000201158
1 0.605469 0.003125 0.0390625 0.00625 0.000203732
1 0.48125 0.00234375 0.053125 0.0046875 0.000208912
2 0.588281 0.660156 0.0453125 0.0515625 0.000224013
3 0.0476562 0.222656 0.0203125 0.0328125 0.000225982
1 0.397656 0.003125 0.0390625 0.00625 0.000234641
1 0.415625 0.003125 0.040625 0.00625 0.000234969
0 0.398438 0.86875 0.059375 0.059375 0.000241104
1 0.522656 0.00234375 0.0515625 0.0046875 0.0002415
0 0.604688 0.203125 0.0375 0.028125 0.00024168
3 0.851562 0.639844 0.028125 0.0640625 0.000252807
2 0.884375 0.605469 0.109375 0.0765625 0.000255642
1 0.342187 0.984375 0.021875 0.009375 0.000266322
1 0.589844 0.003125 0.0390625 0.00625 0.000272802
1 0.440625 0.00234375 0.053125 0.0046875 0.000289338
3 0.0429688 0.75625 0.0140625 0.025 0.000289996
1 0.560156 0.00234375 0.0515625 0.0046875 0.000294157
1 0.353125 0.984375 0.034375 0.0125 0.000304157
1 0.754687 0.00234375 0.046875 0.0046875 0.000309721
1 0.714063 0.003125 0.053125 0.00625 0.000358879
2 0.885938 0.604688 0.06875 0.128125 0.000455376
3 0.0625 0.289844 0.0125 0.0265625 0.000462496
1 0.342187 0.9875 0.025 0.00625 0.000497016
1 0.675 0.00546875 0.05625 0.0109375 0.000536123
0 0.370313 0.803906 0.04375 0.0328125 0.000748428
0 0.376563 0.834375 0.053125 0.053125 0.0013623
1 0.442187 0.980469 0.04375 0.0234375 0.00146195
2 0.610156 0.659375 0.0484375 0.075 0.00245954
0 0.366406 0.791406 0.0421875 0.0296875 0.0104105
3 0.600781 0.651563 0.0296875 0.04375 0.442487
3 0.632812 0.652344 0.021875 0.0421875 0.732047
0 0.365625 0.778125 0.040625 0.03125 0.76124
1 0.446094 0.986719 0.0453125 0.0109375 0.795822
2 0.599219 0.65 0.0296875 0.04375 0.906329
