0 0.514844 0.709375 0.0796875 0.11875 0.000100216
3 0.844531 0.639063 0.0171875 0.01875 0.000102801
3 0.0210938 0.239063 0.0140625 0.025 0.000102867
0 0.751562 0.332812 0.08125 0.13125 0.000104205
1 0.828125 0.003125 0.053125 0.00625 0.000104246
3 0.078125 0.195312 0.015625 0.03125 0.00010608
3 0.0734375 0.2375 0.05 0.121875 0.00010624
3 0.0226563 0.257812 0.0140625 0.025 0.000107995
3 0.88125 0.496875 0.025 0.071875 0.000108608
3 0.0539063 0.680469 0.0171875 0.0484375 0.00010918
3 0.0585938 0.125781 0.0265625 0.0828125 0.000109286
1 0.507812 0.00390625 0.078125 0.0078125 0.000111245
1 0.741406 0.00703125 0.0796875 0.0140625 0.000111761
3 0.848437 0.6375 0.05 0.040625 0.000113661
1 0.702344 0.003125 0.0296875 0.00625 0.000113977
3 0.0609375 0.127344 0.015625 0.0328125 0.000114122
3 0.88125 0.496094 0.05625 0.0421875 0.000116172
3 0.0226563 0.140625 0.0171875 0.028125 0.000117164
1 0.157031 0.951563 0.0484375 0.071875 0.000117743
1 0.441406 0.00234375 0.0515625 0.0046875 0.000117807
3 0.0632813 0.166406 0.0171875 0.0296875 0.000121852
3 0.0539063 0.679688 0.0359375 0.03125 0.000123549
3 0.0632813 0.65 0.0453125 0.028125 0.000124296
3 0.059375 0.258594 0.0125 0.0265625 0.000125369
3 0.021875 0.2 0.015625 0.028125 0.000127201
3 0.0632813 0.279687 0.0109375 0.025 0.000127336
3 0.103906 0.271875 0.0140625 0.021875 0.000127928
3 0.0453125 0.275781 0.0125 0.0234375 0.000129573
3 0.0476562 0.161719 0.0171875 0.0296875 0.000130693
1 0.676562 0.009375 0.0375 0.01875 0.000134656
3 0.0820312 0.236719 0.0140625 0.0265625 0.000137732
3 0.04375 0.25625 0.0125 0.025 0.000138237
1 0.722656 0.00234375 0.0296875 0.0046875 0.000139334
3 0.065625 0.291406 0.0125 0.0234375 0.000139367
3 0.0453125 0.128906 0.015625 0.0328125 0.00014071
3 0.848437 0.638281 0.025 0.0640625 0.000142742
1 0.742969 0.00234375 0.0296875 0.0046875 0.000142765
1 0.729688 0.980469 0.075 0.0390625 0.000145899
0 0.570312 0.908594 0.06875 0.107813 0.000150644
1 0.792969 0.00234375 0.0484375 0.0046875 0.000152018
3 0.08125 0.179688 0.01875 0.03125 0.000154275
3 0.0453125 0.236719 0.0125 0.0265625 0.000154439
1 0.521875 0.00234375 0.05 0.0046875 0.000159955
1 0.632812 0.00546875 0.059375 0.0109375 0.000170754
0 0.54375 0.867188 0.075 0.10625 0.000176713
3 0.0476562 0.182031 0.0171875 0.0296875 0.000179251
2 0.890625 0.617969 0.05625 0.101562 0.000187153
1 0.604688 0.00234375 0.03125 0.0046875 0.000197071
1 0.55 0.00234375 0.03125 0.0046875 0.000205583
1 0.0296875 0.983594 0.059375 0.0328125 0.000218768
3 0.059375 0.233594 0.0125 0.0265625 0.000223379
3 0.0601562 0.14375 0.0140625 0.03125 0.00023037
3 0.0828125 0.276563 0.0125 0.021875 0.000233633
3 0.0453125 0.14375 0.015625 0.03125 0.00025357
1 0.592969 0.003125 0.0515625 0.00625 0.000273495
1 0.569531 0.00234375 0.0328125 0.0046875 0.000291572
3 0.0484375 0.202344 0.0125 0.0265625 0.000294628
3 0.0484375 0.217969 0.0125 0.0265625 0.000305775
1 0.757031 0.00234375 0.0453125 0.0046875 0.000307064
3 0.0625 0.201562 0.0125 0.028125 0.000327658
3 0.0609375 0.217187 0.0125 0.028125 0.000346449
1 0.5875 0.00234375 0.03125 0.0046875 0.000360668
1 0.714844 0.003125 0.0515625 0.00625 0.000364169
3 0.0570313 0.161719 0.0546875 0.0953125 0.000442542
0 0.854688 0.739844 0.028125 0.0234375 0.000447982
1 0.676562 0.00546875 0.053125 0.0109375 0.000457987
0 0.842188 0.741406 0.025 0.0234375 0.000534762
3 0.0640625 0.18125 0.015625 0.028125 0.000622201
3 0.810938 0.234375 0.03125 0.071875 0.000668123
0 0.46875 0.514844 0.04375 0.0359375 0.000846973
0 0.474219 0.539062 0.0578125 0.05 0.0010381
1 0.573438 0.979688 0.04375 0.021875 0.00262121
0 0.466406 0.470313 0.0421875 0.034375 0.01108
0 0.467969 0.500781 0.0421875 0.0296875 0.0146682
3 0.790625 0.229687 0.034375 0.046875 0.0639244
3 0.769531 0.229687 0.0296875 0.046875 0.324486
0 0.466406 0.482812 0.0421875 0.034375 0.726373
1 0.576563 0.986719 0.04375 0.0109375 0.786211
3 0.80625 0.225 0.015625 0.040625 0.793348
2 0.766406 0.228906 0.0265625 0.0453125 0.884628
