1 0.911719 0.924219 0.0296875 0.0328125 0.000100478
3 0.859375 0.641406 0.025 0.0796875 0.000102344
1 0.167187 0.003125 0.034375 0.00625 0.000103602
1 0.180469 0.888281 0.0296875 0.0390625 0.000107186
3 0.0515625 0.682813 0.01875 0.04375 0.00010765
1 0.157031 0.94375 0.0484375 0.071875 0.000108255
3 0.0570313 0.657812 0.0234375 0.05 0.000109739
1 0.673437 0.0804688 0.0375 0.0546875 0.000110419
1 0.0617188 0.00234375 0.0484375 0.0046875 0.000111086
3 0.814844 0.455469 0.0265625 0.0578125 0.000115132
3 0.847656 0.639844 0.0265625 0.0703125 0.000115197
3 0.0273438 0.682813 0.0140625 0.01875 0.000115992
3 0.814062 0.454688 0.05 0.0375 0.000117471
0 0.434375 0.746094 0.05625 0.0359375 0.000117568
1 0.436719 0.0046875 0.0734375 0.009375 0.000118341
1 0.0273438 0.003125 0.0421875 0.00625 0.000118375
1 0.723437 0.00234375 0.03125 0.0046875 0.000118516
0 0.460156 0.872656 0.0765625 0.110937 0.000119412
0 0.377344 0.558594 0.0671875 0.110937 0.000121542
1 0.201562 0.00703125 0.059375 0.0140625 0.000121583
1 0.396094 0.00234375 0.0328125 0.0046875 0.00012634
1 0.335156 0.984375 0.0265625 0.0125 0.00012935
3 0.0507812 0.682031 0.0359375 0.0234375 0.000130185
3 0.0476562 0.679688 0.0140625 0.015625 0.00013278
1 0.624219 0.003125 0.0328125 0.00625 0.000133172
1 0.179688 0.003125 0.034375 0.00625 0.000135215
3 0.822656 0.454688 0.0140625 0.025 0.000135422
0 0.427344 0.714063 0.0421875 0.059375 0.000136109
1 0.335938 0.00234375 0.046875 0.0046875 0.000136334
0 0.389844 0.6375 0.0765625 0.115625 0.000137007
1 0.16875 0.0046875 0.059375 0.009375 0.000137583
1 0.497656 0.00390625 0.0734375 0.0078125 0.000138696
1 0.359375 0.00234375 0.034375 0.0046875 0.00014238
0 0.323438 0.494531 0.078125 0.101562 0.000147544
1 0.282031 0.00859375 0.0890625 0.0171875 0.000149499
1 0.732813 0.990625 0.01875 0.00625 0.000151394
1 0.332031 0.9875 0.0234375 0.00625 0.000152361
1 0.675781 0.00859375 0.0359375 0.0171875 0.000156579
1 0.416406 0.00234375 0.0328125 0.0046875 0.00016644
3 0.839063 0.203906 0.021875 0.0265625 0.000172172
0 0.483594 0.904688 0.0703125 0.115625 0.000173565
3 0.0609375 0.217969 0.015625 0.0265625 0.00018019
1 0.015625 0.989062 0.03125 0.0125 0.000182448
3 0.0570313 0.658594 0.0484375 0.0234375 0.000182497
1 0.754687 0.00234375 0.046875 0.0046875 0.000191024
3 0.601562 0.247656 0.028125 0.0484375 0.000191662
0 0.43125 0.757031 0.046875 0.0296875 0.000194112
1 0.29375 0.003125 0.05 0.00625 0.000196557
1 0.254687 0.00625 0.053125 0.0125 0.000198635
3 0.0484375 0.219531 0.015625 0.0265625 0.000203756
1 0.664062 0.984375 0.084375 0.03125 0.000212516
1 0.722656 0.984375 0.0796875 0.03125 0.000215937
1 0.0171875 0.989844 0.028125 0.0078125 0.000218746
3 0.821875 0.4375 0.0125 0.021875 0.000233316
2 0.883594 0.619531 0.0546875 0.0984375 0.000261221
1 0.496875 0.971094 0.040625 0.0453125 0.000266365
1 0.0132813 0.992188 0.0265625 0.009375 0.000272432
1 0.629687 0.0046875 0.05625 0.009375 0.000272771
1 0.714844 0.003125 0.0515625 0.00625 0.000282181
1 0.445312 0.00234375 0.046875 0.0046875 0.000289665
1 0.0257812 0.985156 0.0515625 0.0296875 0.000311401
0 0.364844 0.485938 0.0640625 0.053125 0.000329131
1 0.519531 0.00234375 0.0453125 0.0046875 0.000336813
3 0.625781 0.272656 0.0171875 0.0328125 0.000343416
0 0.358594 0.371094 0.0578125 0.0703125 0.00035594
0 0.842969 0.742188 0.0234375 0.021875 0.000359111
1 0.48125 0.00234375 0.046875 0.0046875 0.000359451
0 0.857813 0.738281 0.028125 0.0234375 0.000362301
1 0.559375 0.00234375 0.046875 0.0046875 0.000364593
0 0.352344 0.460156 0.0453125 0.0421875 0.000366289
0 0.345313 0.423438 0.059375 0.059375 0.000406974
1 0.605469 0.00234375 0.0328125 0.0046875 0.000415375
3 0.564062 0.242969 0.028125 0.0328125 0.000453724
1 0.589844 0.003125 0.0328125 0.00625 0.000488175
1 0.675 0.0046875 0.053125 0.009375 0.000526232
2 0.5625 0.278125 0.053125 0.0875 0.000649229
0 0.35 0.394531 0.046875 0.0328125 0.000680998
0 0.35625 0.449219 0.040625 0.0328125 0.000757788
1 0.501562 0.9875 0.06875 0.025 0.00117674
1 0.492188 0.980469 0.040625 0.0203125 0.00576223
0 0.350781 0.405469 0.0421875 0.0328125 0.0116399
3 0.613281 0.272656 0.0328125 0.0546875 0.0278015
0 0.351562 0.434375 0.040625 0.034375 0.106251
0 0.350781 0.420312 0.0421875 0.034375 0.718019
3 0.617188 0.271094 0.0125 0.0390625 0.723122
1 0.492188 0.986719 0.040625 0.0109375 0.822446
2 0.582031 0.266406 0.0296875 0.0453125 0.899273
