1 0.0148437 0.989844 0.0296875 0.0140625 0.000100287
3 0.832812 0.436719 0.0125 0.0265625 0.000100322
3 0.0570313 0.14375 0.0140625 0.03125 0.00010144
2 0.857813 0.823438 0.05625 0.1125 0.000101748
1 0.501562 0.0046875 0.078125 0.009375 0.000102169
0 0.373437 0.548437 0.065625 0.109375 0.000103131
3 0.04375 0.757812 0.0125 0.021875 0.000103206
1 0.18125 0.888281 0.028125 0.0390625 0.000103316
2 0.85625 0.823438 0.090625 0.06875 0.000103605
3 0.0804688 0.25625 0.0171875 0.028125 0.000106512
1 0.332812 0.9875 0.021875 0.00625 0.000106666
3 0.059375 0.186719 0.015625 0.0296875 0.000107296
3 0.853125 0.19375 0.028125 0.075 0.000107774
1 0.494531 0.966406 0.0484375 0.0421875 0.000116628
3 0.0132813 0.694531 0.0203125 0.0484375 0.000116778
1 0.875 0.953906 0.06875 0.0296875 0.00011737
3 0.601562 0.292188 0.03125 0.05625 0.000118061
0 0.458594 0.86875 0.0765625 0.109375 0.000119129
3 0.846094 0.833594 0.0515625 0.0390625 0.000119284
2 0.859375 0.428125 0.05625 0.11875 0.000119681
3 0.814062 0.453125 0.046875 0.0375 0.00012255
3 0.0203125 0.140625 0.015625 0.028125 0.000122703
3 0.813281 0.453906 0.0265625 0.0578125 0.000123362
0 0.395312 0.642187 0.04375 0.03125 0.000124413
3 0.0585938 0.239063 0.0140625 0.028125 0.000125271
3 0.05 0.127344 0.025 0.0703125 0.000125604
3 0.0617188 0.273438 0.0109375 0.025 0.000127087
1 0.283594 0.0101562 0.0921875 0.0203125 0.000129804
3 0.0179687 0.126563 0.0359375 0.046875 0.000130002
1 0.25625 0.00703125 0.05625 0.0140625 0.000131174
1 0.719531 0.983594 0.0828125 0.0328125 0.00013444
3 0.845312 0.834375 0.028125 0.059375 0.000134629
3 0.0625 0.651563 0.046875 0.028125 0.000134738
1 0.753906 0.00234375 0.0484375 0.0046875 0.000136535
3 0.0171875 0.694531 0.034375 0.0265625 0.000136537
3 0.0757812 0.196094 0.0171875 0.0296875 0.000139085
1 0.335156 0.984375 0.0234375 0.0125 0.000139229
3 0.0242187 0.683594 0.0109375 0.0171875 0.00014044
3 0.859375 0.639844 0.059375 0.0359375 0.000141918
1 0.594531 0.0046875 0.0515625 0.009375 0.000144791
3 0.0210938 0.25625 0.0140625 0.025 0.000144937
3 0.617969 0.264062 0.0453125 0.09375 0.000146753
0 0.3875 0.641406 0.071875 0.114063 0.000147118
1 0.294531 0.003125 0.0546875 0.00625 0.000148536
1 0.549219 0.00234375 0.0328125 0.0046875 0.000148967
2 0.877344 0.596094 0.107813 0.0796875 0.000149446
3 0.0234375 0.217969 0.015625 0.0265625 0.000158192
3 0.0460938 0.272656 0.0109375 0.0234375 0.000159218
3 0.859375 0.639844 0.021875 0.0734375 0.000161933
0 0.867188 0.757031 0.05625 0.0453125 0.000162059
0 0.482812 0.905469 0.071875 0.117188 0.000162693
1 0.676562 0.0078125 0.0375 0.015625 0.000165873
1 0.60625 0.794531 0.025 0.0140625 0.000167618
1 0.65 0.989844 0.034375 0.0046875 0.000168982
3 0.560938 0.240625 0.040625 0.040625 0.00017937
0 0.867188 0.757812 0.03125 0.065625 0.000179495
1 0.482031 0.00234375 0.0484375 0.0046875 0.000190804
1 0.521094 0.00234375 0.0484375 0.0046875 0.000192958
3 0.015625 0.127344 0.01875 0.0640625 0.000197643
0 0.363281 0.360938 0.0640625 0.090625 0.00020304
3 0.614062 0.280469 0.021875 0.0390625 0.000204235
0 0.496094 0.966406 0.0421875 0.0484375 0.000206904
1 0.445312 0.00234375 0.046875 0.0046875 0.000217228
1 0.632031 0.0046875 0.0578125 0.009375 0.000217275
1 0.560938 0.00234375 0.05 0.0046875 0.000219706
1 0.603906 0.003125 0.0328125 0.00625 0.000232984
3 0.021875 0.203906 0.015625 0.0265625 0.000235934
3 0.04375 0.141406 0.0125 0.0296875 0.000251474
3 0.0585938 0.124219 0.0140625 0.0296875 0.000253835
1 0.503125 0.985937 0.084375 0.028125 0.000264491
1 0.714844 0.003125 0.0515625 0.00625 0.000274835
3 0.04375 0.15625 0.05625 0.103125 0.000283412
3 0.0585938 0.215625 0.0140625 0.028125 0.00028709
3 0.80625 0.64375 0.0125 0.015625 0.000288935
1 0.659375 0.985156 0.08125 0.0296875 0.000296203
1 0.589063 0.003125 0.034375 0.00625 0.000300998
3 0.0445312 0.127344 0.0140625 0.0296875 0.000340259
3 0.0460938 0.215625 0.0140625 0.028125 0.000355445
2 0.876562 0.619531 0.053125 0.0953125 0.000373718
3 0.0210938 0.125781 0.0140625 0.0265625 0.000374886
3 0.0585938 0.2 0.0140625 0.028125 0.000385807
3 0.0476562 0.253906 0.0109375 0.0234375 0.000386419
2 0.602344 0.791406 0.0265625 0.0140625 0.000448706
3 0.821875 0.4375 0.0125 0.021875 0.000466063
0 0.336719 0.485156 0.0609375 0.0671875 0.000570938
1 0.675781 0.0046875 0.0515625 0.009375 0.000573597
0 0.344531 0.399219 0.0453125 0.0328125 0.000583365
3 0.0484375 0.203125 0.0125 0.025 0.000635545
0 0.858594 0.739062 0.0265625 0.021875 0.000675894
0 0.84375 0.742969 0.021875 0.0203125 0.000851589
0 0.355469 0.48125 0.0609375 0.0375 0.00155724
1 0.490625 0.980469 0.040625 0.0203125 0.00580285
0 0.35 0.455469 0.04375 0.0328125 0.0118284
0 0.347656 0.410937 0.0421875 0.03125 0.0194065
3 0.579687 0.271094 0.03125 0.0453125 0.175299
0 0.346875 0.442187 0.040625 0.034375 0.212288
0 0.346875 0.426562 0.040625 0.034375 0.657118
3 0.615625 0.275 0.0125 0.0375 0.755658
1 0.490625 0.986719 0.040625 0.0109375 0.835818
2 0.578906 0.271094 0.0296875 0.0453125 0.869685
