3 0.851562 0.634375 0.059375 0.040625 0.000101348
1 0.157031 0.944531 0.0484375 0.0703125 0.0001026
1 0.50625 0.00546875 0.09375 0.0109375 0.000102731
1 0.333594 0.00234375 0.0546875 0.0046875 0.00010345
1 0.252344 0.0117188 0.0390625 0.0234375 0.000104268
0 0.60625 0.635156 0.075 0.117188 0.000104392
3 0.0617188 0.183594 0.0234375 0.0328125 0.000104815
1 0.710156 0.990625 0.0390625 0.009375 0.000105382
1 0.117969 0.889063 0.0328125 0.01875 0.00010578
1 0.646094 0.00390625 0.0359375 0.0078125 0.000107091
1 0.1875 0.965625 0.05 0.065625 0.000107698
3 0.0164062 0.682813 0.0109375 0.01875 0.000107855
0 0.603125 0.203125 0.040625 0.03125 0.000108366
3 0.850781 0.635156 0.0328125 0.0640625 0.000108857
1 0.40625 0.003125 0.05625 0.00625 0.000110048
1 0.878125 0.952344 0.071875 0.0296875 0.000110134
1 0.349219 0.979688 0.101562 0.040625 0.000112177
1 0.740625 0.0078125 0.090625 0.015625 0.000113233
1 0.180469 0.888281 0.0296875 0.0390625 0.00011351
1 0.336719 0.985156 0.0234375 0.0109375 0.000114852
1 0.723437 0.003125 0.034375 0.00625 0.000118489
1 0.028125 0.003125 0.05 0.00625 0.000118642
3 0.621875 0.570312 0.034375 0.034375 0.00012192
3 0.0789063 0.21875 0.0234375 0.034375 0.00012876
1 0.79375 0.003125 0.05625 0.00625 0.000128831
3 0.0195312 0.296094 0.0140625 0.0265625 0.000128981
1 0.53125 0.223438 0.0625 0.025 0.000129189
1 0.0617188 0.003125 0.0546875 0.00625 0.000130106
1 0.142188 0.003125 0.0625 0.00625 0.000132343
3 0.059375 0.2375 0.015625 0.03125 0.000133429
1 0.198437 0.00703125 0.059375 0.0140625 0.000134268
3 0.0625 0.253906 0.015625 0.0296875 0.000135746
3 0.0460938 0.236719 0.0140625 0.0296875 0.000137771
1 0.290625 0.00390625 0.059375 0.0078125 0.000138075
3 0.0242187 0.217187 0.0234375 0.028125 0.000138831
3 0.0476562 0.204688 0.0203125 0.03125 0.000149823
1 0.180469 0.003125 0.0390625 0.00625 0.000154093
3 0.0804688 0.238281 0.0171875 0.0296875 0.000158408
1 0.674219 0.00859375 0.0390625 0.0171875 0.000171054
1 0.252344 0.0078125 0.0578125 0.015625 0.000171124
3 0.617188 0.235156 0.01875 0.0296875 0.000171668
0 0.464063 0.791406 0.05 0.0296875 0.000176
1 0.44375 0.003125 0.05625 0.00625 0.000176266
1 0.730469 0.982813 0.0953125 0.034375 0.000180752
2 0.604688 0.790625 0.028125 0.015625 0.000182263
1 0.482812 0.003125 0.05625 0.00625 0.000190065
0 0.854688 0.739844 0.03125 0.0234375 0.000196009
1 0.574219 0.971094 0.0484375 0.0484375 0.000196952
3 0.0609375 0.203125 0.021875 0.034375 0.000200275
0 0.516406 0.852344 0.0703125 0.0984375 0.000219882
3 0.860156 0.200781 0.0328125 0.0640625 0.000220838
1 0.630469 0.0046875 0.0609375 0.009375 0.000221125
1 0.16875 0.00390625 0.059375 0.0078125 0.000221905
1 0.605469 0.003125 0.0390625 0.00625 0.000222133
3 0.860156 0.200781 0.0578125 0.0421875 0.000228138
0 0.842188 0.741406 0.028125 0.0234375 0.000270425
1 0.524219 0.00234375 0.0515625 0.0046875 0.000282708
1 0.754687 0.00234375 0.05 0.0046875 0.000293386
1 0.714063 0.00390625 0.05625 0.0078125 0.000302772
1 0.560156 0.00234375 0.0515625 0.0046875 0.000320752
3 0.059375 0.217187 0.01875 0.03125 0.000324084
1 0.589844 0.003125 0.0390625 0.00625 0.000359112
0 0.453906 0.690625 0.0421875 0.05 0.000366761
3 0.0484375 0.21875 0.01875 0.03125 0.000389765
1 0.674219 0.00546875 0.0578125 0.0109375 0.000446825
1 0.578906 0.988281 0.0765625 0.0234375 0.00126588
1 0.567187 0.980469 0.05 0.0234375 0.00181688
0 0.457031 0.773438 0.0484375 0.028125 0.00562184
0 0.445312 0.717969 0.04375 0.0328125 0.0212747
0 0.453125 0.764063 0.04375 0.03125 0.0398142
0 0.448438 0.746875 0.04375 0.034375 0.404222
3 0.602344 0.560938 0.0359375 0.046875 0.472447
0 0.446094 0.734375 0.0421875 0.0375 0.63018
3 0.63125 0.555469 0.025 0.0390625 0.793598
1 0.56875 0.9875 0.05 0.0125 0.851037
2 0.6 0.560938 0.034375 0.04375 0.889377
