3 0.835938 0.196094 0.059375 0.0453125 0.000101077
1 0.671875 0.0796875 0.0375 0.053125 0.00010185
3 0.0390625 0.776563 0.01875 0.028125 0.000104738
2 0.628906 0.633594 0.0640625 0.0703125 0.000107563
1 0.661719 0.00859375 0.0953125 0.0171875 0.000107569
1 0.186719 0.96875 0.0484375 0.0625 0.000108729
1 0.682813 0.003125 0.034375 0.00625 0.00010995
1 0.180469 0.8875 0.0296875 0.0375 0.000110744
1 0.727344 0.982031 0.0953125 0.0359375 0.000113382
3 0.0601562 0.255469 0.0171875 0.0296875 0.000115402
0 0.609375 0.2375 0.034375 0.03125 0.000120223
3 0.0601562 0.219531 0.0234375 0.0296875 0.000120528
3 0.835156 0.196875 0.0328125 0.06875 0.000120542
1 0.792969 0.003125 0.0546875 0.00625 0.00012383
1 0.370313 0.003125 0.053125 0.00625 0.000124128
1 0.2 0.00703125 0.059375 0.0140625 0.00012724
1 0.141406 0.003125 0.0609375 0.00625 0.000127756
1 0.571875 0.0078125 0.0875 0.015625 0.000130619
1 0.739844 0.0078125 0.0890625 0.015625 0.000132059
1 0.0632813 0.003125 0.0546875 0.00625 0.000135475
1 0.40625 0.003125 0.053125 0.00625 0.000136702
1 0.180469 0.003125 0.0390625 0.00625 0.000139043
1 0.0273438 0.003125 0.0484375 0.00625 0.000140196
1 0.505469 0.00546875 0.0859375 0.0109375 0.000144452
1 0.334375 0.00234375 0.05 0.0046875 0.000146998
1 0.646094 0.003125 0.0359375 0.00625 0.000149253
3 0.534375 0.196875 0.028125 0.0125 0.000149259
1 0.291406 0.003125 0.0578125 0.00625 0.00015353
1 0.252344 0.00703125 0.0578125 0.0140625 0.000161657
0 0.394531 0.784375 0.0578125 0.040625 0.000167823
0 0.453125 0.84375 0.075 0.1125 0.000167845
1 0.16875 0.00390625 0.059375 0.0078125 0.000202711
3 0.0210938 0.708594 0.0328125 0.0421875 0.000205744
1 0.673437 0.00703125 0.0375 0.0140625 0.000207995
3 0.0445312 0.757812 0.0140625 0.025 0.000210219
0 0.395312 0.694531 0.0625 0.0765625 0.000218595
1 0.44375 0.00234375 0.053125 0.0046875 0.000243265
1 0.480469 0.00234375 0.0515625 0.0046875 0.000245129
3 0.858594 0.200781 0.0359375 0.0671875 0.000253224
3 0.858594 0.2 0.0640625 0.04375 0.000269875
1 0.755469 0.00234375 0.0484375 0.0046875 0.000300694
1 0.523438 0.00234375 0.05 0.0046875 0.00033811
3 0.0484375 0.250781 0.015625 0.0265625 0.000338351
1 0.56875 0.003125 0.0375 0.00625 0.000341554
1 0.711719 0.003125 0.0546875 0.00625 0.000344505
1 0.63125 0.00390625 0.05625 0.0078125 0.000344687
3 0.625781 0.603125 0.0265625 0.03125 0.000355346
1 0.592188 0.003125 0.053125 0.00625 0.000381498
1 0.550781 0.003125 0.0390625 0.00625 0.000505423
3 0.614062 0.2375 0.01875 0.03125 0.000525611
1 0.673437 0.0046875 0.053125 0.009375 0.000699418
0 0.400781 0.719531 0.0453125 0.0328125 0.00104354
0 0.415625 0.7875 0.046875 0.040625 0.00124473
1 0.521094 0.980469 0.0484375 0.0234375 0.00173802
0 0.410156 0.76875 0.0484375 0.034375 0.0041457
0 0.403125 0.748438 0.04375 0.034375 0.0372925
3 0.646875 0.6 0.040625 0.04375 0.399024
0 0.400781 0.735156 0.0421875 0.0328125 0.765405
1 0.523438 0.9875 0.05 0.0125 0.80624
3 0.680469 0.601562 0.0296875 0.040625 0.862584
2 0.64375 0.6 0.03125 0.040625 0.911713
