0 0.589844 0.763281 0.0578125 0.0421875 0.000100016
0 0.603125 0.21875 0.0375 0.03125 0.000101313
1 0.139844 0.003125 0.0609375 0.00625 0.000103108
1 0.117188 0.889063 0.034375 0.01875 0.000103334
0 0.603125 0.1875 0.0625 0.0375 0.000103641
0 0.976562 0.713281 0.046875 0.123438 0.000106641
1 0.409375 0.003125 0.05625 0.00625 0.000107464
1 0.334375 0.00234375 0.053125 0.0046875 0.000109115
0 0.608594 0.230469 0.0359375 0.0296875 0.000109485
1 0.179688 0.00390625 0.040625 0.0078125 0.000110384
1 0.723437 0.003125 0.034375 0.00625 0.000110587
1 0.911719 0.93125 0.0390625 0.05625 0.000111969
1 0.529688 0.223438 0.0625 0.025 0.000112558
0 0.375 0.284375 0.025 0.05625 0.000114432
1 0.742188 0.00859375 0.090625 0.0171875 0.000116641
3 0.989844 0.317187 0.0203125 0.09375 0.000124031
1 0.567187 0.00703125 0.084375 0.0140625 0.000124285
1 0.0632813 0.003125 0.0546875 0.00625 0.000124432
0 0.378906 0.296094 0.0296875 0.0203125 0.000124884
1 0.200781 0.00703125 0.0609375 0.0140625 0.000125624
1 0.0132813 0.990625 0.0265625 0.009375 0.000127296
3 0.80625 0.76875 0.028125 0.04375 0.000129638
1 0.028125 0.003125 0.046875 0.00625 0.000129643
1 0.792969 0.003125 0.0546875 0.00625 0.000129716
0 0.378125 0.285156 0.046875 0.0296875 0.000130435
1 0.504687 0.00546875 0.0875 0.0109375 0.000130928
0 0.6125 0.204688 0.034375 0.034375 0.000132351
1 0.904688 0.904688 0.03125 0.04375 0.000133649
0 0.375 0.264062 0.03125 0.065625 0.00013578
1 0.157813 0.954687 0.05 0.071875 0.000139832
3 0.821094 0.457031 0.0140625 0.0234375 0.000139879
0 0.626562 0.235156 0.025 0.0609375 0.000141666
3 0.0539063 0.682813 0.0296875 0.04375 0.000142626
1 0.166406 0.0046875 0.0609375 0.009375 0.000143344
1 0.291406 0.003125 0.0578125 0.00625 0.000144117
1 0.903906 0.905469 0.0546875 0.0234375 0.000157101
1 0.232812 0.969531 0.059375 0.0328125 0.000168142
1 0.253125 0.00703125 0.05625 0.0140625 0.000181397
1 0.674219 0.00859375 0.0390625 0.0171875 0.000182383
3 0.822656 0.441406 0.0140625 0.0234375 0.000193501
1 0.44375 0.003125 0.05625 0.00625 0.000199621
3 0.813281 0.458594 0.0265625 0.0484375 0.000202688
1 0.48125 0.00234375 0.053125 0.0046875 0.000203227
3 0.611719 0.227344 0.0296875 0.0296875 0.000215841
3 0.8125 0.459375 0.046875 0.03125 0.000223011
1 0.0132813 0.985937 0.0265625 0.0125 0.000226071
0 0.760938 0.825781 0.059375 0.0921875 0.000239768
1 0.629687 0.0046875 0.05625 0.009375 0.000256388
1 0.523438 0.00234375 0.05 0.0046875 0.000283358
1 0.75625 0.00234375 0.05 0.0046875 0.000289018
1 0.605469 0.003125 0.0390625 0.00625 0.000321541
3 0.813281 0.810938 0.0359375 0.059375 0.00032564
1 0.714844 0.003125 0.0546875 0.00625 0.000335526
1 0.570312 0.003125 0.040625 0.00625 0.00033774
1 0.551562 0.003125 0.040625 0.00625 0.000356075
1 0.321094 0.972656 0.0390625 0.0203125 0.000385782
1 0.589844 0.003125 0.0390625 0.00625 0.000387038
1 0.336719 0.984375 0.0203125 0.0125 0.000391766
1 0.03125 0.984375 0.0625 0.03125 0.000484646
1 0.673437 0.0046875 0.05625 0.009375 0.000503937
0 0.375 0.282813 0.021875 0.028125 0.000527497
3 0.616406 0.232031 0.0171875 0.0296875 0.000831382
0 0.591406 0.865625 0.0578125 0.06875 0.000863676
3 0.858594 0.815625 0.0546875 0.0625 0.000958407
1 0.607031 0.980469 0.0390625 0.0234375 0.00134235
0 0.578906 0.803906 0.0421875 0.0453125 0.00160197
0 0.570312 0.858594 0.053125 0.0515625 0.00313186
0 0.574219 0.838281 0.0421875 0.0296875 0.0358079
3 0.824219 0.792969 0.0359375 0.0390625 0.463715
0 0.575 0.824219 0.04375 0.0328125 0.749779
1 0.608594 0.988281 0.0421875 0.0109375 0.81566
3 0.855469 0.807031 0.0265625 0.0359375 0.83187
2 0.824219 0.792188 0.0328125 0.040625 0.905438
