1 0.402344 0.527344 0.0578125 0.0203125 0.000101913
0 0.370313 0.671875 0.03125 0.021875 0.000102287
1 0.682031 0.003125 0.0328125 0.00625 0.000102848
0 0.609375 0.236719 0.03125 0.0296875 0.00010349
1 0.327344 0.973437 0.0484375 0.03125 0.00010454
1 0.435937 0.00625 0.090625 0.0125 0.000104587
1 0.0625 0.003125 0.05625 0.00625 0.000105549
1 0.502344 0.00546875 0.0921875 0.0109375 0.000105701
1 0.140625 0.003125 0.059375 0.00625 0.000106165
1 0.0273438 0.00390625 0.0484375 0.0078125 0.000106508
0 0.369531 0.651563 0.0734375 0.071875 0.00010681
0 0.747656 0.302344 0.0328125 0.0640625 0.000108316
3 0.861719 0.236719 0.0328125 0.0765625 0.000108317
1 0.370313 0.652344 0.028125 0.0234375 0.000108575
1 0.646094 0.003125 0.0359375 0.00625 0.000109331
1 0.632812 0.717188 0.040625 0.065625 0.000109652
0 0.73125 0.9 0.034375 0.065625 0.000111356
1 0.180469 0.003125 0.0390625 0.00625 0.000112225
1 0.36875 0.003125 0.053125 0.00625 0.000112916
1 0.674219 0.0796875 0.0359375 0.053125 0.000113915
1 0.910937 0.925 0.034375 0.034375 0.000114133
1 0.363281 0.982813 0.0984375 0.034375 0.000115697
1 0.667969 0.983594 0.0984375 0.0328125 0.000118522
1 0.35 0.988281 0.034375 0.0109375 0.000123125
1 0.792969 0.003125 0.0546875 0.00625 0.000123276
0 0.738281 0.307813 0.0234375 0.021875 0.000125615
0 0.739844 0.891406 0.0890625 0.139062 0.000127057
1 0.741406 0.00703125 0.0890625 0.0140625 0.000128199
0 0.742969 0.898438 0.0328125 0.028125 0.000128875
1 0.332812 0.00234375 0.05 0.0046875 0.000132597
1 0.707031 0.991406 0.0390625 0.0078125 0.000133863
1 0.200781 0.00703125 0.0578125 0.0140625 0.00013695
1 0.73125 0.990625 0.025 0.00625 0.000142168
3 0.867188 0.260156 0.0625 0.117188 0.000147149
1 0.378906 0.646875 0.0453125 0.01875 0.000150676
1 0.722656 0.986719 0.0265625 0.0109375 0.000152488
1 0.407031 0.003125 0.0515625 0.00625 0.000152735
0 0.369531 0.657031 0.0296875 0.0390625 0.000160687
1 0.157031 0.953125 0.0484375 0.06875 0.000162492
1 0.167969 0.00390625 0.0578125 0.0078125 0.000171931
1 0.478906 0.989844 0.0578125 0.0109375 0.000174593
1 0.291406 0.003125 0.0546875 0.00625 0.000177562
3 0.615625 0.235156 0.01875 0.0296875 0.000186182
1 0.329688 0.988281 0.03125 0.0109375 0.000187119
0 0.742969 0.909375 0.0328125 0.028125 0.000192358
1 0.253125 0.00703125 0.05625 0.0140625 0.000193611
1 0.674219 0.00703125 0.0390625 0.0140625 0.00021852
1 0.0304688 0.982813 0.0609375 0.034375 0.000231798
1 0.521875 0.00234375 0.05 0.0046875 0.000237961
1 0.48125 0.00234375 0.053125 0.0046875 0.000240004
1 0.561719 0.00234375 0.0515625 0.0046875 0.000244703
1 0.444531 0.00234375 0.0515625 0.0046875 0.000244978
0 0.369531 0.657812 0.0453125 0.021875 0.000256676
0 0.475 0.883594 0.05 0.0359375 0.000266148
1 0.341406 0.9875 0.0296875 0.00625 0.00027324
1 0.605469 0.003125 0.0390625 0.00625 0.000275181
1 0.755469 0.00234375 0.0484375 0.0046875 0.000287657
0 0.491406 0.869531 0.0640625 0.0921875 0.000289333
1 0.589844 0.003125 0.0390625 0.00625 0.000332469
1 0.63125 0.00390625 0.05625 0.0078125 0.000344981
1 0.724219 0.984375 0.0859375 0.03125 0.000350456
1 0.714063 0.003125 0.053125 0.00625 0.000372102
0 0.471094 0.901563 0.0453125 0.03125 0.000425773
1 0.673437 0.00390625 0.053125 0.0078125 0.000727834
1 0.369531 0.655469 0.0234375 0.0109375 0.000888385
1 0.483594 0.953906 0.0484375 0.0328125 0.00164211
1 0.3375 0.985937 0.021875 0.009375 0.00172556
0 0.482812 0.940625 0.046875 0.034375 0.00244389
2 0.690625 0.65 0.046875 0.0625 0.00266678
1 0.488281 0.979688 0.0578125 0.028125 0.0216799
0 0.477344 0.925781 0.0453125 0.0328125 0.0765492
3 0.671875 0.657031 0.0375 0.0421875 0.424752
0 0.476562 0.914062 0.04375 0.034375 0.738848
1 0.507031 0.988281 0.0484375 0.0109375 0.833011
3 0.708594 0.639844 0.0265625 0.0328125 0.835141
2 0.671875 0.657812 0.0375 0.04375 0.909706
