1 0.522656 0.224219 0.0703125 0.0265625 0.000101174
1 0.575 0.797656 0.065625 0.0234375 0.000101774
0 0.359375 0.667969 0.040625 0.0234375 0.000101942
1 0.179688 0.003125 0.0375 0.00625 0.000102906
0 0.616406 0.329688 0.0609375 0.03125 0.000103238
3 0.0640625 0.65625 0.028125 0.059375 0.000103653
1 0.01875 0.988281 0.03125 0.0078125 0.000103696
1 0.807813 0.00625 0.0875 0.0125 0.000105874
1 0.0242187 0.976562 0.0484375 0.046875 0.000106995
1 0.415625 0.003125 0.0375 0.00625 0.000107648
0 0.379687 0.641406 0.04375 0.0234375 0.000109043
1 0.132812 0.009375 0.1 0.01875 0.000111438
1 0.157031 0.947656 0.0484375 0.0734375 0.000113391
1 0.4375 0.003125 0.040625 0.00625 0.000115735
0 0.629687 0.339844 0.1 0.0703125 0.000116405
1 0.0632813 0.003125 0.0546875 0.00625 0.000116476
3 0.989844 0.0078125 0.0203125 0.015625 0.000117322
0 0.6125 0.476562 0.040625 0.05625 0.000117688
1 0.678125 0.0101562 0.040625 0.0203125 0.000121696
1 0.0273438 0.003125 0.0484375 0.00625 0.000121931
1 0.2 0.00703125 0.059375 0.0140625 0.000122747
3 0.0632813 0.65625 0.0546875 0.03125 0.000125504
0 0.604688 0.50625 0.065625 0.109375 0.000127036
1 0.498437 0.00546875 0.08125 0.0109375 0.000128128
1 0.167187 0.003125 0.0375 0.00625 0.000128415
1 0.141406 0.003125 0.0578125 0.00625 0.000131799
1 0.396875 0.003125 0.0375 0.00625 0.000131826
1 0.321094 0.00234375 0.0328125 0.0046875 0.00013245
1 0.630469 0.00625 0.0640625 0.0125 0.000132548
0 0.628125 0.351562 0.034375 0.01875 0.000134177
0 0.624219 0.760938 0.0578125 0.0375 0.000135275
1 0.502344 0.980469 0.0953125 0.0390625 0.000136106
1 0.830469 0.003125 0.0546875 0.00625 0.000138629
1 0.908594 0.924219 0.0328125 0.0421875 0.000140505
1 0.367969 0.003125 0.0515625 0.00625 0.000144243
1 0.015625 0.989062 0.03125 0.0125 0.000147463
3 0.0828125 0.242188 0.025 0.021875 0.000149023
0 0.625 0.870313 0.078125 0.10625 0.000149679
0 0.614844 0.435937 0.0546875 0.0375 0.00015125
0 0.614062 0.340625 0.078125 0.121875 0.000153743
0 0.615625 0.728906 0.065625 0.0921875 0.000156494
1 0.167187 0.00390625 0.059375 0.0078125 0.000156589
0 0.621094 0.400781 0.0703125 0.107813 0.000166457
0 0.36875 0.651563 0.065625 0.075 0.000171181
1 0.0140625 0.989844 0.028125 0.0078125 0.000172216
0 0.6125 0.517187 0.040625 0.05625 0.000182509
1 0.253906 0.00703125 0.0546875 0.0140625 0.000185339
0 0.617188 0.373437 0.040625 0.021875 0.000188565
1 0.79375 0.003125 0.053125 0.00625 0.000190091
3 0.680469 0.172656 0.0546875 0.0265625 0.000191114
0 0.619531 0.792188 0.0640625 0.090625 0.000191673
1 0.604688 0.003125 0.040625 0.00625 0.000196295
0 0.621094 0.782031 0.0390625 0.0203125 0.00020118
1 0.514063 0.00234375 0.040625 0.0046875 0.000203162
1 0.292188 0.003125 0.053125 0.00625 0.000204756
0 0.616406 0.397656 0.0578125 0.0359375 0.000216371
3 0.0648438 0.678906 0.0421875 0.0265625 0.000253128
1 0.457031 0.003125 0.0390625 0.00625 0.000253821
3 0.0648438 0.678906 0.0265625 0.0421875 0.00025758
1 0.339844 0.00234375 0.0328125 0.0046875 0.000262488
1 0.619531 0.794531 0.0703125 0.0640625 0.000274146
1 0.482031 0.00234375 0.0515625 0.0046875 0.000285422
1 0.589844 0.00390625 0.0390625 0.0078125 0.000294095
1 0.755469 0.003125 0.0515625 0.00625 0.000294654
1 0.569531 0.003125 0.0390625 0.00625 0.000303102
1 0.677344 0.00546875 0.0609375 0.0109375 0.000305397
0 0.621094 0.323438 0.0390625 0.021875 0.000312228
1 0.532812 0.003125 0.040625 0.00625 0.000320239
0 0.623438 0.785937 0.034375 0.04375 0.000363825
1 0.715625 0.00390625 0.05625 0.0078125 0.000373282
1 0.551562 0.003125 0.040625 0.00625 0.000387081
1 0.622656 0.786719 0.0421875 0.0328125 0.000421345
0 0.370313 0.659375 0.028125 0.01875 0.000442133
1 0.365625 0.660156 0.01875 0.0140625 0.000469821
0 0.619531 0.352344 0.0515625 0.0328125 0.000494835
1 0.0289063 0.983594 0.0578125 0.0296875 0.000583375
3 0.688281 0.179688 0.0484375 0.053125 0.000590186
0 0.609375 0.56875 0.040625 0.046875 0.000752915
3 0.671875 0.185937 0.04375 0.03125 0.000878263
0 0.6125 0.671094 0.053125 0.0546875 0.00150497
1 0.370313 0.657031 0.01875 0.0109375 0.00181759
0 0.605469 0.591406 0.0421875 0.0328125 0.00249997
1 0.660156 0.979688 0.0421875 0.021875 0.00276101
2 0.675 0.194531 0.046875 0.0328125 0.00313713
0 0.623438 0.332031 0.0375 0.0203125 0.00323134
0 0.608594 0.654688 0.0421875 0.046875 0.0034091
1 0.653125 0.988281 0.053125 0.0203125 0.00461308
0 0.604688 0.627344 0.04375 0.0328125 0.00760279
0 0.608594 0.611719 0.0453125 0.0421875 0.0175493
3 0.66875 0.207031 0.04375 0.0390625 0.369338
0 0.607813 0.639063 0.04375 0.034375 0.58911
3 0.683594 0.182812 0.0359375 0.025 0.769993
1 0.660937 0.9875 0.040625 0.0125 0.793343
2 0.667188 0.210156 0.04375 0.0390625 0.856055
