3 0.850781 0.636719 0.0359375 0.0734375 0.000100168
0 0.613281 0.223438 0.0296875 0.03125 0.000100349
0 0.429688 0.858594 0.06875 0.0421875 0.000100443
3 0.0484375 0.215625 0.025 0.028125 0.000103028
1 0.180469 0.003125 0.0390625 0.00625 0.000103676
0 0.602344 0.185937 0.0796875 0.13125 0.000106444
1 0.482812 0.225781 0.065625 0.0234375 0.00010785
1 0.157031 0.946094 0.0484375 0.0703125 0.00010899
1 0.742188 0.00234375 0.034375 0.0046875 0.000110137
1 0.683594 0.003125 0.0328125 0.00625 0.000110331
1 0.645312 0.003125 0.034375 0.00625 0.000113247
1 0.433594 0.00625 0.0890625 0.0125 0.000113504
1 0.570312 0.0078125 0.0875 0.015625 0.000114344
1 0.727344 0.98125 0.0984375 0.0375 0.00011626
1 0.723437 0.003125 0.034375 0.00625 0.000118564
1 0.333594 0.00234375 0.0515625 0.0046875 0.000119061
3 0.0820312 0.217187 0.0265625 0.028125 0.000121828
1 0.140625 0.003125 0.059375 0.00625 0.000121855
1 0.2 0.0078125 0.059375 0.015625 0.000125072
1 0.0273438 0.00390625 0.0484375 0.0078125 0.00012711
1 0.74375 0.0078125 0.090625 0.015625 0.000127905
1 0.354688 0.982031 0.09375 0.0359375 0.000129574
1 0.500781 0.00546875 0.0859375 0.0109375 0.000132058
1 0.0632813 0.003125 0.0546875 0.00625 0.000132198
1 0.624219 0.003125 0.0359375 0.00625 0.000132556
1 0.407813 0.003125 0.053125 0.00625 0.000136877
3 0.0601562 0.216406 0.0265625 0.0296875 0.000143543
1 0.792969 0.003125 0.0546875 0.00625 0.000145231
1 0.252344 0.0078125 0.0578125 0.015625 0.00015031
1 0.292188 0.003125 0.05625 0.00625 0.00015079
1 0.167187 0.00390625 0.059375 0.0078125 0.000165006
1 0.674219 0.00859375 0.0390625 0.0171875 0.000171335
1 0.388281 0.329688 0.0234375 0.009375 0.000177674
0 0.854688 0.7375 0.034375 0.025 0.000204681
0 0.601562 0.188281 0.05625 0.0328125 0.000204797
1 0.629687 0.0046875 0.05625 0.009375 0.000213295
1 0.44375 0.00234375 0.053125 0.0046875 0.000248321
1 0.714063 0.00390625 0.05625 0.0078125 0.000266777
0 0.842188 0.740625 0.03125 0.025 0.000272855
0 0.415625 0.842188 0.059375 0.046875 0.000288458
1 0.480469 0.00234375 0.0515625 0.0046875 0.000289165
0 0.395312 0.861719 0.075 0.0640625 0.000289515
1 0.757031 0.00234375 0.0484375 0.0046875 0.000298868
3 0.585938 0.676562 0.01875 0.03125 0.000300202
1 0.521094 0.00234375 0.0484375 0.0046875 0.000306149
0 0.603906 0.198437 0.0390625 0.03125 0.000336434
1 0.560156 0.00234375 0.0484375 0.0046875 0.000350545
1 0.605469 0.003125 0.0390625 0.00625 0.000391809
3 0.647656 0.652344 0.0359375 0.0640625 0.000411113
1 0.589844 0.003125 0.0390625 0.00625 0.000438572
1 0.673437 0.0046875 0.05625 0.009375 0.000498446
0 0.398438 0.816406 0.04375 0.0390625 0.000798972
0 0.414844 0.829687 0.0484375 0.0375 0.000801934
1 0.510156 0.980469 0.0515625 0.0234375 0.000846259
1 0.499219 0.990625 0.0671875 0.01875 0.00200335
0 0.403125 0.776563 0.04375 0.034375 0.00201398
3 0.654688 0.66875 0.028125 0.046875 0.0025327
0 0.414062 0.815625 0.053125 0.03125 0.0127306
0 0.402344 0.799219 0.0453125 0.0296875 0.0313997
3 0.634375 0.672656 0.03125 0.0453125 0.033813
3 0.610937 0.667188 0.034375 0.046875 0.468035
0 0.400781 0.788281 0.0421875 0.0296875 0.761899
1 0.510938 0.9875 0.05 0.0125 0.799732
3 0.644531 0.66875 0.0234375 0.040625 0.8096
2 0.610156 0.667969 0.0296875 0.0453125 0.900772
