1 0.180469 0.003125 0.0390625 0.00625 0.000100971
1 0.792969 0.003125 0.0546875 0.00625 0.000100997
1 0.74375 0.0078125 0.090625 0.015625 0.000101081
1 0.36875 0.00234375 0.053125 0.0046875 0.000102607
1 0.157031 0.944531 0.0484375 0.0734375 0.000102619
1 0.532031 0.223438 0.0609375 0.025 0.000103097
1 0.2 0.0078125 0.0625 0.015625 0.000103158
1 0.645312 0.00390625 0.034375 0.0078125 0.000103374
1 0.132812 0.009375 0.1 0.01875 0.000103923
1 0.485156 0.228125 0.0640625 0.021875 0.000104333
3 0.813281 0.247656 0.0296875 0.0765625 0.000105991
3 0.01875 0.79375 0.021875 0.03125 0.000107491
1 0.722656 0.003125 0.0328125 0.00625 0.000108239
3 0.852344 0.634375 0.0578125 0.04375 0.000109008
1 0.40625 0.003125 0.053125 0.00625 0.000113041
1 0.102344 0.003125 0.0578125 0.00625 0.000113729
0 0.854688 0.739844 0.034375 0.0265625 0.000119002
1 0.166406 0.003125 0.0390625 0.00625 0.000119296
1 0.673437 0.0789063 0.0375 0.0515625 0.000120891
1 0.438281 0.226562 0.0609375 0.021875 0.000121547
1 0.507812 0.00546875 0.0875 0.0109375 0.000122813
1 0.1875 0.966406 0.05 0.0640625 0.000123325
3 0.852344 0.635156 0.0328125 0.0671875 0.000129434
1 0.334375 0.00234375 0.05 0.0046875 0.000131386
1 0.140625 0.003125 0.059375 0.00625 0.000131425
1 0.727344 0.982031 0.0921875 0.0359375 0.00013475
0 0.410937 0.84375 0.05625 0.046875 0.000136804
1 0.253906 0.0078125 0.0578125 0.015625 0.000139428
1 0.292969 0.003125 0.0546875 0.00625 0.000141586
1 0.028125 0.003125 0.046875 0.00625 0.000146756
3 0.85625 0.2 0.0625 0.040625 0.000147205
3 0.615625 0.235938 0.01875 0.03125 0.00014857
1 0.674219 0.009375 0.0390625 0.01875 0.000158838
1 0.3875 0.329688 0.025 0.009375 0.000165907
1 0.0648438 0.00234375 0.0515625 0.0046875 0.000166962
3 0.0390625 0.754687 0.015625 0.025 0.000177302
1 0.167187 0.00390625 0.059375 0.0078125 0.000191449
1 0.3875 0.330469 0.04375 0.0140625 0.000193835
3 0.834375 0.439063 0.015625 0.025 0.000204473
1 0.44375 0.00234375 0.053125 0.0046875 0.000204853
0 0.659375 0.548437 0.053125 0.090625 0.000207866
3 0.85625 0.200781 0.034375 0.0703125 0.000219433
1 0.482812 0.00234375 0.053125 0.0046875 0.000229343
1 0.628125 0.0046875 0.059375 0.009375 0.000247556
1 0.757031 0.00234375 0.0484375 0.0046875 0.000251422
1 0.714063 0.00390625 0.05625 0.0078125 0.000259999
1 0.570312 0.003125 0.0375 0.00625 0.000266745
1 0.522656 0.00234375 0.0515625 0.0046875 0.000275981
3 0.0164062 0.70625 0.0296875 0.0375 0.00030023
1 0.589844 0.003125 0.0390625 0.00625 0.000314596
1 0.551562 0.003125 0.0375 0.00625 0.000319484
3 0.046875 0.811719 0.01875 0.0265625 0.000344642
0 0.841406 0.740625 0.0296875 0.025 0.000358176
1 0.60625 0.003125 0.0375 0.00625 0.000363683
3 0.840625 0.240625 0.01875 0.025 0.0003911
1 0.376563 0.328906 0.034375 0.0140625 0.000417663
1 0.673437 0.00546875 0.05625 0.0109375 0.000424644
0 0.410156 0.829687 0.0453125 0.034375 0.000447459
0 0.396875 0.857031 0.06875 0.0890625 0.000448043
1 0.377344 0.328125 0.0203125 0.009375 0.00045652
1 0.494531 0.979688 0.0578125 0.021875 0.000706728
0 0.392969 0.811719 0.0421875 0.0296875 0.00075697
0 0.391406 0.769531 0.0421875 0.0328125 0.00917423
0 0.407031 0.814844 0.0515625 0.0328125 0.0113504
0 0.396875 0.801562 0.04375 0.03125 0.128946
3 0.6125 0.544531 0.034375 0.0453125 0.385777
0 0.391406 0.784375 0.0421875 0.034375 0.719277
1 0.500781 0.9875 0.0515625 0.0125 0.839501
3 0.646875 0.535156 0.021875 0.0390625 0.867347
2 0.610937 0.545313 0.034375 0.04375 0.900203
