1 0.132031 0.009375 0.101562 0.01875 0.000100416
0 0.419531 0.851562 0.0484375 0.03125 0.000100978
1 0.100781 0.003125 0.0578125 0.00625 0.000101076
1 0.625 0.003125 0.034375 0.00625 0.000101123
1 0.333594 0.00234375 0.0515625 0.0046875 0.000102324
0 0.601562 0.183594 0.084375 0.135937 0.000102573
1 0.157031 0.953125 0.0484375 0.06875 0.00010299
1 0.505469 0.00546875 0.0890625 0.0109375 0.000105504
1 0.141406 0.00390625 0.0609375 0.0078125 0.000105785
1 0.740625 0.00703125 0.0875 0.0140625 0.000106302
1 0.671875 0.0796875 0.0375 0.053125 0.00010672
0 0.371875 0.291406 0.021875 0.0203125 0.000106998
1 0.254687 0.00859375 0.059375 0.0171875 0.00010766
1 0.338281 0.985156 0.0265625 0.0109375 0.000108955
0 0.385156 0.735156 0.0546875 0.0421875 0.0001107
1 0.182031 0.8875 0.0296875 0.040625 0.000111866
1 0.742188 0.00234375 0.03125 0.0046875 0.000112615
3 0.858594 0.199219 0.0328125 0.0765625 0.000115454
3 0.865625 0.635938 0.06875 0.1125 0.000117651
1 0.167187 0.0046875 0.0625 0.009375 0.000122353
1 0.028125 0.003125 0.046875 0.00625 0.000122533
1 0.377344 0.33125 0.0234375 0.00625 0.000123431
3 0.8375 0.634375 0.021875 0.01875 0.000127547
1 0.289844 0.003125 0.0546875 0.00625 0.000128769
1 0.875 0.953125 0.0375 0.065625 0.00013127
3 0.0601562 0.250781 0.0171875 0.0328125 0.000131616
1 0.728125 0.982031 0.09375 0.0359375 0.000132891
1 0.875 0.953906 0.071875 0.0296875 0.000135826
3 0.819531 0.225 0.0296875 0.053125 0.000138808
1 0.0625 0.003125 0.053125 0.00625 0.000139221
1 0.408594 0.00234375 0.0515625 0.0046875 0.00014053
0 0.85625 0.739844 0.034375 0.0265625 0.00014097
0 0.378125 0.298438 0.028125 0.01875 0.000145547
3 0.836719 0.200781 0.0484375 0.0515625 0.000147728
3 0.817969 0.251563 0.0453125 0.046875 0.000147866
1 0.353125 0.982031 0.0875 0.0359375 0.000149132
3 0.851562 0.636719 0.059375 0.0390625 0.00015167
3 0.614844 0.233594 0.0203125 0.0296875 0.000152288
3 0.832031 0.226562 0.0203125 0.025 0.000152989
0 0.659375 0.55 0.05625 0.096875 0.000153251
3 0.819531 0.224219 0.0484375 0.0296875 0.000155095
3 0.078125 0.233594 0.01875 0.0296875 0.000157305
3 0.0578125 0.775 0.015625 0.028125 0.000160202
1 0.189063 0.967188 0.05 0.059375 0.000161515
1 0.675781 0.00859375 0.0390625 0.0171875 0.000165676
0 0.601562 0.1875 0.059375 0.034375 0.000169476
1 0.480469 0.00234375 0.0546875 0.0046875 0.000170129
1 0.519531 0.989844 0.0546875 0.0109375 0.000174572
1 0.382031 0.333594 0.0265625 0.0078125 0.000182645
3 0.0460938 0.235156 0.0171875 0.0296875 0.00018271
1 0.63125 0.00546875 0.059375 0.0109375 0.000190802
3 0.0460938 0.249219 0.0171875 0.0296875 0.000192368
0 0.84375 0.742188 0.028125 0.025 0.00019335
0 0.375781 0.284375 0.0265625 0.040625 0.000203704
3 0.841406 0.433594 0.0171875 0.0203125 0.000206766
3 0.851562 0.424219 0.015625 0.0296875 0.000215449
1 0.44375 0.00234375 0.053125 0.0046875 0.000216013
3 0.835938 0.201562 0.025 0.071875 0.000217056
1 0.753906 0.00234375 0.0484375 0.0046875 0.000218165
3 0.817187 0.253125 0.021875 0.06875 0.000224253
1 0.521875 0.00234375 0.05 0.0046875 0.000230701
3 0.851562 0.6375 0.03125 0.0625 0.000247875
1 0.375 0.328125 0.0375 0.015625 0.000262497
0 0.394531 0.859375 0.0734375 0.065625 0.000278509
3 0.836719 0.235938 0.0171875 0.028125 0.000281305
1 0.385156 0.332031 0.0453125 0.0140625 0.000281653
3 0.046875 0.220313 0.01875 0.03125 0.000283908
1 0.714063 0.003125 0.053125 0.00625 0.000291027
1 0.559375 0.00234375 0.05 0.0046875 0.000315842
3 0.0585938 0.220313 0.0171875 0.03125 0.000337582
0 0.604688 0.197656 0.0375 0.0296875 0.000339557
1 0.592969 0.003125 0.0546875 0.00625 0.000379044
0 0.371875 0.28125 0.021875 0.021875 0.000383393
0 0.4125 0.830469 0.05 0.0359375 0.00041117
1 0.675 0.0046875 0.05625 0.009375 0.00049597
3 0.0445312 0.775781 0.0171875 0.0265625 0.00052317
3 0.0585938 0.232812 0.0171875 0.03125 0.00055716
1 0.505469 0.980469 0.0515625 0.0234375 0.000853565
0 0.395312 0.813281 0.046875 0.0359375 0.00121092
0 0.389062 0.757031 0.04375 0.0328125 0.00510318
0 0.410937 0.817187 0.05625 0.034375 0.00901754
0 0.395312 0.792188 0.046875 0.03125 0.110897
3 0.611719 0.542969 0.0328125 0.0453125 0.37553
0 0.389844 0.777344 0.0421875 0.0359375 0.699282
1 0.507031 0.9875 0.0515625 0.0125 0.804995
3 0.646875 0.533594 0.021875 0.0390625 0.866091
2 0.611719 0.54375 0.0328125 0.04375 0.919606
