3 0.0617188 0.220313 0.0140625 0.028125 0.000100225
0 0.502344 0.560156 0.0484375 0.0328125 0.00010063
1 0.495313 0.00625 0.084375 0.0125 0.000101564
1 0.832812 0.00390625 0.059375 0.0078125 0.000106619
2 0.900781 0.611719 0.0328125 0.0921875 0.000107116
0 0.667188 0.139062 0.046875 0.040625 0.000108512
3 0.101562 0.232031 0.0125 0.0265625 0.00010907
3 0.0539063 0.68125 0.0359375 0.025 0.00010983
3 0.0476562 0.200781 0.0140625 0.0265625 0.000113603
3 0.653125 0.101562 0.040625 0.034375 0.000116215
3 0.059375 0.235938 0.0125 0.025 0.000119735
1 0.157031 0.942969 0.0484375 0.0734375 0.000120077
0 0.501562 0.585938 0.053125 0.0375 0.000121086
3 0.046875 0.222656 0.0125 0.0265625 0.000123234
1 0.0179687 0.989062 0.0296875 0.00625 0.000124679
1 0.333594 0.00234375 0.0484375 0.0046875 0.000125254
3 0.065625 0.178906 0.0125 0.0265625 0.000125834
1 0.422656 0.980469 0.0953125 0.0390625 0.000125844
1 0.028125 0.003125 0.04375 0.00625 0.000126062
1 0.56875 0.00390625 0.040625 0.0078125 0.000128792
3 0.0625 0.257031 0.0125 0.0234375 0.000136208
1 0.290625 0.00390625 0.053125 0.0078125 0.000138234
1 0.370313 0.00234375 0.05 0.0046875 0.000143502
3 0.0625 0.196875 0.0125 0.028125 0.000144927
3 0.0648438 0.1625 0.0140625 0.028125 0.000146633
0 0.546875 0.873438 0.078125 0.1125 0.000151491
3 0.0210938 0.127344 0.0171875 0.0265625 0.000154777
3 0.689844 0.0914062 0.0328125 0.0671875 0.000155097
3 0.0617188 0.657812 0.0234375 0.05 0.00015937
0 0.4875 0.439844 0.06875 0.0921875 0.000175555
0 0.855469 0.740625 0.0296875 0.025 0.000177609
0 0.84375 0.741406 0.025 0.0234375 0.000181816
3 0.0617188 0.140625 0.0140625 0.03125 0.000195329
0 0.520312 0.433594 0.071875 0.104687 0.000202394
3 0.0609375 0.127344 0.025 0.0703125 0.000203952
1 0.414844 0.003125 0.0359375 0.00625 0.000204072
2 0.68125 0.101562 0.0375 0.0375 0.00020966
1 0.395312 0.00234375 0.034375 0.0046875 0.000219595
1 0.0148437 0.989062 0.0296875 0.0125 0.000238011
1 0.0125 0.991406 0.025 0.0078125 0.000240557
3 0.0617188 0.657812 0.0453125 0.025 0.00024542
3 0.0476562 0.126563 0.0140625 0.03125 0.000254604
3 0.0617188 0.124219 0.0140625 0.0296875 0.000256269
1 0.551562 0.00390625 0.040625 0.0078125 0.000258014
1 0.796094 0.00390625 0.0578125 0.0078125 0.000266412
1 0.483594 0.00234375 0.0546875 0.0046875 0.000277411
0 0.511719 0.563281 0.0640625 0.0765625 0.000286622
3 0.059375 0.15 0.046875 0.090625 0.000315891
1 0.524219 0.00234375 0.0515625 0.0046875 0.000351225
1 0.444531 0.00234375 0.0484375 0.0046875 0.000416459
1 0.0257812 0.985937 0.0515625 0.028125 0.00055571
0 0.489844 0.553906 0.0546875 0.0453125 0.000683272
3 0.669531 0.119531 0.0359375 0.0546875 0.00171798
1 0.575781 0.988281 0.0546875 0.0234375 0.00193847
1 0.583594 0.980469 0.0421875 0.0203125 0.003679
0 0.5 0.528906 0.04375 0.0359375 0.00709171
0 0.496875 0.482031 0.04375 0.0328125 0.0200313
0 0.498437 0.514063 0.040625 0.034375 0.15222
3 0.701563 0.100781 0.0375 0.0484375 0.186563
3 0.684375 0.114844 0.04375 0.0515625 0.444873
0 0.497656 0.498437 0.0390625 0.034375 0.666347
3 0.713281 0.090625 0.0296875 0.0375 0.817116
1 0.585156 0.9875 0.0421875 0.0125 0.819338
2 0.685156 0.115625 0.0453125 0.05 0.884766
