1 0.130469 0.94375 0.0484375 0.071875 0.000100204
1 0.572656 0.0078125 0.0890625 0.015625 0.000100453
1 0.200781 0.0078125 0.0609375 0.015625 0.000100633
3 0.839063 0.264844 0.05625 0.0453125 0.000103717
1 0.740625 0.0078125 0.090625 0.015625 0.000105884
1 0.446094 0.960938 0.0359375 0.059375 0.000106135
1 0.0625 0.003125 0.05625 0.00625 0.0001064
1 0.674219 0.0789063 0.0359375 0.0515625 0.000107619
3 0.801562 0.210938 0.025 0.028125 0.000107779
1 0.415625 0.00234375 0.0375 0.0046875 0.000107931
1 0.028125 0.003125 0.046875 0.00625 0.000108485
0 0.751562 0.63125 0.0625 0.115625 0.000108585
1 0.449219 0.585938 0.0203125 0.009375 0.000111277
3 0.05625 0.688281 0.025 0.0515625 0.00011229
0 0.742188 0.889844 0.090625 0.142188 0.000112509
3 0.05625 0.6875 0.04375 0.03125 0.000113113
1 0.396094 0.003125 0.0359375 0.00625 0.00011455
1 0.507812 0.0046875 0.0875 0.009375 0.000115281
1 0.291406 0.00390625 0.0578125 0.0078125 0.000118592
3 0.442969 0.542188 0.0296875 0.015625 0.000119385
1 0.253906 0.0078125 0.0578125 0.015625 0.000122571
3 0.8125 0.253125 0.028125 0.075 0.000124706
3 0.611719 0.225 0.0328125 0.03125 0.000127273
1 0.332812 0.9875 0.01875 0.015625 0.000131911
3 0.786719 0.254687 0.0234375 0.015625 0.000132918
1 0.657812 0.984375 0.090625 0.03125 0.000134087
1 0.159375 0.947656 0.05 0.0734375 0.000135345
3 0.828125 0.194531 0.03125 0.0734375 0.000137477
3 0.803906 0.266406 0.0546875 0.0390625 0.000138432
1 0.167969 0.0046875 0.0609375 0.009375 0.000144007
1 0.35 0.984375 0.028125 0.0125 0.000146946
1 0.0140625 0.991406 0.028125 0.0078125 0.000153987
3 0.8375 0.266406 0.028125 0.0734375 0.000158173
0 0.510938 0.910156 0.040625 0.0328125 0.000160524
1 0.0132813 0.986719 0.0265625 0.0109375 0.000162942
3 0.43125 0.540625 0.028125 0.0125 0.000175648
3 0.802344 0.267969 0.0296875 0.0609375 0.000176641
1 0.48125 0.00234375 0.053125 0.0046875 0.000178095
1 0.445312 0.959375 0.0625 0.0375 0.000178182
0 0.70625 0.567969 0.05 0.0734375 0.000179334
0 0.371094 0.283594 0.0203125 0.0234375 0.00018809
3 0.763281 0.515625 0.0296875 0.040625 0.000189687
1 0.674219 0.0078125 0.0390625 0.015625 0.000191366
1 0.724219 0.982813 0.0890625 0.034375 0.000198014
1 0.407031 0.53125 0.0484375 0.015625 0.000205665
3 0.614844 0.233594 0.0203125 0.0296875 0.000214725
1 0.75625 0.00234375 0.05 0.0046875 0.000229021
0 0.601562 0.204688 0.04375 0.03125 0.000235056
0 0.505469 0.855469 0.0484375 0.0359375 0.000238225
1 0.441406 0.00234375 0.0515625 0.0046875 0.000243239
1 0.328125 0.975 0.040625 0.021875 0.000255648
1 0.630469 0.0046875 0.0578125 0.009375 0.000267597
3 0.853125 0.2 0.034375 0.06875 0.000272504
1 0.486719 0.985156 0.0890625 0.0296875 0.000272899
1 0.713281 0.003125 0.0546875 0.00625 0.000281037
3 0.796094 0.207813 0.0671875 0.121875 0.000300826
1 0.522656 0.00234375 0.0484375 0.0046875 0.000320792
1 0.605469 0.003125 0.0359375 0.00625 0.000378757
0 0.514844 0.821094 0.0546875 0.0640625 0.000424186
1 0.0289063 0.984375 0.0578125 0.03125 0.000439636
1 0.560156 0.00234375 0.0484375 0.0046875 0.000450117
1 0.588281 0.003125 0.0359375 0.00625 0.00053308
1 0.674219 0.0046875 0.0546875 0.009375 0.000568297
1 0.332031 0.989062 0.0265625 0.009375 0.000658903
1 0.346094 0.983594 0.0703125 0.0296875 0.000822052
1 0.342969 0.988281 0.0265625 0.0078125 0.00119712
1 0.517969 0.978125 0.0390625 0.03125 0.00281198
1 0.338281 0.985937 0.0203125 0.009375 0.00338225
0 0.504687 0.867969 0.040625 0.0296875 0.00696901
0 0.504687 0.896875 0.040625 0.03125 0.0243779
3 0.742969 0.540625 0.0359375 0.040625 0.421167
0 0.503906 0.882031 0.0390625 0.0296875 0.739327
1 0.525781 0.988281 0.0421875 0.0109375 0.843204
3 0.775 0.523438 0.025 0.034375 0.848
2 0.742969 0.539844 0.0359375 0.0390625 0.929513
