3 0.0476562 0.160938 0.0140625 0.028125 0.00010111
1 0.671875 0.0828125 0.0375 0.05625 0.000101956
3 0.0632813 0.271875 0.0109375 0.025 0.000102058
3 0.0632813 0.184375 0.0140625 0.028125 0.000102258
1 0.644531 0.003125 0.0296875 0.00625 0.00010244
3 0.021875 0.141406 0.015625 0.0265625 0.00010286
3 0.053125 0.684375 0.021875 0.053125 0.000103734
3 0.807031 0.64375 0.0140625 0.015625 0.000107036
1 0.729688 0.978906 0.078125 0.0421875 0.000107813
1 0.741406 0.00703125 0.0796875 0.0140625 0.000108722
0 0.500781 0.701563 0.0578125 0.0375 0.00010981
3 0.0445312 0.241406 0.0140625 0.0265625 0.000110236
1 0.0179687 0.989844 0.0265625 0.0078125 0.000110312
0 0.514844 0.707812 0.0765625 0.115625 0.000110562
2 0.864062 0.635938 0.090625 0.065625 0.000112133
3 0.053125 0.684375 0.04375 0.028125 0.000112702
1 0.792969 0.003125 0.0515625 0.00625 0.000113077
1 0.509375 0.00390625 0.075 0.0078125 0.000115584
3 0.0804688 0.120312 0.0203125 0.03125 0.000115707
3 0.846875 0.640625 0.05 0.040625 0.000115958
1 0.326562 0.974219 0.025 0.0421875 0.000118452
1 0.157031 0.945312 0.0484375 0.071875 0.000121469
3 0.05625 0.125781 0.05 0.0421875 0.000124118
3 0.733594 0.232031 0.0171875 0.0609375 0.000127577
0 0.570312 0.907031 0.06875 0.107813 0.000130073
3 0.0476562 0.109375 0.0140625 0.03125 0.000131784
3 0.865625 0.6375 0.05625 0.109375 0.000132835
3 0.0828125 0.255469 0.015625 0.0234375 0.00013314
3 0.0617188 0.107813 0.0140625 0.03125 0.000133372
3 0.0460938 0.141406 0.0140625 0.0296875 0.000133779
1 0.675781 0.00859375 0.0359375 0.0171875 0.000133803
1 0.625 0.003125 0.03125 0.00625 0.000136903
1 0.724219 0.00234375 0.0296875 0.0046875 0.000137648
3 0.811719 0.240625 0.0484375 0.1 0.000139075
3 0.0242187 0.238281 0.0140625 0.0234375 0.000143076
3 0.846094 0.641406 0.0265625 0.0640625 0.000147907
1 0.015625 0.989844 0.03125 0.0140625 0.000150012
1 0.742188 0.00234375 0.028125 0.0046875 0.000150625
1 0.0125 0.9875 0.025 0.0125 0.000150793
1 0.522656 0.00234375 0.0484375 0.0046875 0.000160993
3 0.840625 0.842188 0.025 0.025 0.000162055
3 0.0226563 0.221094 0.0171875 0.0265625 0.000164683
1 0.326562 0.974219 0.040625 0.0234375 0.000169606
1 0.328906 0.9875 0.0265625 0.009375 0.000170382
3 0.0453125 0.221094 0.015625 0.0265625 0.000179598
3 0.0234375 0.124219 0.015625 0.0265625 0.000179863
3 0.0578125 0.126563 0.025 0.06875 0.000183898
0 0.54375 0.867188 0.075 0.10625 0.000186118
3 0.078125 0.195312 0.015625 0.028125 0.000188473
0 0.858594 0.739062 0.0265625 0.021875 0.00020398
3 0.0476562 0.202344 0.0140625 0.0265625 0.000208476
1 0.567187 0.00234375 0.03125 0.0046875 0.000212859
3 0.0617188 0.25625 0.0140625 0.025 0.000216895
0 0.842969 0.741406 0.0234375 0.0234375 0.000222764
1 0.0273438 0.983594 0.0546875 0.0328125 0.000224758
1 0.0132813 0.991406 0.0265625 0.0078125 0.000229891
1 0.604688 0.00234375 0.03125 0.0046875 0.000244113
1 0.632031 0.00546875 0.0578125 0.0109375 0.000248626
1 0.34375 0.988281 0.028125 0.0078125 0.00025178
1 0.5875 0.00234375 0.03125 0.0046875 0.000251911
1 0.549219 0.00234375 0.0328125 0.0046875 0.000266807
2 0.885156 0.621875 0.0515625 0.096875 0.000267589
3 0.0617188 0.197656 0.0140625 0.0265625 0.000272777
1 0.755469 0.00234375 0.0453125 0.0046875 0.000277906
3 0.0578125 0.148438 0.05 0.09375 0.000309265
1 0.59375 0.003125 0.05 0.00625 0.000334379
1 0.716406 0.003125 0.0515625 0.00625 0.000341067
3 0.0601562 0.214844 0.0140625 0.0265625 0.00039111
3 0.046875 0.253125 0.0125 0.025 0.000454892
1 0.675 0.0046875 0.053125 0.009375 0.000479082
1 0.347656 0.982813 0.0734375 0.034375 0.000489304
3 0.0460938 0.125 0.0140625 0.028125 0.00051155
3 0.0601562 0.121875 0.0140625 0.03125 0.000534804
0 0.472656 0.529688 0.0515625 0.046875 0.00209618
1 0.578125 0.979688 0.04375 0.021875 0.00211319
1 0.335938 0.985937 0.021875 0.009375 0.00215284
0 0.464063 0.466406 0.04375 0.0328125 0.00373566
0 0.469531 0.507031 0.0484375 0.0359375 0.00624527
3 0.764063 0.233594 0.0375 0.0453125 0.0860509
0 0.464063 0.49375 0.04375 0.034375 0.119412
0 0.463281 0.479688 0.0421875 0.034375 0.726538
1 0.578125 0.986719 0.04375 0.0109375 0.787924
3 0.798437 0.228906 0.015625 0.0421875 0.800093
2 0.760156 0.232812 0.0265625 0.04375 0.897466
