0 0.966406 0.796875 0.0484375 0.05 0.000100613
0 0.366406 0.66875 0.0203125 0.015625 0.000100822
1 0.398438 0.967969 0.053125 0.0234375 0.000103064
1 0.646094 0.003125 0.0359375 0.00625 0.000103983
3 0.0648438 0.672656 0.0515625 0.0390625 0.000104414
1 0.673437 0.0789063 0.0375 0.0546875 0.000104813
0 0.38125 0.303906 0.03125 0.0203125 0.000107065
1 0.478125 0.969531 0.05 0.0234375 0.000112011
1 0.505469 0.00546875 0.0921875 0.0109375 0.000112332
0 0.985937 0.865625 0.028125 0.075 0.000113769
1 0.025 0.982813 0.03125 0.0125 0.000114946
3 0.0648438 0.673437 0.0296875 0.059375 0.000114992
1 0.742969 0.00859375 0.0921875 0.0171875 0.00011512
1 0.723437 0.003125 0.034375 0.00625 0.000115454
0 0.610937 0.180469 0.059375 0.0421875 0.000115532
1 0.138281 0.003125 0.0609375 0.00625 0.000116188
0 0.746875 0.326562 0.05 0.028125 0.000119652
0 0.382031 0.298438 0.0296875 0.04375 0.000119886
1 0.180469 0.003125 0.0390625 0.00625 0.00012151
1 0.332812 0.00234375 0.053125 0.0046875 0.000122195
1 0.028125 0.003125 0.046875 0.00625 0.000124582
3 0.614844 0.233594 0.0234375 0.0328125 0.000125705
0 0.369531 0.652344 0.0609375 0.0703125 0.000129687
0 0.649219 0.876562 0.0359375 0.0625 0.000131201
1 0.201562 0.00703125 0.059375 0.0140625 0.000132948
3 0.954687 0.8 0.034375 0.03125 0.00013387
1 0.794531 0.003125 0.0546875 0.00625 0.000136111
1 0.336719 0.983594 0.0203125 0.0109375 0.000137324
0 0.357812 0.664062 0.021875 0.040625 0.000139714
1 0.291406 0.003125 0.0578125 0.00625 0.000142048
1 0.0648438 0.003125 0.0546875 0.00625 0.000142399
1 0.398438 0.528125 0.05 0.015625 0.000144485
0 0.651563 0.814844 0.040625 0.0296875 0.000145615
0 0.660937 0.896875 0.04375 0.0625 0.000146367
0 0.747656 0.301562 0.0578125 0.03125 0.000151782
1 0.157813 0.953906 0.05 0.0734375 0.00015615
0 0.739062 0.317969 0.01875 0.0171875 0.000157543
0 0.367969 0.657031 0.0203125 0.0296875 0.00016273
1 0.229687 0.969531 0.059375 0.0359375 0.000162865
0 0.965625 0.797656 0.028125 0.0765625 0.000162926
1 0.674219 0.00859375 0.0390625 0.0171875 0.000167224
0 0.357812 0.664844 0.0375 0.0203125 0.000169186
0 0.747656 0.3 0.0328125 0.05625 0.000169844
1 0.502344 0.982813 0.0828125 0.034375 0.000171137
1 0.482031 0.00234375 0.0546875 0.0046875 0.000171768
0 0.603125 0.239844 0.078125 0.132812 0.000175503
1 0.976562 0.989844 0.0375 0.0140625 0.000176932
1 0.167187 0.00390625 0.059375 0.0078125 0.000180387
1 0.253125 0.00703125 0.05625 0.0140625 0.000187962
0 0.609375 0.221094 0.0375 0.0296875 0.000189182
0 0.657812 0.788281 0.053125 0.0953125 0.000189584
1 0.442969 0.003125 0.0546875 0.00625 0.0001911
0 0.738281 0.307813 0.0265625 0.01875 0.000198019
1 0.523438 0.00234375 0.053125 0.0046875 0.000221256
1 0.378125 0.644531 0.034375 0.0171875 0.000236097
1 0.630469 0.0046875 0.0578125 0.009375 0.000242987
1 0.560156 0.00234375 0.0515625 0.0046875 0.000267828
1 0.714063 0.00390625 0.05625 0.0078125 0.000284182
1 0.96875 0.984375 0.0625 0.028125 0.000291021
1 0.75625 0.00234375 0.05 0.0046875 0.000292601
1 0.605469 0.003125 0.0390625 0.00625 0.000305782
1 0.650781 0.986719 0.0640625 0.0265625 0.000334292
1 0.590625 0.00390625 0.040625 0.0078125 0.000335932
0 0.603125 0.191406 0.075 0.114063 0.000388456
0 0.367188 0.658594 0.028125 0.0171875 0.000413735
1 0.379687 0.325781 0.034375 0.0171875 0.00042558
1 0.369531 0.65625 0.0296875 0.0125 0.000452133
1 0.673437 0.00546875 0.05625 0.0109375 0.000458084
1 0.0140625 0.986719 0.028125 0.0109375 0.000596543
1 0.0148437 0.991406 0.0296875 0.0078125 0.000704763
0 0.6 0.192969 0.053125 0.0328125 0.000813567
1 0.667969 0.980469 0.0390625 0.0234375 0.000969284
0 0.600781 0.203906 0.0421875 0.0296875 0.00106932
1 0.385156 0.328125 0.0234375 0.009375 0.00108924
0 0.649219 0.858594 0.0421875 0.0328125 0.00113073
3 0.953125 0.78125 0.015625 0.034375 0.0012647
0 0.660937 0.854688 0.05625 0.065625 0.00141229
1 0.367969 0.65625 0.0171875 0.009375 0.00144786
1 0.0257812 0.985156 0.0515625 0.0234375 0.00155216
0 0.650781 0.826563 0.0390625 0.028125 0.0111343
0 0.649219 0.847656 0.0390625 0.0296875 0.0724816
3 0.920313 0.776563 0.034375 0.04375 0.403432
3 0.946094 0.786719 0.0234375 0.0390625 0.646812
1 0.671094 0.988281 0.0390625 0.0109375 0.788178
0 0.65 0.836719 0.040625 0.0296875 0.807833
2 0.919531 0.775781 0.0328125 0.0421875 0.898879
