1 0.0617188 0.003125 0.0484375 0.00625 0.000101144
3 0.0523437 0.682031 0.0140625 0.0171875 0.000102165
1 0.186719 0.967969 0.0734375 0.0359375 0.000102711
1 0.325781 0.971875 0.0515625 0.025 0.000102725
1 0.624219 0.003125 0.0328125 0.00625 0.000104073
1 0.409375 0.00234375 0.05 0.0046875 0.000104267
3 0.01875 0.125781 0.015625 0.0265625 0.000105156
3 0.0203125 0.200781 0.015625 0.0265625 0.000105158
1 0.201562 0.0078125 0.059375 0.015625 0.000105318
0 0.459375 0.871094 0.078125 0.110937 0.000105511
1 0.742188 0.00234375 0.03125 0.0046875 0.000106133
1 0.605469 0.79375 0.0265625 0.0125 0.000106517
3 0.0617188 0.220313 0.0140625 0.028125 0.000109098
0 0.377344 0.55625 0.0671875 0.109375 0.000110393
1 0.18125 0.888281 0.028125 0.0390625 0.000110624
1 0.504687 0.0046875 0.08125 0.009375 0.000110803
3 0.0609375 0.653906 0.046875 0.0296875 0.000112153
3 0.822656 0.438281 0.0140625 0.0234375 0.000113005
1 0.0273438 0.00390625 0.0421875 0.0078125 0.000113789
1 0.0289063 0.982031 0.0578125 0.0359375 0.000115779
1 0.723437 0.00234375 0.03125 0.0046875 0.000115972
0 0.628125 0.645312 0.028125 0.03125 0.00011718
1 0.167187 0.00390625 0.059375 0.0078125 0.000118181
3 0.8625 0.196875 0.03125 0.075 0.000118519
3 0.065625 0.682813 0.0125 0.01875 0.000123728
3 0.0625 0.241406 0.0125 0.0265625 0.00012485
3 0.0570313 0.682813 0.0171875 0.04375 0.000125057
3 0.835156 0.4375 0.0140625 0.025 0.000126881
1 0.290625 0.003125 0.053125 0.00625 0.000128184
3 0.0195312 0.2375 0.0140625 0.025 0.000128614
0 0.35625 0.449219 0.040625 0.0328125 0.000128711
0 0.428125 0.713281 0.04375 0.0609375 0.000131388
3 0.046875 0.164844 0.015625 0.0265625 0.000133903
3 0.0476562 0.253125 0.0140625 0.025 0.000134867
1 0.675 0.009375 0.0375 0.01875 0.000138262
1 0.186719 0.966406 0.0484375 0.0640625 0.000144596
3 0.0476562 0.217969 0.0140625 0.0265625 0.000146932
3 0.05625 0.682031 0.034375 0.0234375 0.000151267
3 0.046875 0.180469 0.015625 0.0265625 0.000153071
0 0.485156 0.904688 0.0703125 0.115625 0.000157543
3 0.04375 0.125781 0.015625 0.0265625 0.000160337
3 0.0601562 0.178906 0.0140625 0.0265625 0.000164294
0 0.328125 0.491406 0.075 0.0984375 0.000164985
3 0.0648438 0.254687 0.0140625 0.025 0.00016898
1 0.665625 0.984375 0.084375 0.03125 0.000170316
1 0.335938 0.988281 0.021875 0.0078125 0.000176901
1 0.482031 0.00234375 0.0515625 0.0046875 0.000177822
1 0.629687 0.00546875 0.059375 0.0109375 0.000179502
1 0.444531 0.00234375 0.0515625 0.0046875 0.000181581
1 0.254687 0.00625 0.053125 0.0125 0.000182526
3 0.0398437 0.165625 0.0484375 0.090625 0.000189256
2 0.603906 0.790625 0.0265625 0.015625 0.000193367
1 0.755469 0.00234375 0.0484375 0.0046875 0.000197584
0 0.364844 0.488281 0.0703125 0.0609375 0.000200847
1 0.522656 0.00234375 0.0484375 0.0046875 0.000219989
1 0.732031 0.990625 0.0203125 0.00625 0.000224762
1 0.715625 0.00390625 0.05625 0.0078125 0.000257208
1 0.336719 0.985156 0.0234375 0.0109375 0.000263209
1 0.570312 0.00234375 0.034375 0.0046875 0.000263356
1 0.725781 0.985156 0.0703125 0.0296875 0.000263677
1 0.722656 0.990625 0.0203125 0.00625 0.000264433
2 0.885156 0.619531 0.0546875 0.0984375 0.000266473
3 0.536719 0.284375 0.0484375 0.090625 0.000279718
3 0.571094 0.238281 0.0296875 0.0359375 0.000280682
1 0.55 0.00234375 0.034375 0.0046875 0.000283685
1 0.604688 0.003125 0.034375 0.00625 0.000289617
0 0.357031 0.367969 0.0578125 0.0703125 0.000360028
0 0.861719 0.739062 0.0265625 0.021875 0.000379214
1 0.589844 0.003125 0.0359375 0.00625 0.000390341
1 0.675 0.00546875 0.05625 0.0109375 0.000401818
3 0.601562 0.247656 0.03125 0.0453125 0.000410884
0 0.844531 0.740625 0.0234375 0.021875 0.000417943
0 0.35 0.45625 0.0375 0.059375 0.000422984
1 0.500781 0.985937 0.0546875 0.025 0.00119042
3 0.614062 0.258594 0.025 0.0421875 0.00134918
1 0.49375 0.979688 0.040625 0.021875 0.00355503
3 0.619531 0.274219 0.0390625 0.0734375 0.00397399
0 0.348437 0.402344 0.04375 0.0359375 0.00808787
3 0.5875 0.261719 0.03125 0.0453125 0.0429192
0 0.35 0.435937 0.040625 0.034375 0.0468592
0 0.348437 0.41875 0.040625 0.034375 0.698417
3 0.620313 0.266406 0.01875 0.0421875 0.793705
1 0.492969 0.986719 0.0421875 0.0109375 0.800783
2 0.586719 0.261719 0.0296875 0.0453125 0.876342
