3 0.83125 0.1625 0.034375 0.06875 0.0001002
1 0.028125 0.00390625 0.05 0.0078125 0.000101877
3 0.101562 0.25 0.01875 0.028125 0.000103598
0 0.661719 0.553906 0.0609375 0.110937 0.000104689
1 0.332812 0.00234375 0.053125 0.0046875 0.000105654
1 0.291406 0.00390625 0.0578125 0.0078125 0.000107134
1 0.0304688 0.982031 0.0609375 0.0359375 0.000107457
1 0.182031 0.888281 0.0296875 0.0390625 0.000107646
3 0.809375 0.248437 0.025 0.08125 0.000110866
3 0.0601562 0.234375 0.0171875 0.028125 0.000111607
1 0.35625 0.982031 0.090625 0.0359375 0.00011177
1 0.742969 0.00703125 0.0890625 0.0140625 0.000112429
1 0.408594 0.003125 0.0546875 0.00625 0.000113862
3 0.821094 0.209375 0.0234375 0.03125 0.000116096
0 0.400781 0.828125 0.0515625 0.03125 0.000117436
3 0.822656 0.163281 0.0234375 0.0234375 0.000119178
1 0.505469 0.0046875 0.0859375 0.009375 0.000127091
1 0.1875 0.967188 0.05 0.0625 0.000127428
3 0.808594 0.210156 0.0234375 0.0234375 0.000130101
1 0.725781 0.982031 0.0953125 0.0359375 0.000132504
2 0.867188 0.422656 0.065625 0.117188 0.000133575
3 0.0820312 0.250781 0.0203125 0.0265625 0.000135188
3 0.814844 0.215625 0.0296875 0.075 0.000137755
3 0.845312 0.639844 0.021875 0.0203125 0.000139819
1 0.675781 0.009375 0.0390625 0.01875 0.000145697
3 0.851562 0.635938 0.05625 0.04375 0.00015187
3 0.828906 0.196094 0.0328125 0.0828125 0.000154722
0 0.85625 0.738281 0.034375 0.0265625 0.000155185
3 0.0453125 0.254687 0.015625 0.028125 0.000156234
3 0.046875 0.201562 0.021875 0.03125 0.000164513
3 0.059375 0.253125 0.015625 0.028125 0.000171882
0 0.604688 0.182031 0.08125 0.129688 0.000176057
3 0.0476562 0.217187 0.0203125 0.03125 0.000177931
1 0.628906 0.00546875 0.0609375 0.0109375 0.000180068
3 0.851562 0.636719 0.03125 0.0640625 0.000187778
0 0.84375 0.740625 0.028125 0.025 0.000191382
1 0.482812 0.00234375 0.053125 0.0046875 0.000205974
1 0.445312 0.00234375 0.053125 0.0046875 0.000219559
3 0.617188 0.234375 0.01875 0.03125 0.000227289
1 0.755469 0.00234375 0.0484375 0.0046875 0.000229632
1 0.521875 0.00234375 0.05 0.0046875 0.000256284
1 0.714844 0.00390625 0.0546875 0.0078125 0.000268843
0 0.392188 0.853906 0.071875 0.101562 0.000291237
1 0.559375 0.00234375 0.05 0.0046875 0.000293806
1 0.592188 0.003125 0.05625 0.00625 0.000304348
0 0.603906 0.1875 0.0578125 0.034375 0.000312937
0 0.605469 0.196875 0.0390625 0.034375 0.000342055
1 0.675 0.00546875 0.05625 0.0109375 0.00037804
0 0.385938 0.74375 0.04375 0.046875 0.000391252
1 0.502344 0.980469 0.0515625 0.0234375 0.000650731
0 0.4 0.814844 0.05 0.0328125 0.00188436
0 0.414062 0.819531 0.05625 0.0484375 0.00432526
0 0.39375 0.802344 0.046875 0.0328125 0.0129812
0 0.380469 0.757031 0.0421875 0.0328125 0.0590443
0 0.385938 0.788281 0.04375 0.0328125 0.256367
3 0.610937 0.541406 0.03125 0.0453125 0.356931
0 0.382031 0.771094 0.0453125 0.0359375 0.701652
1 0.502344 0.9875 0.0515625 0.0125 0.822144
3 0.647656 0.532031 0.0203125 0.0390625 0.846745
2 0.610156 0.540625 0.0296875 0.04375 0.920599
