1 0.0148437 0.989844 0.0296875 0.0140625 0.000100254
1 0.0125 0.9875 0.025 0.0125 0.000100545
1 0.671094 0.0820312 0.0359375 0.0578125 0.000100569
3 0.0234375 0.166406 0.015625 0.0296875 0.000102956
3 0.0226563 0.292969 0.0140625 0.0265625 0.000104123
1 0.392188 0.10625 0.059375 0.021875 0.000105445
3 0.0460938 0.114063 0.0140625 0.034375 0.00010594
3 0.040625 0.700781 0.015625 0.0265625 0.000106012
1 0.703906 0.003125 0.0296875 0.00625 0.000107277
3 0.0796875 0.752344 0.015625 0.0234375 0.000107489
3 0.0765625 0.18125 0.01875 0.03125 0.000110002
0 0.451562 0.367969 0.071875 0.107813 0.00011025
3 0.0421875 0.684375 0.03125 0.03125 0.000111724
3 0.053125 0.646875 0.0125 0.015625 0.000111766
1 0.875781 0.953906 0.0359375 0.0671875 0.000112066
3 0.0429688 0.238281 0.0140625 0.0296875 0.000114312
1 0.407813 0.00234375 0.05 0.0046875 0.000114781
3 0.059375 0.29375 0.0125 0.028125 0.000114907
1 0.874219 0.954687 0.0703125 0.03125 0.000115125
1 0.350781 0.979688 0.0953125 0.040625 0.000115152
3 0.0539063 0.657812 0.0171875 0.05 0.000116629
3 0.0078125 0.435156 0.015625 0.0484375 0.000116966
1 0.794531 0.00234375 0.0515625 0.0046875 0.000117669
1 0.732813 0.98125 0.096875 0.0375 0.000117981
3 0.859375 0.639844 0.021875 0.0765625 0.000119276
3 0.0789063 0.200781 0.0171875 0.0328125 0.000119811
1 0.0125 0.991406 0.025 0.0078125 0.000120594
3 0.0117188 0.434375 0.0234375 0.028125 0.000122568
3 0.0414063 0.686719 0.0140625 0.0203125 0.00012361
3 0.0585938 0.277344 0.0109375 0.0296875 0.000125147
0 0.536719 0.869531 0.0734375 0.107813 0.000126107
2 0.865625 0.632031 0.0875 0.0640625 0.000126467
3 0.04375 0.257812 0.0125 0.028125 0.000132096
1 0.158594 0.939844 0.0484375 0.0734375 0.000134243
3 0.0539063 0.657031 0.0359375 0.0296875 0.000135551
3 0.85 0.6375 0.05 0.04375 0.00013598
1 0.507812 0.00390625 0.075 0.0078125 0.000136843
3 0.0640625 0.315625 0.0125 0.021875 0.000138579
3 0.660937 0.250781 0.025 0.0359375 0.00013921
1 0.676562 0.009375 0.0375 0.01875 0.000140969
3 0.0445312 0.147656 0.0140625 0.0328125 0.000144599
3 0.0453125 0.292969 0.0125 0.0265625 0.000145357
3 0.0226563 0.260156 0.0140625 0.0265625 0.000146268
3 0.0984375 0.239063 0.0125 0.03125 0.000149135
3 0.059375 0.183594 0.015625 0.0328125 0.000150845
3 0.0195312 0.70625 0.0171875 0.025 0.000151954
1 0.742188 0.00234375 0.03125 0.0046875 0.000152558
3 0.0226563 0.142969 0.0140625 0.0296875 0.000154801
3 0.0476562 0.165625 0.0140625 0.03125 0.000155102
3 0.0421875 0.685156 0.015625 0.0484375 0.000156032
0 0.458594 0.583594 0.0578125 0.0359375 0.000156449
3 0.0460938 0.757812 0.0140625 0.025 0.000157304
3 0.0585938 0.815625 0.0171875 0.03125 0.000159344
1 0.632031 0.00625 0.0609375 0.0125 0.000160331
3 0.0164062 0.125 0.0234375 0.078125 0.00016287
3 0.865625 0.633594 0.053125 0.104687 0.000163524
1 0.592969 0.0046875 0.0515625 0.009375 0.000169372
3 0.059375 0.2375 0.0125 0.03125 0.000172087
0 0.860156 0.738281 0.0296875 0.0234375 0.000176066
1 0.724219 0.00234375 0.0296875 0.0046875 0.000183991
3 0.0445312 0.847656 0.0203125 0.0296875 0.000187706
3 0.849219 0.638281 0.0265625 0.0671875 0.000189062
3 0.0578125 0.832031 0.01875 0.0328125 0.000197132
3 0.0648438 0.753125 0.0140625 0.025 0.000198964
3 0.0445312 0.220313 0.0140625 0.03125 0.000200185
3 0.0789063 0.272656 0.0140625 0.0234375 0.000203277
3 0.0210938 0.127344 0.0140625 0.0296875 0.000209787
0 0.399219 0.501562 0.0734375 0.0625 0.000212583
3 0.0539063 0.126563 0.0453125 0.046875 0.000221419
0 0.458594 0.56875 0.0453125 0.028125 0.000226369
3 0.0585938 0.200781 0.0140625 0.0328125 0.000228334
3 0.0234375 0.202344 0.015625 0.0296875 0.000235489
1 0.604688 0.003125 0.034375 0.00625 0.00023587
0 0.571875 0.967969 0.04375 0.0484375 0.000238799
1 0.514063 0.00234375 0.034375 0.0046875 0.000241137
3 0.0460938 0.201562 0.0140625 0.03125 0.000242675
0 0.560938 0.904688 0.06875 0.1125 0.000249232
1 0.44375 0.00234375 0.05 0.0046875 0.000249732
3 0.021875 0.692187 0.0125 0.021875 0.000253009
3 0.0195312 0.830469 0.0203125 0.0296875 0.000254643
1 0.482812 0.00234375 0.05 0.0046875 0.000259286
0 0.844531 0.739844 0.0234375 0.0234375 0.000263205
3 0.0476562 0.182031 0.0140625 0.0296875 0.000267226
1 0.578906 0.985937 0.0859375 0.028125 0.000295041
0 0.45625 0.55625 0.065625 0.06875 0.000296366
1 0.755469 0.00234375 0.0453125 0.0046875 0.000303801
1 0.588281 0.003125 0.0328125 0.00625 0.000318323
3 0.0476562 0.155469 0.0640625 0.117188 0.00032673
2 0.883594 0.620313 0.0546875 0.096875 0.000329194
1 0.56875 0.00234375 0.034375 0.0046875 0.000337704
3 0.0398437 0.29375 0.0390625 0.096875 0.000367288
1 0.532031 0.00234375 0.0359375 0.0046875 0.000371615
1 0.716406 0.003125 0.0515625 0.00625 0.000387395
3 0.0546875 0.126563 0.025 0.071875 0.000402983
3 0.0195312 0.817969 0.0203125 0.0296875 0.000411392
3 0.0453125 0.830469 0.01875 0.0296875 0.00042362
3 0.0445312 0.276563 0.0109375 0.025 0.000448622
1 0.675781 0.00546875 0.0546875 0.0109375 0.000451774
1 0.55 0.00234375 0.034375 0.0046875 0.000475696
3 0.015625 0.698438 0.01875 0.04375 0.000481495
3 0.0585938 0.125781 0.0140625 0.0328125 0.000539936
3 0.0476562 0.817187 0.0171875 0.028125 0.000546747
3 0.0796875 0.239063 0.0125 0.028125 0.000565028
3 0.0453125 0.128125 0.0125 0.03125 0.000652914
0 0.428125 0.470313 0.04375 0.03125 0.000741414
3 0.0484375 0.830469 0.040625 0.0890625 0.000968933
0 0.438281 0.480469 0.0484375 0.0359375 0.000988535
3 0.0242187 0.699219 0.0265625 0.0328125 0.00253782
1 0.567969 0.979688 0.0421875 0.021875 0.00483053
0 0.433594 0.421094 0.0421875 0.0296875 0.034199
0 0.430469 0.44375 0.0390625 0.03125 0.0504617
3 0.690625 0.246094 0.034375 0.0453125 0.413946
0 0.43125 0.432031 0.040625 0.0328125 0.716999
3 0.725781 0.249219 0.0234375 0.0421875 0.821811
1 0.567969 0.986719 0.0421875 0.0109375 0.828722
2 0.690625 0.245312 0.03125 0.04375 0.892606
