0 0.742969 0.890625 0.0921875 0.140625 0.000100869
1 0.130469 0.945312 0.0484375 0.071875 0.000102806
1 0.389844 0.330469 0.0265625 0.0109375 0.000102842
3 0.434375 0.539062 0.028125 0.0125 0.000105344
1 0.502344 0.00546875 0.0921875 0.0109375 0.000106835
0 0.372656 0.65 0.0328125 0.05 0.00010779
1 0.741406 0.0078125 0.0921875 0.015625 0.000108277
1 0.396094 0.33125 0.0515625 0.015625 0.000109148
1 0.233594 0.96875 0.0609375 0.034375 0.000110455
1 0.141406 0.00390625 0.0609375 0.0078125 0.000110631
1 0.0273438 0.00390625 0.0484375 0.0078125 0.00011142
1 0.167187 0.003125 0.040625 0.00625 0.000114008
0 0.613281 0.20625 0.0421875 0.071875 0.000116989
1 0.253125 0.009375 0.0375 0.01875 0.000117967
1 0.794531 0.003125 0.0578125 0.00625 0.000121239
0 0.749219 0.301562 0.0609375 0.040625 0.000124613
1 0.200781 0.00625 0.0609375 0.0125 0.000126929
1 0.0632813 0.003125 0.0546875 0.00625 0.00012813
1 0.674219 0.08125 0.0359375 0.05625 0.000128696
0 0.371875 0.652344 0.053125 0.0265625 0.000130158
0 0.369531 0.667188 0.0296875 0.053125 0.000130654
1 0.407813 0.003125 0.05625 0.00625 0.000134101
1 0.157813 0.949219 0.05 0.0703125 0.000137754
0 0.749219 0.300781 0.0359375 0.0640625 0.000139342
1 0.371094 0.003125 0.0546875 0.00625 0.000141275
3 0.616406 0.235156 0.0203125 0.0328125 0.000142828
3 0.444531 0.540625 0.0265625 0.015625 0.000149258
0 0.36875 0.667969 0.046875 0.0296875 0.000150687
1 0.335938 0.984375 0.025 0.0125 0.000150895
3 0.698438 0.648438 0.040625 0.059375 0.000151526
1 0.333594 0.00234375 0.0515625 0.0046875 0.000152388
1 0.167187 0.00390625 0.059375 0.0078125 0.0001557
1 0.290625 0.003125 0.05625 0.00625 0.000158277
0 0.602344 0.183594 0.0859375 0.129688 0.000161548
1 0.0132813 0.990625 0.0265625 0.00625 0.000181732
1 0.676562 0.0078125 0.040625 0.015625 0.000182404
1 0.0132813 0.986719 0.0265625 0.0109375 0.000206032
1 0.482031 0.00234375 0.0546875 0.0046875 0.000206218
1 0.604688 0.003125 0.040625 0.00625 0.000210642
0 0.36875 0.664844 0.028125 0.0203125 0.000213343
1 0.444531 0.003125 0.0546875 0.00625 0.000229149
1 0.252344 0.00625 0.0546875 0.0125 0.000239107
1 0.75625 0.003125 0.053125 0.00625 0.000244222
1 0.590625 0.00390625 0.040625 0.0078125 0.000254266
1 0.630469 0.0046875 0.0609375 0.009375 0.000256241
1 0.522656 0.00234375 0.0515625 0.0046875 0.000258308
1 0.664844 0.984375 0.0921875 0.03125 0.000259146
3 0.634375 0.666406 0.053125 0.0609375 0.000261202
0 0.6 0.1875 0.059375 0.034375 0.000271839
1 0.560156 0.003125 0.0546875 0.00625 0.000273762
1 0.721094 0.984375 0.0890625 0.03125 0.000277744
0 0.369531 0.675781 0.0265625 0.0234375 0.000295587
1 0.714063 0.003125 0.05625 0.00625 0.000336312
1 0.028125 0.983594 0.05625 0.0328125 0.000415019
0 0.603125 0.196094 0.040625 0.0328125 0.000477829
2 0.657031 0.678125 0.0390625 0.040625 0.000509656
1 0.675781 0.0046875 0.0578125 0.009375 0.000524495
1 0.4875 0.973437 0.04375 0.021875 0.00060109
1 0.478906 0.986719 0.0515625 0.0140625 0.00362131
0 0.482031 0.921875 0.0453125 0.034375 0.00409111
3 0.669531 0.670313 0.0390625 0.040625 0.45502
0 0.482031 0.932813 0.0421875 0.03125 0.831718
1 0.501562 0.9875 0.046875 0.0125 0.84028
3 0.705469 0.649219 0.0265625 0.0328125 0.852975
2 0.669531 0.669531 0.0390625 0.0421875 0.876599
