1 0.0289063 0.003125 0.0453125 0.00625 0.000100666
3 0.0625 0.659375 0.01875 0.05625 0.000102147
3 0.0648438 0.278125 0.0109375 0.025 0.000102931
3 0.126563 0.254687 0.015625 0.025 0.000104733
1 0.0117188 0.991406 0.0234375 0.0078125 0.000105437
3 0.0257812 0.685938 0.0109375 0.01875 0.00010622
0 0.496094 0.457812 0.0390625 0.05625 0.000106623
0 0.490625 0.585156 0.05625 0.0390625 0.000106952
3 0.0484375 0.700781 0.015625 0.0265625 0.000110407
3 0.104687 0.251563 0.015625 0.025 0.000112481
3 0.0539063 0.689062 0.0171875 0.05 0.000113142
3 0.0453125 0.254687 0.0125 0.028125 0.000114231
3 0.0546875 0.689062 0.03125 0.03125 0.000114249
1 0.592188 0.00546875 0.05625 0.0109375 0.000117478
0 0.571875 0.901563 0.06875 0.1125 0.000118059
1 0.326562 0.972656 0.04375 0.0234375 0.000118629
1 0.344531 0.988281 0.0234375 0.0078125 0.00012022
1 0.441406 0.0046875 0.0734375 0.009375 0.000120752
1 0.157031 0.944531 0.0484375 0.0734375 0.000120872
1 0.8625 0.00390625 0.059375 0.0078125 0.000121071
3 0.0632813 0.107813 0.0140625 0.034375 0.000124569
1 0.409375 0.00234375 0.05 0.0046875 0.000125054
3 0.021875 0.125 0.015625 0.028125 0.000125176
3 0.0453125 0.235156 0.0125 0.0265625 0.000126403
1 0.50625 0.0046875 0.071875 0.009375 0.000128818
1 0.857813 0.003125 0.034375 0.00625 0.000130589
1 0.0304688 0.982031 0.0609375 0.0359375 0.000131456
3 0.0625 0.683594 0.0125 0.0203125 0.000135198
3 0.0625 0.659375 0.04375 0.03125 0.000136214
3 0.046875 0.145313 0.015625 0.03125 0.00013698
3 0.0828125 0.236719 0.0125 0.0265625 0.000137743
3 0.757031 0.146094 0.0359375 0.0421875 0.000138775
1 0.603906 0.00390625 0.0359375 0.0078125 0.000139487
3 0.0679687 0.292969 0.0109375 0.0234375 0.000142291
3 0.0476562 0.292188 0.0390625 0.10625 0.000142641
3 0.021875 0.202344 0.015625 0.0265625 0.000145157
3 0.849219 0.638281 0.0484375 0.0390625 0.000146461
3 0.0625 0.161719 0.015625 0.0296875 0.000147892
3 0.0796875 0.219531 0.015625 0.0296875 0.000147949
0 0.505469 0.617188 0.0671875 0.103125 0.00015403
0 0.5375 0.786719 0.05625 0.0359375 0.000154973
3 0.0796875 0.122656 0.021875 0.0359375 0.000156873
3 0.244531 0.274219 0.0140625 0.0171875 0.000157155
3 0.0226563 0.235938 0.0140625 0.025 0.000157405
3 0.0601562 0.126563 0.0484375 0.053125 0.000158442
3 0.0640625 0.203906 0.0125 0.0296875 0.000160754
3 0.0601562 0.153906 0.0640625 0.110937 0.000161313
0 0.479688 0.448438 0.059375 0.08125 0.000161691
3 0.0398437 0.703125 0.0390625 0.046875 0.000162556
3 0.0476562 0.204688 0.0140625 0.028125 0.000164601
1 0.675 0.00703125 0.065625 0.0140625 0.000168044
3 0.103906 0.2375 0.0140625 0.025 0.000170592
3 0.848437 0.639063 0.025 0.0625 0.000172622
2 0.889844 0.621875 0.0859375 0.0625 0.000172659
3 0.0820312 0.275781 0.0109375 0.0234375 0.000176985
0 0.546875 0.867969 0.075 0.107813 0.000187515
3 0.711719 0.120312 0.0359375 0.0375 0.000188902
1 0.349219 0.98125 0.0859375 0.0375 0.000194724
0 0.859375 0.739062 0.028125 0.021875 0.000203507
1 0.710938 0.00546875 0.059375 0.0109375 0.000205403
3 0.0460938 0.126563 0.0140625 0.03125 0.000207798
3 0.0226563 0.219531 0.0140625 0.0265625 0.000210191
2 0.8875 0.603125 0.0625 0.125 0.000214149
1 0.755469 0.0046875 0.0578125 0.009375 0.000216545
3 0.059375 0.126563 0.025 0.075 0.000222963
3 0.046875 0.21875 0.0125 0.028125 0.00028584
2 0.726562 0.147656 0.059375 0.0640625 0.000299029
3 0.0625 0.214062 0.0125 0.028125 0.000301665
1 0.445312 0.00234375 0.046875 0.0046875 0.00030422
0 0.842969 0.740625 0.0234375 0.021875 0.000306183
1 0.589063 0.00390625 0.0375 0.0078125 0.000311896
1 0.798437 0.00390625 0.053125 0.0078125 0.000339391
3 0.0609375 0.232031 0.0125 0.0265625 0.000348798
1 0.570312 0.003125 0.0375 0.00625 0.000357819
1 0.482812 0.00234375 0.046875 0.0046875 0.000367778
1 0.832812 0.003125 0.05 0.00625 0.000369794
1 0.522656 0.00234375 0.0453125 0.0046875 0.00048618
2 0.751562 0.142969 0.03125 0.0390625 0.00048642
1 0.55 0.00234375 0.0375 0.0046875 0.000505613
3 0.0617188 0.125781 0.0140625 0.0296875 0.000605705
2 0.723437 0.1625 0.078125 0.11875 0.000720019
1 0.3375 0.985156 0.01875 0.0109375 0.000820388
1 0.578125 0.979688 0.04375 0.021875 0.0024615
0 0.484375 0.544531 0.04375 0.0328125 0.0025489
0 0.484375 0.488281 0.040625 0.0328125 0.0222802
0 0.482812 0.517187 0.040625 0.03125 0.0315786
3 0.740625 0.149219 0.04375 0.0421875 0.22349
0 0.482812 0.500781 0.040625 0.0328125 0.688509
1 0.579687 0.986719 0.04375 0.0109375 0.779039
3 0.76875 0.135937 0.021875 0.034375 0.823091
2 0.735156 0.151562 0.0359375 0.04375 0.946387
