1 0.672656 0.0796875 0.0359375 0.05625 0.000100108
1 0.157031 0.95625 0.0484375 0.06875 0.000100116
1 0.664062 0.003125 0.034375 0.00625 0.000101824
1 0.185156 0.88125 0.0921875 0.084375 0.000103196
1 0.371094 0.003125 0.0546875 0.00625 0.000104149
1 0.0164062 0.989844 0.0328125 0.0140625 0.000104969
3 0.0195312 0.702344 0.0171875 0.0296875 0.000105279
1 0.101562 0.003125 0.059375 0.00625 0.000105755
1 0.414844 0.003125 0.0390625 0.00625 0.000107068
3 0.0789063 0.253125 0.0171875 0.028125 0.00010764
3 0.0382813 0.71875 0.0203125 0.065625 0.000107751
1 0.165625 0.003125 0.0375 0.00625 0.00010918
3 0.0609375 0.179688 0.021875 0.03125 0.000109346
1 0.334375 0.9875 0.025 0.01875 0.000111149
1 0.682813 0.003125 0.034375 0.00625 0.00011212
0 0.391406 0.791406 0.0796875 0.0734375 0.000114168
1 0.180469 0.8875 0.0296875 0.040625 0.000115731
1 0.792969 0.003125 0.0546875 0.00625 0.000118723
1 0.132812 0.009375 0.1 0.01875 0.000118931
1 0.2 0.00703125 0.059375 0.0140625 0.00011925
1 0.646094 0.003125 0.0359375 0.00625 0.000119978
1 0.439844 0.225781 0.0609375 0.0234375 0.000120855
1 0.741406 0.0078125 0.0890625 0.015625 0.000121059
1 0.180469 0.003125 0.0390625 0.00625 0.000121664
1 0.571875 0.0078125 0.0875 0.015625 0.000121794
1 0.188281 0.967969 0.0484375 0.0609375 0.000122821
0 0.502344 0.878125 0.0734375 0.096875 0.000123962
1 0.396094 0.003125 0.0390625 0.00625 0.000124112
0 0.391406 0.735937 0.0421875 0.065625 0.000124678
3 0.0382813 0.829687 0.0234375 0.028125 0.00012641
1 0.0265625 0.003125 0.046875 0.00625 0.000127044
3 0.0476562 0.222656 0.0203125 0.0296875 0.000127479
3 0.05 0.29375 0.046875 0.115625 0.000130184
1 0.333594 0.00234375 0.0515625 0.0046875 0.000130291
1 0.139844 0.003125 0.0609375 0.00625 0.000132238
0 0.461719 0.867969 0.0828125 0.117188 0.000134044
3 0.0484375 0.2375 0.015625 0.028125 0.000137708
3 0.0429688 0.700781 0.0171875 0.0265625 0.000139337
1 0.726562 0.982031 0.1 0.0359375 0.000139948
3 0.814062 0.250781 0.053125 0.0421875 0.000142243
3 0.839063 0.240625 0.01875 0.025 0.000143386
0 0.604688 0.721875 0.08125 0.134375 0.000145838
3 0.059375 0.252344 0.015625 0.0296875 0.000147471
0 0.416406 0.632031 0.0703125 0.117188 0.000149837
1 0.514063 0.00234375 0.0375 0.0046875 0.000152177
0 0.425 0.761719 0.084375 0.0484375 0.000158108
1 0.0625 0.003125 0.053125 0.00625 0.000160352
1 0.392188 0.330469 0.04375 0.0140625 0.000162524
3 0.0257812 0.707031 0.0359375 0.0484375 0.000165646
1 0.290625 0.003125 0.05625 0.00625 0.000167707
1 0.509375 0.0046875 0.084375 0.009375 0.000177667
1 0.167187 0.00390625 0.059375 0.0078125 0.000178433
3 0.813281 0.250781 0.0265625 0.0640625 0.000180206
3 0.04375 0.754687 0.015625 0.025 0.000181413
3 0.860937 0.2 0.0625 0.040625 0.000185772
1 0.674219 0.0078125 0.0390625 0.015625 0.000190418
1 0.252344 0.00703125 0.0546875 0.0140625 0.000192403
1 0.482812 0.00234375 0.053125 0.0046875 0.000198667
0 0.402344 0.730469 0.0484375 0.0296875 0.000201461
1 0.441406 0.00234375 0.0546875 0.0046875 0.000210216
3 0.0773437 0.235938 0.0171875 0.028125 0.000222913
0 0.417188 0.750781 0.04375 0.0546875 0.000223313
1 0.378906 0.327344 0.0390625 0.0171875 0.000223813
3 0.860937 0.200781 0.034375 0.0703125 0.000245925
3 0.0601562 0.222656 0.0171875 0.0296875 0.000268994
3 0.0453125 0.253125 0.015625 0.028125 0.00027637
1 0.75625 0.00234375 0.05 0.0046875 0.000278234
3 0.0601562 0.238281 0.0140625 0.0296875 0.00028039
1 0.7125 0.003125 0.05625 0.00625 0.000305195
2 0.6125 0.573438 0.046875 0.0875 0.000312323
3 0.653906 0.589844 0.0453125 0.0671875 0.000315455
1 0.630469 0.00390625 0.0578125 0.0078125 0.000319893
1 0.569531 0.00234375 0.0390625 0.0046875 0.000341357
1 0.532812 0.00234375 0.0375 0.0046875 0.000359413
1 0.60625 0.003125 0.0375 0.00625 0.000373749
1 0.348437 0.988281 0.034375 0.0078125 0.00037926
1 0.590625 0.003125 0.0375 0.00625 0.000384529
1 0.334375 0.988281 0.034375 0.0078125 0.000408214
1 0.386719 0.33125 0.0234375 0.009375 0.000416162
1 0.550781 0.00234375 0.0390625 0.0046875 0.000474068
1 0.674219 0.0046875 0.0546875 0.009375 0.000598504
1 0.348437 0.984375 0.078125 0.03125 0.000775846
0 0.395312 0.671875 0.04375 0.028125 0.00121851
1 0.53125 0.979688 0.05 0.021875 0.00200253
1 0.339844 0.985937 0.0265625 0.009375 0.002273
0 0.398438 0.717969 0.046875 0.0328125 0.00572119
2 0.626562 0.580469 0.040625 0.0453125 0.0255855
0 0.396875 0.705469 0.04375 0.0328125 0.0522117
0 0.390625 0.696094 0.04375 0.0296875 0.0750037
3 0.613281 0.582031 0.0421875 0.0453125 0.430058
0 0.391406 0.683594 0.0421875 0.0328125 0.71272
3 0.642187 0.5875 0.03125 0.040625 0.804593
1 0.534375 0.9875 0.05 0.0125 0.816955
2 0.609375 0.580469 0.034375 0.0453125 0.915005
