1 0.129688 0.940625 0.046875 0.06875 0.000100825
2 0.764844 0.1625 0.0265625 0.040625 0.0001023
1 0.677344 0.0109375 0.0390625 0.021875 0.00010286
0 0.572656 0.903906 0.0703125 0.110937 0.000104231
0 0.471875 0.557031 0.05625 0.0421875 0.000105292
1 0.0117188 0.986719 0.0234375 0.0109375 0.00010537
3 0.0453125 0.239844 0.0125 0.0296875 0.000106093
3 0.0828125 0.275 0.0125 0.025 0.000110709
3 0.850781 0.6375 0.0515625 0.040625 0.000112184
1 0.0148437 0.989062 0.0296875 0.0125 0.00011326
1 0.0125 0.991406 0.025 0.0078125 0.000114174
1 0.670313 0.0867188 0.0375 0.0640625 0.000115526
3 0.0242187 0.178906 0.0171875 0.0265625 0.000118061
3 0.797656 0.158594 0.0203125 0.0296875 0.000118444
1 0.324219 0.971094 0.0484375 0.0265625 0.00011943
1 0.632031 0.00703125 0.0640625 0.0140625 0.000120577
0 0.504687 0.617969 0.06875 0.107813 0.000123103
3 0.059375 0.239063 0.0125 0.028125 0.000123529
3 0.850781 0.638281 0.0265625 0.0640625 0.000123855
3 0.0234375 0.125781 0.015625 0.0265625 0.000125804
1 0.782031 0.00234375 0.0328125 0.0046875 0.000131254
1 0.761719 0.00234375 0.0296875 0.0046875 0.000134051
1 0.741406 0.0125 0.0578125 0.025 0.0001356
1 0.442969 0.00234375 0.0515625 0.0046875 0.000135993
3 0.0226563 0.201562 0.0171875 0.028125 0.000136255
1 0.722656 0.00234375 0.0296875 0.0046875 0.000137165
1 0.157813 0.94375 0.046875 0.071875 0.000138409
3 0.0453125 0.128125 0.015625 0.03125 0.000142554
2 0.894531 0.61875 0.0578125 0.10625 0.000145905
0 0.5375 0.7875 0.059375 0.034375 0.000147172
3 0.0453125 0.271875 0.0125 0.025 0.000156287
1 0.592188 0.0046875 0.053125 0.009375 0.000163689
3 0.0234375 0.221094 0.015625 0.0265625 0.000164615
1 0.482031 0.00234375 0.0515625 0.0046875 0.000167747
0 0.857813 0.739062 0.028125 0.021875 0.000170444
1 0.742188 0.00234375 0.03125 0.0046875 0.000172109
1 0.0296875 0.982031 0.059375 0.0359375 0.000174219
0 0.546875 0.867969 0.075 0.107813 0.000177476
3 0.0609375 0.169531 0.015625 0.0296875 0.000184669
0 0.478906 0.454688 0.0578125 0.071875 0.000190093
1 0.604688 0.003125 0.034375 0.00625 0.000195495
3 0.0625 0.201562 0.015625 0.03125 0.000208298
1 0.830469 0.003125 0.0515625 0.00625 0.000218065
0 0.842188 0.739844 0.025 0.0234375 0.000225618
3 0.0609375 0.1625 0.0625 0.103125 0.000233375
3 0.0484375 0.202344 0.015625 0.0296875 0.000247817
3 0.046875 0.257031 0.0125 0.0265625 0.000256624
1 0.523438 0.00234375 0.046875 0.0046875 0.000273682
3 0.059375 0.122656 0.015625 0.0328125 0.000279445
1 0.676562 0.00625 0.059375 0.0125 0.000286512
1 0.795313 0.003125 0.05 0.00625 0.000293126
1 0.589063 0.003125 0.034375 0.00625 0.000306767
3 0.0476562 0.165625 0.0140625 0.028125 0.000327317
1 0.550781 0.00234375 0.0359375 0.0046875 0.000366378
1 0.569531 0.00234375 0.0359375 0.0046875 0.000379217
3 0.0617188 0.216406 0.0140625 0.0296875 0.000384112
0 0.490625 0.557813 0.04375 0.05 0.000384477
1 0.714844 0.00390625 0.0546875 0.0078125 0.000395617
3 0.0492188 0.180469 0.0140625 0.0265625 0.000413345
3 0.0609375 0.257031 0.0125 0.0265625 0.000423148
1 0.754687 0.003125 0.05 0.00625 0.00042783
3 0.0476562 0.220313 0.0140625 0.028125 0.000434252
3 0.0632813 0.179688 0.0140625 0.028125 0.000765283
3 0.783594 0.164844 0.0265625 0.0390625 0.000982133
0 0.480469 0.539844 0.0453125 0.0328125 0.00179317
1 0.578906 0.980469 0.0453125 0.0203125 0.00302978
0 0.478906 0.4875 0.0421875 0.03125 0.010079
0 0.480469 0.515625 0.0421875 0.034375 0.0127829
3 0.755469 0.172656 0.0328125 0.0453125 0.464925
0 0.478906 0.502344 0.0390625 0.0328125 0.69861
1 0.579687 0.986719 0.04375 0.0109375 0.775039
3 0.789844 0.159375 0.0203125 0.0375 0.813844
2 0.753906 0.171875 0.0328125 0.046875 0.933506
