1 0.369531 0.003125 0.0546875 0.00625 0.000104744
1 0.392969 0.328906 0.0515625 0.0171875 0.000105014
1 0.740625 0.0078125 0.09375 0.015625 0.000105165
1 0.2 0.0078125 0.0625 0.015625 0.000105314
1 0.0273438 0.00390625 0.0484375 0.0078125 0.000106155
1 0.722656 0.00234375 0.0328125 0.0046875 0.000106706
0 0.378906 0.278125 0.0296875 0.021875 0.000108521
1 0.792188 0.003125 0.05625 0.00625 0.000111634
1 0.230469 0.96875 0.0578125 0.034375 0.000111658
1 0.0132813 0.985937 0.0265625 0.0125 0.000113205
1 0.504687 0.00546875 0.090625 0.0109375 0.000114999
1 0.674219 0.0796875 0.0359375 0.05625 0.00011503
1 0.388281 0.328125 0.0234375 0.009375 0.00011851
1 0.646875 0.003125 0.0375 0.00625 0.000118662
1 0.414844 0.003125 0.0390625 0.00625 0.000123592
1 0.167187 0.0046875 0.0625 0.009375 0.000124371
1 0.397656 0.003125 0.0390625 0.00625 0.000129344
0 0.38125 0.303906 0.025 0.0171875 0.000135731
2 0.651563 0.677344 0.040625 0.0390625 0.000149158
3 0.861719 0.199219 0.0359375 0.0671875 0.000153292
1 0.157813 0.954687 0.05 0.071875 0.00015772
0 0.475781 0.928125 0.0609375 0.059375 0.000158157
2 0.867188 0.410156 0.090625 0.0609375 0.000158459
3 0.616406 0.233594 0.0203125 0.0296875 0.000160782
3 0.8625 0.198437 0.0625 0.04375 0.000162308
1 0.669531 0.982813 0.0984375 0.034375 0.000167525
1 0.29375 0.003125 0.05625 0.00625 0.000170176
1 0.340625 0.003125 0.0375 0.00625 0.00018315
1 0.253906 0.00703125 0.0578125 0.0140625 0.000183539
1 0.673437 0.0078125 0.040625 0.015625 0.000186312
1 0.0296875 0.982031 0.059375 0.0359375 0.000193807
1 0.482031 0.00234375 0.0546875 0.0046875 0.000197586
0 0.610937 0.221875 0.034375 0.03125 0.000198577
1 0.755469 0.00234375 0.0515625 0.0046875 0.000237649
1 0.44375 0.00234375 0.053125 0.0046875 0.000245915
1 0.723437 0.983594 0.090625 0.0328125 0.000246286
0 0.475781 0.928906 0.0453125 0.0359375 0.000254266
1 0.522656 0.00234375 0.0515625 0.0046875 0.000269559
1 0.570312 0.003125 0.040625 0.00625 0.000276025
0 0.603906 0.186719 0.0765625 0.117188 0.000277221
1 0.3375 0.985156 0.025 0.0109375 0.000280938
1 0.603906 0.003125 0.0390625 0.00625 0.000299819
0 0.610156 0.204688 0.0390625 0.059375 0.000302118
1 0.630469 0.00390625 0.0578125 0.0078125 0.000302921
1 0.714063 0.003125 0.05625 0.00625 0.000313554
1 0.550781 0.003125 0.0390625 0.00625 0.000334223
1 0.589844 0.003125 0.0390625 0.00625 0.000399081
1 0.672656 0.0046875 0.0546875 0.009375 0.000543077
0 0.603125 0.2 0.040625 0.03125 0.00119323
1 0.478906 0.98125 0.0421875 0.01875 0.0276858
3 0.646094 0.666406 0.0390625 0.0390625 0.221657
1 0.488281 0.9875 0.0453125 0.0125 0.723684
0 0.475781 0.95 0.0421875 0.03125 0.783057
3 0.675781 0.641406 0.0328125 0.0265625 0.852775
2 0.645312 0.666406 0.040625 0.0390625 0.90471
