0 0.371875 0.277344 0.021875 0.0234375 0.000100694
1 0.371094 0.654688 0.0484375 0.01875 0.000100749
1 0.2 0.0078125 0.0625 0.015625 0.000104086
1 0.36875 0.003125 0.053125 0.00625 0.000106313
1 0.015625 0.989844 0.03125 0.0140625 0.000106711
1 0.372656 0.329688 0.0421875 0.01875 0.000107888
1 0.407031 0.003125 0.0546875 0.00625 0.00010893
1 0.664062 0.003125 0.034375 0.00625 0.000109462
1 0.571875 0.0078125 0.090625 0.015625 0.000110106
1 0.742188 0.00859375 0.09375 0.0171875 0.000110721
0 0.604688 0.188281 0.084375 0.132812 0.000110915
0 0.6125 0.222656 0.03125 0.0328125 0.000111592
1 0.502344 0.00546875 0.0921875 0.0109375 0.000113126
1 0.0125 0.986719 0.025 0.0109375 0.000113319
1 0.333594 0.00234375 0.0515625 0.0046875 0.000113427
1 0.792969 0.003125 0.0546875 0.00625 0.000118553
1 0.646094 0.003125 0.0359375 0.00625 0.000118576
0 0.6125 0.209375 0.0375 0.065625 0.000119343
1 0.140625 0.003125 0.0625 0.00625 0.000121097
1 0.336719 0.983594 0.0234375 0.0109375 0.000121252
0 0.614844 0.235156 0.0203125 0.0296875 0.000122248
1 0.385938 0.98125 0.10625 0.0375 0.000127089
1 0.730469 0.982031 0.0953125 0.0359375 0.000135808
1 0.290625 0.003125 0.05625 0.00625 0.000139169
1 0.663281 0.982813 0.101562 0.034375 0.000139791
1 0.253125 0.0078125 0.059375 0.015625 0.000147091
3 0.824219 0.4375 0.0140625 0.021875 0.000150261
1 0.03125 0.982813 0.0625 0.034375 0.00016039
1 0.166406 0.00390625 0.0609375 0.0078125 0.000163822
0 0.457812 0.917969 0.06875 0.0359375 0.000170263
1 0.44375 0.003125 0.05625 0.00625 0.000174136
1 0.673437 0.0078125 0.0375 0.015625 0.000179312
0 0.603125 0.214844 0.0375 0.0328125 0.000183645
3 0.651563 0.710156 0.05 0.0453125 0.000185157
1 0.482031 0.00234375 0.0546875 0.0046875 0.000192969
3 0.740625 0.696094 0.021875 0.0328125 0.000194981
1 0.371875 0.657812 0.021875 0.0125 0.000196791
1 0.522656 0.00234375 0.0515625 0.0046875 0.000218095
0 0.600781 0.189844 0.0578125 0.0328125 0.000223507
1 0.714063 0.00390625 0.05625 0.0078125 0.000273435
1 0.75625 0.00234375 0.05 0.0046875 0.000283293
1 0.560156 0.00234375 0.0515625 0.0046875 0.000294962
1 0.63125 0.0046875 0.05625 0.009375 0.000324163
1 0.59375 0.003125 0.053125 0.00625 0.000381852
0 0.604688 0.202344 0.040625 0.0296875 0.000473873
0 0.454688 0.908594 0.04375 0.0328125 0.000504745
1 0.672656 0.0046875 0.0546875 0.009375 0.000538085
0 0.449219 0.864062 0.0453125 0.034375 0.000887636
1 0.503125 0.988281 0.078125 0.0234375 0.00139102
1 0.483594 0.978906 0.0484375 0.0296875 0.00199006
3 0.709375 0.688281 0.028125 0.0546875 0.00733546
0 0.45 0.896094 0.04375 0.0328125 0.02396
3 0.696094 0.702344 0.0296875 0.0453125 0.304597
1 0.484375 0.992188 0.05 0.0125 0.486343
0 0.445312 0.879687 0.04375 0.03125 0.775353
3 0.732813 0.696094 0.01875 0.0390625 0.781983
1 0.491406 0.988281 0.0484375 0.0109375 0.815117
2 0.695312 0.703125 0.03125 0.04375 0.885403
