1 0.570312 0.0078125 0.090625 0.015625 0.000100276
1 0.132031 0.009375 0.101562 0.01875 0.00010054
1 0.646094 0.003125 0.0359375 0.00625 0.000101674
3 0.810938 0.248437 0.03125 0.075 0.000102174
3 0.0546875 0.682813 0.01875 0.05 0.000102355
1 0.910937 0.921875 0.034375 0.034375 0.0001034
0 0.840625 0.741406 0.03125 0.0265625 0.000103582
3 0.0601562 0.65625 0.0515625 0.028125 0.000103624
1 0.140625 0.003125 0.059375 0.00625 0.00010395
1 0.682813 0.003125 0.034375 0.00625 0.000105569
1 0.722656 0.003125 0.0328125 0.00625 0.000106146
3 0.0546875 0.682813 0.0375 0.028125 0.000107327
1 0.673437 0.0789063 0.0375 0.0515625 0.000107664
1 0.157031 0.951563 0.0484375 0.071875 0.000107952
1 0.180469 0.888281 0.0296875 0.0390625 0.000108063
1 0.73125 0.990625 0.025 0.00625 0.000109097
1 0.0164062 0.989062 0.0328125 0.0125 0.000109245
1 0.0132813 0.986719 0.0265625 0.0109375 0.000110067
1 0.388281 0.332031 0.0296875 0.0109375 0.000110786
1 0.741406 0.0078125 0.0921875 0.015625 0.000111488
1 0.166406 0.003125 0.0390625 0.00625 0.00011196
1 0.200781 0.00703125 0.0609375 0.0140625 0.00011346
1 0.185937 0.96875 0.05 0.0625 0.000116159
0 0.610937 0.221875 0.034375 0.03125 0.000116948
1 0.028125 0.00390625 0.046875 0.0078125 0.000117308
1 0.507812 0.00546875 0.090625 0.0109375 0.000117403
0 0.43125 0.757812 0.05 0.03125 0.000117861
1 0.792969 0.003125 0.0546875 0.00625 0.000117957
0 0.555469 0.908594 0.0890625 0.126563 0.000122288
1 0.370313 0.003125 0.053125 0.00625 0.000122437
1 0.907812 0.886719 0.071875 0.0296875 0.000122774
1 0.407031 0.003125 0.0546875 0.00625 0.00012519
1 0.871875 0.954687 0.06875 0.040625 0.000127848
1 0.182031 0.003125 0.0390625 0.00625 0.00013054
1 0.200781 0.222656 0.0671875 0.0234375 0.000131572
0 0.613281 0.204688 0.0359375 0.03125 0.000133616
1 0.0640625 0.003125 0.053125 0.00625 0.000134462
1 0.873438 0.953906 0.0375 0.0671875 0.000145184
1 0.334375 0.00234375 0.05 0.0046875 0.000145697
1 0.253906 0.00703125 0.0578125 0.0140625 0.000157143
1 0.292188 0.003125 0.05625 0.00625 0.000162548
1 0.167187 0.00390625 0.059375 0.0078125 0.000171178
3 0.858594 0.200781 0.0359375 0.0671875 0.00018787
0 0.514063 0.86875 0.075 0.1 0.000190549
1 0.674219 0.0078125 0.0390625 0.015625 0.000194822
1 0.732031 0.982813 0.0953125 0.034375 0.000199642
3 0.857813 0.200781 0.0625 0.0453125 0.000201565
3 0.835156 0.201562 0.0546875 0.0375 0.000208225
1 0.482031 0.00234375 0.0546875 0.0046875 0.000221225
1 0.442969 0.00234375 0.0546875 0.0046875 0.000222184
1 0.378906 0.330469 0.0421875 0.0171875 0.000224256
1 0.529688 0.226562 0.046875 0.015625 0.000229427
2 0.629687 0.6 0.03125 0.034375 0.000248965
1 0.75625 0.00234375 0.05 0.0046875 0.000251983
1 0.0289063 0.983594 0.0578125 0.0328125 0.000261865
1 0.629687 0.0046875 0.05625 0.009375 0.000284445
3 0.834375 0.201562 0.03125 0.0625 0.000286652
0 0.428125 0.717188 0.075 0.090625 0.00029304
1 0.713281 0.003125 0.0546875 0.00625 0.000318587
1 0.524219 0.00234375 0.0484375 0.0046875 0.000332626
1 0.605469 0.003125 0.0390625 0.00625 0.000343311
1 0.569531 0.003125 0.0390625 0.00625 0.000355314
1 0.552344 0.00234375 0.0390625 0.0046875 0.000392967
1 0.589844 0.003125 0.0390625 0.00625 0.000434812
1 0.674219 0.0046875 0.0546875 0.009375 0.000567798
0 0.419531 0.738281 0.0453125 0.0421875 0.00202534
1 0.545313 0.980469 0.05 0.0203125 0.00282903
0 0.417969 0.725 0.0453125 0.03125 0.00416286
0 0.411719 0.680469 0.0453125 0.0328125 0.0297668
3 0.645312 0.595312 0.040625 0.04375 0.402443
0 0.4125 0.707031 0.04375 0.0328125 0.410818
0 0.410937 0.69375 0.04375 0.034375 0.67797
1 0.546875 0.986719 0.05 0.0109375 0.834404
3 0.676562 0.602344 0.03125 0.0421875 0.878382
2 0.642187 0.595312 0.03125 0.04375 0.890901
