0 0.54375 0.800781 0.046875 0.0265625 0.000100032
1 0.575781 0.00859375 0.0953125 0.0171875 0.00010047
1 0.910156 0.924219 0.0359375 0.0328125 0.000100613
1 0.374219 0.323438 0.0421875 0.021875 0.00010287
1 0.519531 0.990625 0.0453125 0.0125 0.000103573
1 0.632031 0.0078125 0.0421875 0.015625 0.000105817
0 0.609375 0.235938 0.034375 0.03125 0.000106502
1 0.684375 0.003125 0.034375 0.00625 0.000106713
0 0.373437 0.65 0.03125 0.053125 0.000107248
1 0.646094 0.003125 0.0359375 0.00625 0.000107321
0 0.492969 0.8875 0.0453125 0.059375 0.000108369
1 0.0125 0.985937 0.025 0.0125 0.000108651
0 0.375 0.284375 0.025 0.053125 0.000109368
0 0.370313 0.667188 0.028125 0.053125 0.000110956
3 0.639063 0.709375 0.04375 0.065625 0.000113781
1 0.0273438 0.00390625 0.0484375 0.0078125 0.000114805
1 0.674219 0.0796875 0.0359375 0.053125 0.000115208
1 0.388281 0.328906 0.0484375 0.0171875 0.000115339
1 0.0132813 0.991406 0.0265625 0.0078125 0.000115618
1 0.664062 0.983594 0.103125 0.0328125 0.000117494
1 0.142969 0.003125 0.0609375 0.00625 0.000118305
0 0.373437 0.650781 0.053125 0.0296875 0.000118795
1 0.40625 0.003125 0.053125 0.00625 0.000122616
1 0.502344 0.00546875 0.0890625 0.0109375 0.00012759
3 0.697656 0.646875 0.0421875 0.059375 0.000129046
1 0.157031 0.945312 0.0484375 0.071875 0.000129546
1 0.370313 0.003125 0.053125 0.00625 0.000129641
0 0.370313 0.667188 0.046875 0.03125 0.000135624
1 0.200781 0.00703125 0.0609375 0.0140625 0.000135744
1 0.74375 0.0078125 0.090625 0.015625 0.000136799
1 0.167187 0.003125 0.040625 0.00625 0.000137479
3 0.629687 0.667969 0.053125 0.0640625 0.000141392
2 0.541406 0.80625 0.0453125 0.028125 0.000142756
0 0.372656 0.289062 0.0234375 0.021875 0.000147384
1 0.792188 0.003125 0.053125 0.00625 0.000147626
1 0.333594 0.00234375 0.0515625 0.0046875 0.000152355
0 0.372656 0.653125 0.0203125 0.021875 0.000155083
0 0.371094 0.675 0.0265625 0.021875 0.000155575
0 0.378906 0.297656 0.0296875 0.0203125 0.000156808
3 0.654688 0.68125 0.0375 0.040625 0.000157518
1 0.290625 0.003125 0.05625 0.00625 0.000158533
1 0.336719 0.985156 0.0234375 0.0109375 0.000166954
0 0.515625 0.9 0.075 0.09375 0.000168713
1 0.167969 0.0046875 0.0609375 0.009375 0.00017135
1 0.475 0.984375 0.0375 0.03125 0.000179227
1 0.674219 0.0078125 0.0390625 0.015625 0.00019125
1 0.252344 0.00703125 0.0578125 0.0140625 0.000191414
1 0.445312 0.00234375 0.053125 0.0046875 0.000201177
1 0.605469 0.003125 0.0390625 0.00625 0.000203792
1 0.559375 0.003125 0.053125 0.00625 0.000220741
1 0.726562 0.983594 0.096875 0.0328125 0.000225709
1 0.482031 0.00234375 0.0515625 0.0046875 0.000230557
0 0.378125 0.283594 0.040625 0.0265625 0.00023191
1 0.589844 0.003125 0.0390625 0.00625 0.000237099
1 0.519531 0.00234375 0.0515625 0.0046875 0.000263529
1 0.0289063 0.982813 0.0578125 0.034375 0.000285834
3 0.617188 0.234375 0.01875 0.03125 0.000294953
1 0.475 0.986719 0.05625 0.0203125 0.000295971
0 0.370313 0.664844 0.025 0.0203125 0.000316814
1 0.757812 0.00234375 0.05 0.0046875 0.000321285
1 0.510156 0.982031 0.0484375 0.0171875 0.000321332
1 0.713281 0.003125 0.0546875 0.00625 0.000337302
1 0.384375 0.328125 0.025 0.009375 0.00034424
1 0.632031 0.00390625 0.0578125 0.0078125 0.00035964
0 0.373437 0.280469 0.021875 0.0234375 0.000409111
1 0.674219 0.0046875 0.0546875 0.009375 0.000604668
0 0.492188 0.917969 0.053125 0.0421875 0.00133935
2 0.700781 0.65625 0.0359375 0.04375 0.00386931
0 0.49375 0.930469 0.04375 0.0328125 0.0175013
0 0.5 0.957031 0.046875 0.0265625 0.126161
3 0.672656 0.669531 0.0390625 0.0390625 0.433222
1 0.507812 0.988281 0.046875 0.0109375 0.720571
0 0.494531 0.946094 0.0421875 0.0328125 0.791574
3 0.707812 0.646875 0.028125 0.03125 0.870845
2 0.672656 0.669531 0.0359375 0.0390625 0.890567
