3 0.03125 0.299219 0.040625 0.120312 0.000100008
3 0.635938 0.275 0.059375 0.1125 0.00010079
1 0.792969 0.003125 0.0546875 0.00625 0.000100992
1 0.632031 0.00703125 0.0640625 0.0140625 0.000101096
1 0.702344 0.003125 0.0328125 0.00625 0.000101186
3 0.0601562 0.178906 0.0140625 0.0296875 0.000102003
1 0.358594 0.00234375 0.0359375 0.0046875 0.000102198
0 0.395312 0.56875 0.075 0.115625 0.000102261
1 0.59375 0.00546875 0.05625 0.0109375 0.00010343
3 0.0203125 0.121875 0.025 0.078125 0.000103612
0 0.48125 0.719531 0.075 0.114063 0.000103857
3 0.84375 0.641406 0.015625 0.0203125 0.000104588
1 0.0117188 0.992188 0.0234375 0.009375 0.000105021
1 0.0296875 0.98125 0.059375 0.0375 0.000106851
3 0.0765625 0.217187 0.015625 0.028125 0.000107337
1 0.282031 0.0101562 0.0953125 0.0203125 0.000107446
0 0.464063 0.678125 0.04375 0.0625 0.00010818
3 0.0796875 0.123438 0.01875 0.034375 0.000108613
1 0.335938 0.984375 0.025 0.0125 0.000109261
0 0.432813 0.558594 0.06875 0.104687 0.000110647
3 0.0414063 0.775781 0.0171875 0.0265625 0.000111292
1 0.01875 0.989844 0.025 0.0078125 0.000111543
2 0.865625 0.6375 0.05625 0.109375 0.000112109
1 0.733594 0.990625 0.0203125 0.00625 0.000114271
2 0.603125 0.789062 0.03125 0.015625 0.000115215
1 0.724219 0.003125 0.0328125 0.00625 0.000115858
3 0.0226563 0.684375 0.0109375 0.021875 0.00011781
3 0.0632813 0.6875 0.0109375 0.021875 0.000118736
3 0.05 0.123438 0.046875 0.046875 0.00011934
3 0.046875 0.813281 0.015625 0.0203125 0.000119814
3 0.0421875 0.296875 0.0125 0.025 0.000120697
1 0.353125 0.979688 0.096875 0.040625 0.000122397
0 0.4625 0.735937 0.05625 0.034375 0.000122529
3 0.0414063 0.275781 0.0109375 0.0265625 0.000123139
1 0.742969 0.00234375 0.0328125 0.0046875 0.000124174
3 0.0203125 0.3125 0.0125 0.021875 0.000126778
3 0.021875 0.111719 0.015625 0.0296875 0.000128769
3 0.0460938 0.1625 0.0140625 0.028125 0.000130564
1 0.396875 0.003125 0.0375 0.00625 0.000131234
0 0.46875 0.710156 0.059375 0.0359375 0.000135289
3 0.848437 0.638281 0.05 0.0390625 0.000141754
3 0.046875 0.683594 0.0125 0.0203125 0.000142108
3 0.0429688 0.310937 0.0109375 0.021875 0.000142856
3 0.021875 0.221094 0.015625 0.0265625 0.000146037
1 0.677344 0.009375 0.0390625 0.01875 0.000147307
2 0.888281 0.341406 0.0203125 0.0328125 0.000152601
1 0.416406 0.003125 0.0390625 0.00625 0.000154314
3 0.046875 0.686719 0.015625 0.0453125 0.000156133
1 0.605469 0.00390625 0.0390625 0.0078125 0.000156334
3 0.0460938 0.201562 0.0140625 0.028125 0.000157591
0 0.428125 0.579687 0.046875 0.028125 0.000158573
1 0.255469 0.00703125 0.0546875 0.0140625 0.000158798
3 0.04375 0.232812 0.0125 0.028125 0.000160794
3 0.0210938 0.235156 0.0140625 0.0265625 0.000161594
3 0.0242187 0.142188 0.0140625 0.028125 0.000170116
1 0.338281 0.00234375 0.0328125 0.0046875 0.000177075
3 0.847656 0.639063 0.0265625 0.059375 0.000177769
0 0.522656 0.867188 0.0703125 0.103125 0.000177865
3 0.0570313 0.127344 0.0140625 0.0328125 0.000180883
1 0.29375 0.003125 0.053125 0.00625 0.0001816
1 0.589063 0.00390625 0.0375 0.0078125 0.00018823
3 0.046875 0.685156 0.03125 0.0265625 0.000188438
2 0.885938 0.329688 0.01875 0.0375 0.000190115
3 0.059375 0.21875 0.0125 0.028125 0.000203773
3 0.025 0.700781 0.034375 0.0453125 0.000208712
1 0.521094 0.00234375 0.0515625 0.0046875 0.000211677
3 0.0210938 0.295312 0.0109375 0.025 0.000215254
0 0.551562 0.899219 0.078125 0.114063 0.00021565
1 0.728125 0.982813 0.0875 0.034375 0.000217528
1 0.569531 0.003125 0.0390625 0.00625 0.000226204
3 0.0585938 0.232812 0.0109375 0.028125 0.000227205
3 0.0507812 0.125 0.0234375 0.075 0.00022729
1 0.480469 0.00234375 0.0515625 0.0046875 0.000227638
0 0.4625 0.717969 0.040625 0.0296875 0.00023075
3 0.0242187 0.128125 0.0140625 0.028125 0.000239156
1 0.755469 0.003125 0.0484375 0.00625 0.000244114
3 0.0570313 0.105469 0.0140625 0.0328125 0.000253662
2 0.886719 0.620313 0.0546875 0.096875 0.000263307
3 0.0539063 0.146094 0.0609375 0.114063 0.000267457
0 0.427344 0.5625 0.0546875 0.034375 0.000273638
1 0.44375 0.00234375 0.05 0.0046875 0.000274512
1 0.550781 0.003125 0.0390625 0.00625 0.000286822
3 0.0578125 0.14375 0.0125 0.03125 0.000322636
1 0.715625 0.003125 0.05625 0.00625 0.000327096
3 0.0453125 0.219531 0.0125 0.0265625 0.000355924
3 0.0445312 0.108594 0.0140625 0.0328125 0.00036683
3 0.04375 0.129688 0.0125 0.03125 0.000369114
1 0.676562 0.00546875 0.05625 0.0109375 0.000395891
3 0.0445312 0.141406 0.0109375 0.0296875 0.00051281
0 0.85625 0.7375 0.028125 0.021875 0.000648221
0 0.84375 0.740625 0.021875 0.021875 0.000850524
0 0.396875 0.460156 0.05625 0.0546875 0.00117874
0 0.386719 0.389844 0.0421875 0.0328125 0.00174304
1 0.540625 0.980469 0.04375 0.0203125 0.0020069
0 0.395312 0.435937 0.05 0.04375 0.00262068
0 0.388281 0.415625 0.0453125 0.03125 0.0908238
3 0.6125 0.249219 0.040625 0.0453125 0.433629
0 0.388281 0.403906 0.0421875 0.0328125 0.75071
1 0.539844 0.985937 0.0421875 0.0125 0.783118
3 0.642187 0.254687 0.034375 0.040625 0.814014
2 0.610156 0.25 0.0359375 0.04375 0.877752
