1 0.0234375 0.976562 0.046875 0.046875 0.000100474
1 0.252344 0.0109375 0.0390625 0.021875 0.000100938
1 0.569531 0.0078125 0.0890625 0.015625 0.000107292
1 0.703125 0.003125 0.034375 0.00625 0.000107912
1 0.321875 0.971875 0.028125 0.040625 0.000117247
1 0.405469 0.003125 0.0546875 0.00625 0.000121365
3 0.0632813 0.653906 0.0546875 0.0265625 0.000124886
1 0.74375 0.00234375 0.034375 0.0046875 0.000125429
1 0.625781 0.00390625 0.0359375 0.0078125 0.000126387
1 0.746094 0.0078125 0.0890625 0.015625 0.000128811
0 0.602344 0.189063 0.0609375 0.034375 0.000129988
1 0.140625 0.003125 0.059375 0.00625 0.000132636
1 0.028125 0.003125 0.046875 0.00625 0.000136285
0 0.611719 0.223438 0.0296875 0.03125 0.000139448
1 0.333594 0.00234375 0.0515625 0.0046875 0.000140961
1 0.636719 0.985937 0.0953125 0.028125 0.000142184
1 0.792188 0.00234375 0.053125 0.0046875 0.000144996
1 0.292188 0.003125 0.05625 0.00625 0.0001472
1 0.507812 0.00546875 0.0875 0.0109375 0.00015054
1 0.0625 0.00234375 0.053125 0.0046875 0.000152409
3 0.821875 0.436719 0.0125 0.0203125 0.000152994
1 0.376563 0.328906 0.021875 0.0109375 0.000154065
1 0.199219 0.00625 0.0578125 0.0125 0.000155014
1 0.180469 0.003125 0.0390625 0.00625 0.000155531
1 0.159375 0.953906 0.05 0.0734375 0.00015789
1 0.674219 0.00859375 0.0390625 0.0171875 0.000164529
0 0.613281 0.203125 0.0328125 0.028125 0.000172963
1 0.23125 0.971094 0.059375 0.0328125 0.000174827
1 0.0171875 0.989062 0.028125 0.00625 0.000175278
1 0.252344 0.00703125 0.0546875 0.0140625 0.000194245
0 0.614844 0.235156 0.0203125 0.0296875 0.000194322
1 0.321094 0.971875 0.0421875 0.025 0.000197923
1 0.385938 0.329688 0.025 0.009375 0.000201544
1 0.3875 0.332812 0.04375 0.0125 0.000202824
1 0.630469 0.00546875 0.0609375 0.0109375 0.00020306
1 0.605469 0.003125 0.0390625 0.00625 0.000215101
1 0.167969 0.00390625 0.0578125 0.0078125 0.000216661
1 0.482031 0.00234375 0.0546875 0.0046875 0.000228395
1 0.377344 0.332812 0.0203125 0.00625 0.00024013
0 0.603906 0.215625 0.0390625 0.03125 0.000242532
1 0.44375 0.00234375 0.053125 0.0046875 0.000249543
3 0.853906 0.679688 0.0109375 0.03125 0.000250657
1 0.0125 0.986719 0.025 0.0109375 0.000260196
1 0.0132813 0.991406 0.0265625 0.0078125 0.000267489
1 0.569531 0.003125 0.0390625 0.00625 0.000277986
1 0.73125 0.983594 0.09375 0.0328125 0.00028079
1 0.588281 0.003125 0.0390625 0.00625 0.00032244
1 0.757031 0.00234375 0.0484375 0.0046875 0.000331045
1 0.522656 0.00234375 0.0484375 0.0046875 0.000353359
1 0.714844 0.003125 0.0546875 0.00625 0.000353484
1 0.375781 0.334375 0.0359375 0.0125 0.000363689
1 0.551562 0.003125 0.040625 0.00625 0.000378117
3 0.920313 0.682813 0.015625 0.03125 0.000382365
1 0.674219 0.00546875 0.0546875 0.0109375 0.000443692
1 0.0273438 0.984375 0.0546875 0.028125 0.000575945
1 0.336719 0.985156 0.0203125 0.0109375 0.000634574
1 0.540625 0.979688 0.040625 0.021875 0.00325505
3 0.922656 0.670313 0.0109375 0.053125 0.0101615
0 0.538281 0.853125 0.0421875 0.028125 0.0138326
0 0.536719 0.877344 0.0390625 0.0296875 0.0227342
3 0.917969 0.672656 0.0109375 0.0390625 0.686064
0 0.5375 0.864844 0.040625 0.0296875 0.738962
1 0.539062 0.985937 0.040625 0.0125 0.752595
2 0.88125 0.672656 0.021875 0.0421875 0.882431
