1 0.116406 0.889063 0.0328125 0.01875 0.000100384
1 0.028125 0.00390625 0.05 0.0078125 0.000101418
1 0.0125 0.986719 0.025 0.0109375 0.000102161
0 0.555469 0.825 0.0453125 0.034375 0.000103016
1 0.74375 0.00859375 0.09375 0.0171875 0.000103153
1 0.351562 0.980469 0.090625 0.0390625 0.000103291
1 0.200781 0.0078125 0.0609375 0.015625 0.000103839
1 0.74375 0.00234375 0.034375 0.0046875 0.000104589
1 0.504687 0.00625 0.09375 0.0125 0.000105719
3 0.759375 0.865625 0.034375 0.065625 0.00010691
1 0.0125 0.991406 0.025 0.0078125 0.000107124
1 0.371094 0.003125 0.0546875 0.00625 0.000111212
0 0.577344 0.763281 0.0703125 0.126563 0.000111364
1 0.0625 0.003125 0.05625 0.00625 0.000112261
0 0.378906 0.642187 0.0390625 0.021875 0.000114088
0 0.371094 0.653906 0.0640625 0.0796875 0.000115758
1 0.485156 0.226562 0.0640625 0.021875 0.00011623
1 0.333594 0.00234375 0.0515625 0.0046875 0.000117493
0 0.542969 0.903906 0.0484375 0.0390625 0.000119728
3 0.0640625 0.679688 0.046875 0.034375 0.000120595
1 0.335938 0.984375 0.021875 0.009375 0.000122003
0 0.382812 0.300781 0.028125 0.0171875 0.000122274
3 0.0632813 0.680469 0.0265625 0.0546875 0.00012463
3 0.615625 0.235156 0.01875 0.0328125 0.000127406
1 0.422656 0.98125 0.0984375 0.0375 0.000131272
1 0.167969 0.0046875 0.0609375 0.009375 0.000131355
1 0.292188 0.003125 0.05625 0.00625 0.000131824
1 0.792969 0.003125 0.0546875 0.00625 0.000132287
1 0.390625 0.341406 0.05 0.0234375 0.000134116
1 0.158594 0.957031 0.0515625 0.0734375 0.000135099
1 0.252344 0.00703125 0.0578125 0.0140625 0.000138105
3 0.79375 0.80625 0.040625 0.065625 0.000142899
1 0.408594 0.003125 0.0546875 0.00625 0.000143499
2 0.789062 0.849219 0.075 0.0765625 0.000144443
1 0.482812 0.003125 0.05625 0.00625 0.00015857
1 0.527344 0.224219 0.0609375 0.0234375 0.000161788
3 0.822656 0.4375 0.0140625 0.021875 0.000164483
0 0.369531 0.6625 0.0203125 0.040625 0.000165953
0 0.546094 0.86875 0.0421875 0.03125 0.000175715
1 0.673437 0.00859375 0.040625 0.0171875 0.000179598
0 0.576563 0.907031 0.040625 0.0546875 0.000185719
1 0.442187 0.00234375 0.05625 0.0046875 0.000213396
1 0.630469 0.0046875 0.0609375 0.009375 0.000217952
1 0.605469 0.003125 0.0421875 0.00625 0.00022148
0 0.377344 0.663281 0.0390625 0.0234375 0.000221691
1 0.757812 0.00234375 0.05 0.0046875 0.000262955
1 0.522656 0.00234375 0.0515625 0.0046875 0.000265442
1 0.0304688 0.982813 0.0609375 0.034375 0.000271919
1 0.382812 0.328906 0.0375 0.0171875 0.00027698
1 0.714844 0.00390625 0.0578125 0.0078125 0.000304764
1 0.560938 0.003125 0.053125 0.00625 0.000306177
1 0.589063 0.00390625 0.040625 0.0078125 0.000349669
0 0.367969 0.669531 0.0234375 0.0171875 0.000392746
1 0.673437 0.00546875 0.05625 0.0109375 0.000445093
0 0.366406 0.658594 0.0203125 0.0140625 0.000500073
0 0.371875 0.65625 0.034375 0.01875 0.0005603
1 0.389062 0.332031 0.034375 0.0109375 0.000622009
0 0.557031 0.876562 0.0421875 0.040625 0.000786084
1 0.589063 0.980469 0.040625 0.0234375 0.00087892
1 0.574219 0.988281 0.0546875 0.0203125 0.00119809
0 0.55625 0.863281 0.040625 0.0328125 0.00144907
1 0.384375 0.332031 0.025 0.0078125 0.00180097
0 0.553906 0.835938 0.0390625 0.03125 0.00339068
3 0.783594 0.813281 0.0328125 0.0421875 0.221985
3 0.813281 0.826563 0.0265625 0.034375 0.788297
0 0.553125 0.847656 0.040625 0.0296875 0.79475
1 0.592188 0.988281 0.04375 0.0109375 0.81281
2 0.782812 0.8125 0.034375 0.040625 0.907173
