1 0.429688 0.00625 0.09375 0.0125 0.000101599
1 0.671875 0.0789063 0.0375 0.0546875 0.000105673
1 0.282031 0.0101562 0.104687 0.0203125 0.000107118
1 0.141406 0.003125 0.0609375 0.00625 0.000108018
0 0.371094 0.646875 0.0203125 0.01875 0.000108435
1 0.646094 0.003125 0.0359375 0.00625 0.000109727
0 0.602344 0.221094 0.0390625 0.0296875 0.000109877
1 0.483594 0.227344 0.0640625 0.0234375 0.000110208
3 0.966406 0.296875 0.0671875 0.146875 0.000111109
3 0.989844 0.315625 0.0203125 0.09375 0.000111385
1 0.741406 0.0078125 0.0921875 0.015625 0.000113057
1 0.572656 0.0078125 0.0890625 0.015625 0.000115591
1 0.371094 0.003125 0.0546875 0.00625 0.000117692
1 0.5 0.00546875 0.090625 0.0109375 0.000124399
3 0.860156 0.198437 0.0359375 0.071875 0.000124791
3 0.838281 0.717969 0.0234375 0.0734375 0.000125974
1 0.0632813 0.003125 0.0546875 0.00625 0.00012974
3 0.839844 0.390625 0.0109375 0.021875 0.000129953
1 0.199219 0.00625 0.0578125 0.0125 0.000134903
1 0.178906 0.003125 0.0390625 0.00625 0.000135257
1 0.028125 0.003125 0.046875 0.00625 0.000135534
3 0.860937 0.197656 0.065625 0.0453125 0.000142294
0 0.614844 0.235156 0.0203125 0.0296875 0.000151502
1 0.408594 0.003125 0.0546875 0.00625 0.000152754
1 0.333594 0.00234375 0.0515625 0.0046875 0.000154746
1 0.0132813 0.985937 0.0265625 0.0125 0.000174055
1 0.157813 0.954687 0.05 0.071875 0.000177449
1 0.167969 0.00390625 0.0578125 0.0078125 0.000181213
1 0.480469 0.00234375 0.0546875 0.0046875 0.000185379
1 0.292969 0.003125 0.0546875 0.00625 0.000188662
1 0.253125 0.00625 0.05625 0.0125 0.000194032
1 0.674219 0.0078125 0.0390625 0.015625 0.000196581
1 0.732813 0.98125 0.1 0.0375 0.000199807
1 0.0140625 0.990625 0.028125 0.00625 0.000201386
1 0.522656 0.00234375 0.0515625 0.0046875 0.000221
1 0.442187 0.00234375 0.053125 0.0046875 0.000222918
3 0.853906 0.682031 0.0109375 0.0328125 0.000223698
3 0.929688 0.671094 0.01875 0.0390625 0.000258703
1 0.754687 0.00234375 0.05 0.0046875 0.000273943
1 0.630469 0.0046875 0.0578125 0.009375 0.000274451
1 0.714844 0.003125 0.0546875 0.00625 0.000326837
1 0.560156 0.00234375 0.0515625 0.0046875 0.000344866
3 0.842188 0.241406 0.015625 0.0234375 0.000368759
1 0.592969 0.003125 0.0515625 0.00625 0.000425024
1 0.0289063 0.984375 0.0578125 0.03125 0.000475963
1 0.674219 0.0046875 0.0546875 0.009375 0.000568221
0 0.535937 0.873438 0.034375 0.05 0.000873672
0 0.546094 0.817187 0.0484375 0.028125 0.00149829
1 0.544531 0.980469 0.0390625 0.0234375 0.00181562
3 0.921875 0.673437 0.0125 0.05625 0.00845957
0 0.5375 0.859375 0.040625 0.03125 0.0204304
3 0.9125 0.671875 0.015625 0.040625 0.0209406
0 0.54375 0.832812 0.046875 0.03125 0.052931
0 0.538281 0.846875 0.0421875 0.03125 0.597136
3 0.917969 0.678906 0.0109375 0.0390625 0.713426
1 0.544531 0.988281 0.0390625 0.0109375 0.739878
2 0.882031 0.675781 0.0203125 0.0421875 0.878124
