3 0.775 0.436719 0.025 0.0703125 0.00010043
2 0.15625 0.946875 0.034375 0.09375 0.000100508
2 0.835938 0.189063 0.040625 0.09375 0.000101654
1 0.713281 0.003125 0.0359375 0.00625 0.000102098
2 0.89375 0.195312 0.078125 0.05 0.000102575
2 0.897656 0.154687 0.0265625 0.103125 0.00010287
3 0.76875 0.276563 0.01875 0.025 0.000103391
2 0.0609375 0.903125 0.0625 0.034375 0.000104255
0 0.0453125 0.10625 0.040625 0.09375 0.000104841
3 0.875 0.115625 0.075 0.0625 0.000105374
0 0.984375 0.025 0.021875 0.05 0.000111256
2 0.895312 0.19375 0.028125 0.103125 0.000114026
2 0.790625 0.398438 0.05 0.121875 0.000115196
2 0.157813 0.946094 0.06875 0.0640625 0.000115926
2 0.0609375 0.902344 0.028125 0.0765625 0.000117823
1 0.176563 0.0015625 0.04375 0.003125 0.000121387
3 0.139062 0.152344 0.05625 0.0578125 0.000122545
3 0.1375 0.153906 0.03125 0.0828125 0.000124172
0 0.59375 0.727344 0.053125 0.0390625 0.000124488
3 0.873438 0.116406 0.040625 0.0890625 0.000124766
2 0.141406 0.882812 0.0609375 0.15625 0.000129307
3 0.146875 0.252344 0.028125 0.0796875 0.000129967
1 0.723437 0.0046875 0.08125 0.009375 0.000139447
1 0.789062 0.00234375 0.046875 0.0046875 0.000143774
3 0.148438 0.250781 0.05625 0.0546875 0.000145937
2 0.0601562 0.320312 0.0296875 0.078125 0.000146427
2 0.714844 0.705469 0.0328125 0.0390625 0.000148134
3 0.169531 0.969531 0.0609375 0.0484375 0.000149112
3 0.167969 0.964844 0.0265625 0.0703125 0.000153106
2 0.8125 0.314844 0.025 0.0671875 0.000155277
2 0.0601562 0.321875 0.0609375 0.034375 0.000161331
2 0.0617188 0.285156 0.0578125 0.0390625 0.000182782
2 0.0617188 0.284375 0.0265625 0.08125 0.000184552
3 0.134375 0.120312 0.053125 0.046875 0.00018644
1 0.278125 0.00234375 0.059375 0.0046875 0.000187398
2 0.0679687 0.941406 0.0734375 0.0453125 0.000225263
2 0.0671875 0.940625 0.03125 0.1 0.000229588
1 0.649219 0.00390625 0.0734375 0.0078125 0.00023554
1 0.585938 0.989844 0.053125 0.0203125 0.000245634
3 0.134375 0.121875 0.028125 0.075 0.000256612
1 0.353906 0.00234375 0.0546875 0.0046875 0.0002807
1 0.214844 0.0015625 0.0421875 0.003125 0.000286029
0 0.572656 0.950781 0.0296875 0.0234375 0.000288941
1 0.7625 0.0015625 0.03125 0.003125 0.000298242
1 0.723437 0.0015625 0.034375 0.003125 0.000347148
1 0.75 0.0015625 0.040625 0.003125 0.000349314
1 0.6875 0.0015625 0.034375 0.003125 0.000374228
2 0.0648438 0.252344 0.0296875 0.0828125 0.000375413
2 0.0648438 0.252344 0.0640625 0.0421875 0.000386286
1 0.424219 0.00234375 0.0546875 0.0046875 0.000392396
3 0.146875 0.278125 0.021875 0.075 0.000421802
1 0.572656 0.003125 0.0640625 0.00625 0.000422282
3 0.148438 0.277344 0.046875 0.0484375 0.000457539
1 0.500781 0.00234375 0.0578125 0.0046875 0.000475028
1 0.705469 0.0015625 0.0359375 0.003125 0.000475253
1 0.299219 0.00078125 0.0296875 0.0015625 0.000548273
0 0.0601562 0.169531 0.104687 0.0734375 0.000555125
1 0.647656 0.0015625 0.0359375 0.003125 0.000562357
1 0.260938 0.00078125 0.028125 0.0015625 0.000565414
1 0.242188 0.00078125 0.028125 0.0015625 0.000573757
3 0.0632813 0.167969 0.0828125 0.107813 0.000621279
0 0.573438 0.910156 0.03125 0.0234375 0.000623513
1 0.608594 0.0015625 0.0328125 0.003125 0.000635912
1 0.673437 0.0015625 0.040625 0.003125 0.00070063
1 0.251563 0.0015625 0.0375 0.003125 0.000730575
1 0.635156 0.0015625 0.0421875 0.003125 0.000804044
1 0.570312 0.0015625 0.03125 0.003125 0.000815484
0 0.572656 0.935938 0.0296875 0.03125 0.000846686
1 0.453906 0.0015625 0.0296875 0.003125 0.000861457
0 0.56875 0.989844 0.03125 0.0203125 0.000907469
1 0.2875 0.0015625 0.0375 0.003125 0.000908582
0 0.572656 0.875781 0.0390625 0.0546875 0.00104224
1 0.49375 0.0015625 0.03125 0.003125 0.00110837
1 0.53125 0.0015625 0.03125 0.003125 0.00113075
1 0.59375 0.0015625 0.040625 0.003125 0.00118278
1 0.555469 0.0015625 0.0390625 0.003125 0.00125634
1 0.377344 0.0015625 0.0296875 0.003125 0.00132104
0 0.0515625 0.165625 0.04375 0.090625 0.0014973
1 0.339063 0.0015625 0.028125 0.003125 0.00154656
1 0.479688 0.0015625 0.0375 0.003125 0.00159458
1 0.327344 0.0015625 0.0359375 0.003125 0.00167347
0 0.575 0.835938 0.034375 0.03125 0.00170208
1 0.439063 0.0015625 0.0375 0.003125 0.00177418
1 0.517187 0.0015625 0.0375 0.003125 0.00178641
1 0.416406 0.0015625 0.0296875 0.003125 0.00192934
1 0.363281 0.0015625 0.0359375 0.003125 0.00208519
1 0.402344 0.0015625 0.0359375 0.003125 0.00218467
0 0.574219 0.891406 0.0328125 0.0328125 0.00227354
1 0.56875 0.990625 0.03125 0.015625 0.00368353
0 0.573438 0.875 0.03125 0.025 0.00381301
0 0.575781 0.851562 0.0328125 0.04375 0.00654151
0 0.58125 0.777344 0.034375 0.0296875 0.00960227
0 0.578125 0.799219 0.03125 0.0265625 0.0162264
1 0.571094 0.996875 0.0296875 0.00625 0.0335554
3 0.721875 0.723437 0.034375 0.034375 0.461782
0 0.579687 0.788281 0.03125 0.0265625 0.748309
3 0.742969 0.744531 0.0234375 0.0234375 0.835083
2 0.721875 0.723437 0.034375 0.034375 0.904669
