3 0.147656 0.250781 0.0578125 0.0578125 0.000101937
2 0.0359375 0.435937 0.04375 0.0875 0.000102401
0 0.520312 0.525781 0.03125 0.0265625 0.000102811
3 0.777344 0.134375 0.0484375 0.0375 0.000103009
3 0.140625 0.150781 0.034375 0.0796875 0.000108953
3 0.142969 0.217187 0.0296875 0.08125 0.000110369
2 0.046875 0.239844 0.05 0.0984375 0.000111871
3 0.817187 0.127344 0.015625 0.0328125 0.000112441
0 0.555469 0.896094 0.0484375 0.0359375 0.000112458
3 0.510938 0.50625 0.028125 0.05 0.000114081
2 0.878906 0.546875 0.0203125 0.08125 0.000117615
3 0.785937 0.253125 0.015625 0.015625 0.000117716
3 0.108594 0.154687 0.0328125 0.034375 0.000118603
3 0.144531 0.308594 0.0234375 0.0796875 0.000119375
2 0.892969 0.23125 0.0234375 0.1 0.00012305
2 0.883594 0.89375 0.0640625 0.04375 0.000124421
0 0.564062 0.832031 0.034375 0.0453125 0.000124937
3 0.871875 0.114063 0.090625 0.15625 0.000125077
1 0.724219 0.00078125 0.0265625 0.0015625 0.000125606
2 0.059375 0.396875 0.05625 0.028125 0.000126058
3 0.124219 0.0890625 0.0328125 0.08125 0.000127672
0 0.524219 0.549219 0.0546875 0.0609375 0.000127855
3 0.142969 0.149219 0.0640625 0.0546875 0.000128216
3 0.146094 0.307813 0.0546875 0.05 0.000128783
1 0.214062 0.0015625 0.04375 0.003125 0.000134583
3 0.145313 0.214844 0.059375 0.0546875 0.000137453
3 0.844531 0.895312 0.0140625 0.021875 0.000137497
1 0.703125 0.00078125 0.028125 0.0015625 0.000140039
3 0.778125 0.135156 0.028125 0.0609375 0.000141727
2 0.891406 0.234375 0.0734375 0.046875 0.000142314
2 0.877344 0.921875 0.0796875 0.134375 0.000145494
2 0.882031 0.582812 0.0546875 0.040625 0.000147669
2 0.0640625 0.285937 0.028125 0.084375 0.000148364
2 0.0609375 0.324219 0.0625 0.0359375 0.000151481
3 0.142969 0.178906 0.0296875 0.0765625 0.000151824
2 0.115625 0.885156 0.0625 0.157813 0.000152476
2 0.0609375 0.322656 0.028125 0.0796875 0.000153021
0 0.0648438 0.1625 0.0953125 0.140625 0.000155604
1 0.751562 0.0015625 0.040625 0.003125 0.000156533
2 0.040625 0.360938 0.08125 0.04375 0.000158707
1 0.241406 0.00078125 0.0265625 0.0015625 0.000159699
2 0.0640625 0.286719 0.065625 0.0390625 0.000164029
1 0.735156 0.00234375 0.0546875 0.0046875 0.000167518
2 0.884375 0.892969 0.025 0.0859375 0.000171523
2 0.882031 0.58125 0.0203125 0.08125 0.000175736
2 0.0390625 0.360938 0.04375 0.0875 0.000182119
1 0.278906 0.00078125 0.0265625 0.0015625 0.000182334
3 0.784375 0.129688 0.01875 0.025 0.000186002
0 0.547656 0.804688 0.0359375 0.03125 0.000187414
0 0.564062 0.939062 0.040625 0.0375 0.000187466
0 0.554688 0.871094 0.03125 0.0265625 0.000191368
2 0.885156 0.0992187 0.0828125 0.139062 0.00020224
0 0.552344 0.838281 0.0328125 0.0265625 0.000203118
1 0.280469 0.00234375 0.0546875 0.0046875 0.000208768
3 0.145313 0.177344 0.05625 0.0515625 0.000209153
1 0.259375 0.00078125 0.025 0.0015625 0.000227766
1 0.299219 0.00078125 0.0265625 0.0015625 0.000230548
2 0.065625 0.942187 0.071875 0.04375 0.000244482
2 0.065625 0.941406 0.03125 0.0953125 0.000249979
0 0.05 0.114063 0.04375 0.090625 0.000276654
1 0.355469 0.0015625 0.0453125 0.003125 0.000288941
3 0.797656 0.128906 0.0171875 0.0234375 0.000289802
0 0.549219 0.821875 0.0359375 0.034375 0.000304286
0 0.557031 0.955469 0.0359375 0.0359375 0.000320872
3 0.136719 0.122656 0.0421875 0.0546875 0.000328448
1 0.657031 0.00234375 0.0578125 0.0046875 0.000337458
2 0.889063 0.923437 0.0625 0.04375 0.000338925
3 0.135937 0.123438 0.021875 0.071875 0.000348101
3 0.145313 0.280469 0.021875 0.0765625 0.000348251
1 0.500781 0.0015625 0.0515625 0.003125 0.000349414
1 0.429688 0.00078125 0.046875 0.0015625 0.000358506
1 0.58125 0.0015625 0.05625 0.003125 0.000358797
3 0.146875 0.279687 0.046875 0.05 0.000375591
2 0.890625 0.921875 0.028125 0.0875 0.000376575
1 0.710156 0.0015625 0.0390625 0.003125 0.000382159
0 0.549219 0.857031 0.0296875 0.0453125 0.00038577
2 0.065625 0.253125 0.028125 0.078125 0.00039319
1 0.250781 0.0015625 0.0359375 0.003125 0.000393521
2 0.065625 0.252344 0.0625 0.0390625 0.000404049
0 0.0507812 0.160156 0.0671875 0.0546875 0.000509697
1 0.288281 0.0015625 0.0359375 0.003125 0.000517326
0 0.0507812 0.160156 0.0421875 0.0953125 0.000617591
1 0.570312 0.00078125 0.028125 0.0015625 0.000628874
1 0.646875 0.00078125 0.028125 0.0015625 0.000641882
1 0.685156 0.00078125 0.0265625 0.0015625 0.000724517
0 0.55 0.841406 0.040625 0.0484375 0.000740492
1 0.529688 0.00078125 0.028125 0.0015625 0.000761262
1 0.319531 0.00078125 0.0265625 0.0015625 0.000819145
1 0.492188 0.00078125 0.028125 0.0015625 0.000869621
1 0.607813 0.0015625 0.028125 0.003125 0.000895649
1 0.416406 0.00078125 0.0265625 0.0015625 0.000895703
1 0.672656 0.0015625 0.0359375 0.003125 0.000924555
0 0.552344 0.854688 0.0296875 0.025 0.00101784
1 0.338281 0.00078125 0.0265625 0.0015625 0.00105001
1 0.634375 0.0015625 0.0375 0.003125 0.00105196
1 0.453125 0.00078125 0.028125 0.0015625 0.00108486
1 0.595312 0.0015625 0.0375 0.003125 0.00114284
1 0.375781 0.00078125 0.0265625 0.0015625 0.00114696
1 0.328125 0.0015625 0.034375 0.003125 0.00119903
1 0.557031 0.0015625 0.0359375 0.003125 0.00121196
3 0.788281 0.132031 0.0359375 0.0796875 0.00123072
1 0.516406 0.0015625 0.0359375 0.003125 0.00129746
1 0.560156 0.992188 0.0296875 0.015625 0.00132417
1 0.478125 0.0015625 0.034375 0.003125 0.00141521
1 0.403125 0.0015625 0.034375 0.003125 0.00142031
0 0.561719 0.99375 0.0296875 0.0125 0.00144222
1 0.363281 0.0015625 0.0328125 0.003125 0.00157504
1 0.440625 0.0015625 0.034375 0.003125 0.00158431
2 0.514063 0.463281 0.03125 0.0203125 0.00331936
0 0.545313 0.76875 0.03125 0.025 0.00350821
0 0.546875 0.794531 0.03125 0.0296875 0.00614523
3 0.517187 0.486719 0.03125 0.0265625 0.0224608
1 0.561719 0.996875 0.0296875 0.00625 0.0349794
0 0.546875 0.777344 0.03125 0.0234375 0.764631
3 0.515625 0.453125 0.028125 0.0125 0.769994
2 0.517187 0.486719 0.03125 0.0234375 0.856592
