3 0.823438 0.0992187 0.075 0.0515625 0.000100049
3 0.776563 0.135937 0.028125 0.06875 0.000101266
3 0.778125 0.111719 0.05 0.0296875 0.000101585
3 0.813281 0.9125 0.0515625 0.03125 0.000105008
3 0.108594 0.133594 0.0296875 0.0359375 0.000105349
2 0.892187 0.505469 0.025 0.0984375 0.000107122
3 0.190625 0.260938 0.021875 0.059375 0.000107918
2 0.888281 0.738281 0.0703125 0.0453125 0.000109114
2 0.0609375 0.322656 0.0625 0.0359375 0.000109404
2 0.890625 0.507812 0.071875 0.046875 0.000109649
2 0.89375 0.921875 0.028125 0.096875 0.000110179
2 0.892969 0.617188 0.0234375 0.096875 0.000110924
3 0.647656 0.491406 0.0671875 0.0390625 0.000114797
2 0.892969 0.469531 0.0234375 0.0984375 0.000118097
3 0.142969 0.21875 0.0296875 0.08125 0.000118325
2 0.889844 0.853906 0.0734375 0.0453125 0.000119995
2 0.891406 0.619531 0.0671875 0.0453125 0.000120994
2 0.889063 0.736719 0.025 0.0953125 0.000121063
2 0.891406 0.471094 0.0734375 0.0453125 0.000121812
0 0.599219 0.764844 0.0421875 0.0296875 0.000122451
1 0.239844 0.00078125 0.0265625 0.0015625 0.000122562
2 0.867969 0.114844 0.132812 0.101562 0.000127459
3 0.144531 0.247656 0.0265625 0.0796875 0.000128443
1 0.211719 0.0015625 0.0421875 0.003125 0.000128602
3 0.85625 0.994531 0.01875 0.0109375 0.000131691
1 0.260938 0.00078125 0.025 0.0015625 0.000132723
3 0.145313 0.217187 0.059375 0.05625 0.000140233
0 0.867969 0.502344 0.0640625 0.123438 0.000140924
0 0.79375 0.173438 0.084375 0.071875 0.00014209
3 0.146094 0.246875 0.0546875 0.053125 0.000149159
3 0.771094 0.129688 0.0203125 0.01875 0.000157051
2 0.0617188 0.285156 0.0265625 0.0765625 0.000158348
3 0.174219 0.974219 0.0296875 0.0515625 0.000158464
1 0.576563 0.989062 0.034375 0.01875 0.000161816
3 0.801562 0.108594 0.021875 0.0265625 0.000164183
3 0.171875 0.992969 0.021875 0.0140625 0.000164432
0 0.577344 0.950781 0.0328125 0.0359375 0.000167683
2 0.065625 0.940625 0.075 0.04375 0.000169361
2 0.065625 0.939844 0.03125 0.0984375 0.000173342
0 0.6 0.828906 0.034375 0.0421875 0.000174535
3 0.175781 0.98125 0.0640625 0.0375 0.000176178
2 0.0625 0.285937 0.059375 0.0375 0.000182515
1 0.736719 0.00234375 0.0578125 0.0046875 0.00018856
1 0.748438 0.0015625 0.040625 0.003125 0.000193679
1 0.280469 0.00078125 0.0265625 0.0015625 0.000193811
3 0.79375 0.175781 0.05 0.114063 0.000194971
1 0.279687 0.00234375 0.05625 0.0046875 0.000200267
3 0.853906 0.115625 0.0734375 0.140625 0.000210802
3 0.846094 0.985937 0.0265625 0.028125 0.00022039
3 0.189063 0.984375 0.04375 0.03125 0.000230375
3 0.188281 0.979688 0.0265625 0.040625 0.000234367
3 0.164844 0.125781 0.0265625 0.0515625 0.000241589
0 0.580469 0.90625 0.0328125 0.025 0.000245653
1 0.355469 0.0015625 0.0484375 0.003125 0.000254853
3 0.135937 0.121875 0.05 0.046875 0.000265121
1 0.723437 0.00078125 0.028125 0.0015625 0.00028957
0 0.582031 0.89375 0.0390625 0.03125 0.000300261
3 0.184375 0.992188 0.021875 0.015625 0.000303336
0 0.0632813 0.159375 0.0921875 0.1375 0.000305856
1 0.658594 0.00234375 0.0578125 0.0046875 0.000312904
3 0.145313 0.282031 0.021875 0.0796875 0.000315196
3 0.146875 0.28125 0.05 0.053125 0.000320296
3 0.835156 0.090625 0.0203125 0.03125 0.000326808
1 0.298438 0.00078125 0.028125 0.0015625 0.000337601
1 0.428906 0.0015625 0.0484375 0.003125 0.000346027
3 0.135156 0.123438 0.0265625 0.071875 0.000351113
1 0.25 0.0015625 0.0375 0.003125 0.000354688
0 0.0492188 0.117969 0.0421875 0.0890625 0.000359146
2 0.065625 0.250781 0.03125 0.0765625 0.000361942
1 0.578125 0.0015625 0.05625 0.003125 0.000371624
3 0.846094 0.990625 0.0453125 0.01875 0.000396683
1 0.503125 0.0015625 0.053125 0.003125 0.000399376
2 0.0648438 0.250781 0.0640625 0.0390625 0.000414536
1 0.710156 0.0015625 0.0390625 0.003125 0.000453754
1 0.646094 0.00078125 0.0296875 0.0015625 0.000463394
1 0.289062 0.0015625 0.0375 0.003125 0.000464752
1 0.31875 0.00078125 0.025 0.0015625 0.00059053
1 0.609375 0.0015625 0.028125 0.003125 0.00065282
0 0.589063 0.802344 0.034375 0.0265625 0.000656092
0 0.053125 0.161719 0.04375 0.0953125 0.000670459
1 0.685938 0.00078125 0.028125 0.0015625 0.000692362
3 0.846875 0.996094 0.01875 0.0078125 0.000709557
1 0.674219 0.0015625 0.0359375 0.003125 0.000745275
3 0.791406 0.132812 0.0359375 0.08125 0.00081738
1 0.338281 0.00078125 0.0265625 0.0015625 0.000835323
1 0.569531 0.00078125 0.0296875 0.0015625 0.000859676
1 0.53125 0.00078125 0.028125 0.0015625 0.000899415
1 0.626562 0.0015625 0.028125 0.003125 0.000913503
3 0.19375 0.992188 0.021875 0.0125 0.000977758
1 0.454688 0.00078125 0.028125 0.0015625 0.000987847
1 0.326562 0.0015625 0.034375 0.003125 0.0010912
1 0.491406 0.00078125 0.0265625 0.0015625 0.00109199
1 0.414844 0.00078125 0.0265625 0.0015625 0.00115565
1 0.594531 0.0015625 0.0359375 0.003125 0.00115872
1 0.375781 0.00078125 0.0265625 0.0015625 0.00119688
1 0.555469 0.0015625 0.0359375 0.003125 0.00132227
0 0.582812 0.88125 0.034375 0.03125 0.00140553
0 0.592969 0.773438 0.0359375 0.028125 0.001406
1 0.364062 0.0015625 0.034375 0.003125 0.00141425
1 0.478906 0.0015625 0.0359375 0.003125 0.001436
1 0.517969 0.0015625 0.0359375 0.003125 0.00144541
1 0.401563 0.0015625 0.034375 0.003125 0.00162244
1 0.440625 0.0015625 0.034375 0.003125 0.00167252
0 0.589063 0.825 0.034375 0.03125 0.00181163
2 0.872656 0.1 0.0671875 0.10625 0.00240355
0 0.582812 0.864844 0.03125 0.0265625 0.00350954
0 0.582812 0.8375 0.03125 0.040625 0.00695173
0 0.584375 0.851562 0.03125 0.028125 0.00727542
1 0.572656 0.99375 0.0296875 0.0125 0.00779519
0 0.589844 0.791406 0.0296875 0.0234375 0.0228605
1 0.577344 0.996875 0.0296875 0.00625 0.131263
3 0.659375 0.486719 0.034375 0.0265625 0.427833
0 0.590625 0.782031 0.03125 0.0234375 0.757232
3 0.670313 0.453125 0.028125 0.015625 0.777138
2 0.659375 0.486719 0.034375 0.0265625 0.874959
