3 0.146094 0.247656 0.0265625 0.0828125 0.000100025
2 0.110156 0.153125 0.0328125 0.034375 0.000101513
1 0.403906 0.00234375 0.0296875 0.0046875 0.000106611
3 0.802344 0.084375 0.0234375 0.01875 0.000106648
0 0.542969 0.438281 0.0390625 0.0203125 0.000107813
3 0.147656 0.246094 0.0546875 0.0546875 0.000107886
0 0.791406 0.260938 0.0609375 0.134375 0.000108374
0 0.55 0.898438 0.05 0.034375 0.000108698
2 0.883594 0.772656 0.0203125 0.0828125 0.000110051
2 0.0648438 0.177344 0.0359375 0.0828125 0.000110249
2 0.0617188 0.285937 0.0265625 0.084375 0.000111411
2 0.0585938 0.359375 0.0546875 0.03125 0.000112728
2 0.882812 0.741406 0.059375 0.0453125 0.000113124
2 0.065625 0.176563 0.071875 0.04375 0.000114164
3 0.81875 0.25625 0.015625 0.025 0.000117416
3 0.867969 0.114844 0.0953125 0.157813 0.000118645
2 0.0414063 0.359375 0.0828125 0.04375 0.000119908
3 0.76875 0.161719 0.01875 0.0203125 0.000121258
3 0.166406 0.992969 0.0203125 0.0140625 0.000122425
3 0.815625 0.138281 0.015625 0.0328125 0.000124434
2 0.0453125 0.280469 0.0875 0.0453125 0.000125754
3 0.795313 0.176563 0.046875 0.115625 0.00012784
3 0.775 0.141406 0.025 0.0640625 0.000129787
2 0.124219 0.88125 0.0609375 0.15625 0.000130736
3 0.167969 0.120312 0.0265625 0.06875 0.000131505
3 0.848437 0.996094 0.01875 0.0078125 0.000134304
1 0.210156 0.0015625 0.0421875 0.003125 0.00013586
2 0.0382813 0.358594 0.0421875 0.0890625 0.000139385
3 0.128906 0.0890625 0.0609375 0.05 0.000143544
1 0.242188 0.00078125 0.025 0.0015625 0.000144567
2 0.059375 0.31875 0.028125 0.071875 0.000145245
3 0.141406 0.214844 0.0265625 0.0796875 0.000148789
2 0.882812 0.739844 0.021875 0.0859375 0.000152162
3 0.801562 0.140625 0.015625 0.028125 0.000153094
2 0.829687 0.105469 0.0375 0.0953125 0.000154422
3 0.853125 0.421094 0.015625 0.0671875 0.000157703
2 0.0601562 0.320312 0.0578125 0.03125 0.000159829
3 0.842188 0.989844 0.05 0.0203125 0.000161117
3 0.142188 0.309375 0.021875 0.071875 0.000161322
3 0.51875 0.451562 0.034375 0.01875 0.000161774
0 0.557031 0.954687 0.0359375 0.0375 0.000166957
2 0.0445312 0.278906 0.0484375 0.0890625 0.000167634
3 0.144531 0.308594 0.0515625 0.0453125 0.000173643
3 0.853906 0.883594 0.0140625 0.0234375 0.00017419
3 0.853906 0.969531 0.0265625 0.0609375 0.000174455
3 0.782031 0.144531 0.0171875 0.0265625 0.000176659
1 0.750781 0.0015625 0.0390625 0.003125 0.000177762
0 0.560938 0.989062 0.034375 0.021875 0.000180187
1 0.736719 0.00234375 0.0578125 0.0046875 0.000181222
0 0.564062 0.895312 0.034375 0.05 0.000181512
2 0.888281 0.925 0.0640625 0.04375 0.000183339
3 0.853125 0.421094 0.04375 0.0328125 0.000184387
0 0.550781 0.825 0.0390625 0.034375 0.000190273
3 0.142969 0.2125 0.0546875 0.053125 0.000191295
3 0.819531 0.0859375 0.0203125 0.028125 0.000196199
0 0.0476562 0.107031 0.0390625 0.0953125 0.000197852
1 0.722656 0.00078125 0.0265625 0.0015625 0.000198659
3 0.142188 0.28125 0.021875 0.08125 0.000202257
3 0.197656 0.991406 0.0203125 0.0140625 0.000204581
0 0.046875 0.107031 0.065625 0.0546875 0.000205951
3 0.853906 0.732813 0.0140625 0.021875 0.000206114
0 0.530469 0.55625 0.0328125 0.0625 0.000208537
0 0.530469 0.555469 0.0578125 0.0359375 0.000208542
2 0.889063 0.922656 0.025 0.0890625 0.000208727
2 0.8875 0.888281 0.021875 0.0859375 0.000211244
2 0.8875 0.889844 0.059375 0.0421875 0.000212885
3 0.14375 0.279687 0.05 0.053125 0.000215277
3 0.76875 0.14375 0.01875 0.01875 0.000232726
2 0.0625 0.940625 0.065625 0.04375 0.000246712
0 0.565625 0.9375 0.0375 0.0375 0.000247119
1 0.353125 0.0015625 0.046875 0.003125 0.000255677
0 0.530469 0.463281 0.0296875 0.0234375 0.000255965
0 0.053125 0.163281 0.071875 0.0578125 0.000259396
3 0.128125 0.0890625 0.034375 0.078125 0.000265386
3 0.535937 0.496094 0.028125 0.0421875 0.000266494
2 0.882812 0.0976562 0.0875 0.142188 0.000267236
0 0.564844 0.83125 0.0328125 0.040625 0.000272279
3 0.854688 0.975 0.05625 0.034375 0.000273844
2 0.0625 0.939062 0.03125 0.090625 0.000277509
0 0.55 0.753125 0.034375 0.03125 0.000289723
0 0.0523437 0.163281 0.0421875 0.101562 0.0003024
1 0.260938 0.00078125 0.025 0.0015625 0.000302419
1 0.278906 0.00078125 0.0265625 0.0015625 0.00031297
0 0.557031 0.889844 0.0328125 0.0265625 0.000325879
1 0.28125 0.0015625 0.05 0.003125 0.000344689
1 0.429688 0.00078125 0.046875 0.0015625 0.000358603
1 0.3 0.00078125 0.025 0.0015625 0.00036292
1 0.655469 0.00234375 0.0578125 0.0046875 0.000365691
1 0.710156 0.0015625 0.0390625 0.003125 0.00036838
1 0.252344 0.0015625 0.0359375 0.003125 0.000380444
1 0.501562 0.0015625 0.05 0.003125 0.000405751
3 0.526563 0.466406 0.025 0.0203125 0.000406456
1 0.58125 0.0015625 0.05625 0.003125 0.000419763
2 0.0640625 0.250781 0.028125 0.0765625 0.000429967
2 0.0632813 0.250781 0.0609375 0.0390625 0.00045622
1 0.288281 0.0015625 0.0359375 0.003125 0.000628014
1 0.685156 0.00078125 0.0265625 0.0015625 0.000658042
1 0.646875 0.00078125 0.028125 0.0015625 0.000700213
1 0.56875 0.00078125 0.028125 0.0015625 0.0007072
0 0.555469 0.860937 0.0390625 0.0375 0.00073897
1 0.31875 0.00078125 0.025 0.0015625 0.000753197
0 0.55625 0.872656 0.03125 0.0265625 0.000763159
1 0.53125 0.00078125 0.028125 0.0015625 0.000774368
1 0.374219 0.00078125 0.0265625 0.0015625 0.000779564
1 0.453125 0.00078125 0.028125 0.0015625 0.000836619
1 0.672656 0.0015625 0.0359375 0.003125 0.000870142
1 0.3375 0.00078125 0.025 0.0015625 0.00088415
1 0.608594 0.00078125 0.0296875 0.0015625 0.000928352
0 0.552344 0.842969 0.0390625 0.0484375 0.00105223
1 0.492188 0.00078125 0.028125 0.0015625 0.00115322
1 0.634375 0.0015625 0.0375 0.003125 0.00118781
1 0.325781 0.0015625 0.0328125 0.003125 0.00119381
1 0.596094 0.0015625 0.0359375 0.003125 0.00124254
1 0.3625 0.0015625 0.034375 0.003125 0.00135501
1 0.478906 0.0015625 0.0359375 0.003125 0.00138445
3 0.791406 0.136719 0.0296875 0.0703125 0.00139446
1 0.557031 0.0015625 0.0359375 0.003125 0.00146761
1 0.416406 0.00078125 0.0265625 0.0015625 0.00152803
1 0.517187 0.0015625 0.034375 0.003125 0.00153133
1 0.439844 0.0015625 0.0359375 0.003125 0.00157541
1 0.403906 0.0015625 0.0328125 0.003125 0.00163126
1 0.561719 0.992969 0.0296875 0.0140625 0.0018293
0 0.55 0.795313 0.03125 0.03125 0.00337855
0 0.55 0.76875 0.03125 0.025 0.00850645
3 0.530469 0.4875 0.0296875 0.025 0.0118516
1 0.561719 0.996875 0.0296875 0.00625 0.0585483
3 0.528125 0.453125 0.028125 0.0125 0.789427
0 0.55 0.777344 0.03125 0.0234375 0.792678
2 0.530469 0.4875 0.0296875 0.025 0.858705
