2 0.0414063 0.280469 0.0453125 0.0984375 0.000100815
2 0.0382813 0.707812 0.0765625 0.046875 0.00010152
3 0.801562 0.182812 0.015625 0.028125 0.000101701
2 0.0585938 0.821875 0.0578125 0.03125 0.000101996
3 0.796094 0.18125 0.0484375 0.11875 0.000102961
2 0.0648438 0.941406 0.0328125 0.101562 0.000105935
0 0.78125 0.729688 0.071875 0.140625 0.000107479
2 0.03125 0.782812 0.04375 0.096875 0.000107805
3 0.167187 0.11875 0.028125 0.071875 0.000109956
2 0.895312 0.0507812 0.028125 0.0953125 0.000110596
3 0.141406 0.108594 0.0578125 0.0546875 0.000110826
2 0.0335938 0.474219 0.0421875 0.0953125 0.00011115
2 0.0648438 0.216406 0.0671875 0.0453125 0.000112167
2 0.110937 0.15 0.034375 0.034375 0.000112326
3 0.767969 0.132812 0.0203125 0.021875 0.000112522
2 0.88125 0.505469 0.059375 0.0390625 0.000112757
0 0.551562 0.989062 0.034375 0.021875 0.000113625
2 0.884375 0.317187 0.025 0.090625 0.000114967
2 0.0398437 0.357812 0.0796875 0.046875 0.000115185
1 0.478125 0.00234375 0.03125 0.0046875 0.000115367
2 0.03125 0.707812 0.04375 0.09375 0.000115444
2 0.0648438 0.215625 0.0296875 0.090625 0.000116407
0 0.791406 0.501562 0.0890625 0.071875 0.000116931
0 0.788281 0.573438 0.0609375 0.13125 0.000116981
2 0.0335938 0.896875 0.0453125 0.096875 0.000118482
2 0.117969 0.880469 0.0578125 0.157813 0.000118639
2 0.0359375 0.31875 0.04375 0.096875 0.000119547
3 0.148438 0.245312 0.028125 0.08125 0.000120161
0 0.525781 0.771094 0.0546875 0.0390625 0.000120389
3 0.142969 0.174219 0.0265625 0.0796875 0.000120856
2 0.059375 0.474219 0.053125 0.0296875 0.000121142
3 0.797656 0.252344 0.0453125 0.114063 0.000123489
0 0.510156 0.825 0.0484375 0.034375 0.000125234
2 0.0445312 0.239844 0.0484375 0.0984375 0.000125848
2 0.880469 0.504687 0.0203125 0.08125 0.000127072
0 0.794531 0.334375 0.0796875 0.071875 0.000128166
2 0.0382813 0.745313 0.0765625 0.046875 0.000132004
3 0.14375 0.214062 0.028125 0.08125 0.000132197
2 0.059375 0.361719 0.059375 0.0328125 0.000132899
3 0.15 0.244531 0.05625 0.0546875 0.000133173
1 0.742969 0.00078125 0.0265625 0.0015625 0.000135214
2 0.059375 0.360938 0.028125 0.075 0.000136255
0 0.791406 0.503125 0.0515625 0.11875 0.000136298
1 0.735937 0.003125 0.059375 0.00625 0.000138043
3 0.773438 0.1125 0.025 0.05625 0.000144685
2 0.0375 0.859375 0.075 0.05 0.000144791
2 0.882812 0.816406 0.059375 0.0390625 0.000145648
2 0.0359375 0.357812 0.04375 0.09375 0.00014765
3 0.855469 0.811719 0.0140625 0.0203125 0.000147703
0 0.795313 0.336719 0.046875 0.114063 0.000151047
3 0.816406 0.252344 0.0140625 0.0265625 0.000151126
1 0.240625 0.00078125 0.025 0.0015625 0.000157157
3 0.773438 0.113281 0.04375 0.0328125 0.000158662
3 0.145313 0.172656 0.053125 0.0546875 0.000158887
1 0.725 0.00078125 0.028125 0.0015625 0.00015956
3 0.146094 0.213281 0.0578125 0.0546875 0.000160441
2 0.0328125 0.745313 0.04375 0.09375 0.000161125
2 0.0390625 0.398438 0.078125 0.046875 0.000166629
2 0.0671875 0.177344 0.034375 0.0890625 0.000171463
2 0.883594 0.814844 0.0203125 0.0828125 0.000173667
2 0.0382813 0.589063 0.0765625 0.046875 0.00017653
2 0.0382813 0.514063 0.0765625 0.046875 0.000176853
2 0.0320312 0.859375 0.0421875 0.09375 0.000177287
3 0.16875 0.970312 0.025 0.059375 0.000181083
2 0.034375 0.398438 0.04375 0.090625 0.000181225
3 0.769531 0.200781 0.0171875 0.0203125 0.000182055
2 0.0671875 0.177344 0.071875 0.0453125 0.000186304
2 0.0625 0.286719 0.0625 0.0390625 0.000187293
1 0.750781 0.0015625 0.0390625 0.003125 0.000188341
2 0.0375 0.823438 0.075 0.046875 0.000188824
2 0.0617188 0.286719 0.0265625 0.0828125 0.000190211
0 0.549219 0.947656 0.0359375 0.0359375 0.000191324
3 0.170312 0.977344 0.05625 0.0421875 0.00019515
2 0.059375 0.4 0.05625 0.03125 0.000197634
2 0.059375 0.397656 0.028125 0.0734375 0.000198847
2 0.0382813 0.667188 0.0765625 0.046875 0.000205803
2 0.0390625 0.438281 0.078125 0.0453125 0.000210918
2 0.0328125 0.589844 0.04375 0.0921875 0.000211875
3 0.440625 0.457031 0.04375 0.0140625 0.000212977
0 0.54375 0.904688 0.034375 0.025 0.000213381
2 0.0320312 0.823438 0.0421875 0.090625 0.000221349
1 0.299219 0.00078125 0.0265625 0.0015625 0.000221827
1 0.703125 0.00078125 0.028125 0.0015625 0.000222579
2 0.0335938 0.514063 0.0421875 0.090625 0.000224272
2 0.0609375 0.322656 0.0625 0.0359375 0.000227835
0 0.526563 0.808594 0.034375 0.0234375 0.000229767
3 0.769531 0.107031 0.0234375 0.0203125 0.00023471
0 0.536719 0.857813 0.0453125 0.0375 0.000235125
1 0.280469 0.00234375 0.0546875 0.0046875 0.000242514
2 0.0351562 0.439063 0.0421875 0.0875 0.000243191
0 0.535156 0.879687 0.0484375 0.05625 0.000246114
1 0.278906 0.00078125 0.0265625 0.0015625 0.000246684
2 0.0609375 0.321094 0.028125 0.0796875 0.000249545
2 0.0328125 0.667188 0.04375 0.090625 0.000250499
1 0.260156 0.00078125 0.0265625 0.0015625 0.000255864
3 0.146094 0.276563 0.0203125 0.075 0.000264741
0 0.05 0.121094 0.0625 0.0578125 0.0002694
2 0.0640625 0.25 0.0625 0.040625 0.000273048
1 0.353906 0.0015625 0.0484375 0.003125 0.000273392
2 0.0640625 0.25 0.028125 0.08125 0.000282718
0 0.05 0.121094 0.0375 0.0984375 0.000292872
3 0.148438 0.275781 0.046875 0.0484375 0.000310676
1 0.559375 0.994531 0.03125 0.0109375 0.000316229
2 0.876562 0.101562 0.084375 0.1375 0.000317025
1 0.65625 0.00234375 0.059375 0.0046875 0.000340174
1 0.250781 0.0015625 0.0359375 0.003125 0.000354132
1 0.433594 0.0015625 0.0484375 0.003125 0.000362523
1 0.711719 0.0015625 0.0390625 0.003125 0.000374671
0 0.539062 0.876562 0.034375 0.025 0.000380467
1 0.578125 0.00234375 0.05625 0.0046875 0.000416539
1 0.503906 0.0015625 0.0515625 0.003125 0.000445901
1 0.2875 0.0015625 0.0375 0.003125 0.000470862
3 0.128125 0.0898438 0.034375 0.0765625 0.000488381
0 0.529688 0.819531 0.034375 0.0421875 0.000535003
2 0.461719 0.521094 0.0859375 0.0546875 0.000601496
0 0.541406 0.889063 0.0328125 0.025 0.000623582
1 0.684375 0.00078125 0.028125 0.0015625 0.000633089
3 0.85 0.985156 0.021875 0.0296875 0.000703649
1 0.647656 0.00078125 0.0296875 0.0015625 0.000767808
1 0.672656 0.0015625 0.0359375 0.003125 0.000815651
1 0.607813 0.0015625 0.028125 0.003125 0.000939307
1 0.416406 0.00078125 0.0265625 0.0015625 0.000945047
1 0.3375 0.00078125 0.025 0.0015625 0.000974463
3 0.789062 0.136719 0.03125 0.0765625 0.000998731
1 0.375781 0.00078125 0.0265625 0.0015625 0.00102531
1 0.53125 0.00078125 0.028125 0.0015625 0.00104676
1 0.490625 0.00078125 0.028125 0.0015625 0.00105603
1 0.635938 0.0015625 0.0375 0.003125 0.0010812
1 0.327344 0.0015625 0.0328125 0.003125 0.00111199
1 0.453906 0.00078125 0.0265625 0.0015625 0.00113593
1 0.567969 0.00078125 0.0296875 0.0015625 0.00119467
1 0.592969 0.0015625 0.0359375 0.003125 0.00128689
3 0.85 0.988281 0.0375 0.0203125 0.00132793
0 0.534375 0.8375 0.034375 0.040625 0.00133189
1 0.364062 0.0015625 0.034375 0.003125 0.00141032
1 0.403125 0.0015625 0.034375 0.003125 0.00148117
1 0.473437 0.00078125 0.028125 0.0015625 0.00156607
1 0.554688 0.0015625 0.0375 0.003125 0.00157
1 0.517969 0.0015625 0.0359375 0.003125 0.00161588
1 0.442187 0.0015625 0.034375 0.003125 0.00173903
3 0.848437 0.996875 0.01875 0.00625 0.00273021
0 0.526563 0.778125 0.034375 0.025 0.00725994
0 0.528125 0.798437 0.034375 0.021875 0.0112713
3 0.455469 0.473437 0.0359375 0.025 0.0190077
1 0.551562 0.996094 0.03125 0.0078125 0.0328075
3 0.457812 0.485156 0.0375 0.0359375 0.122734
3 0.460938 0.496094 0.034375 0.0234375 0.158097
2 0.457812 0.485156 0.0375 0.0359375 0.161448
3 0.452344 0.460938 0.0296875 0.0125 0.757706
0 0.527344 0.786719 0.0328125 0.0234375 0.77241
2 0.461719 0.495313 0.0328125 0.021875 0.873194
