2 0.885938 0.780469 0.0625 0.0453125 0.000101854
2 0.0367187 0.857031 0.0421875 0.0859375 0.000102618
2 0.884375 0.740625 0.021875 0.0875 0.000105367
0 0.549219 0.897656 0.0453125 0.0359375 0.000105675
2 0.0375 0.31875 0.04375 0.09375 0.000107569
2 0.0382813 0.552344 0.0765625 0.0453125 0.00010932
2 0.059375 0.550781 0.05625 0.0265625 0.0001103
3 0.140625 0.140625 0.0625 0.05625 0.000110609
0 0.553125 0.890625 0.03125 0.025 0.000110988
3 0.79375 0.175 0.05 0.11875 0.000111226
2 0.876562 0.733594 0.090625 0.160938 0.000112157
2 0.0351562 0.819531 0.0421875 0.0890625 0.000112835
0 0.05 0.0867188 0.059375 0.0546875 0.000112838
3 0.296094 0.996094 0.0421875 0.0078125 0.000115063
3 0.769531 0.128906 0.0203125 0.0203125 0.000115983
2 0.883594 0.544531 0.0203125 0.0890625 0.000117518
0 0.538281 0.558594 0.0609375 0.0421875 0.000117676
3 0.833594 0.0835937 0.0171875 0.0296875 0.000118388
3 0.775781 0.135156 0.0265625 0.0703125 0.000121262
2 0.0601562 0.9 0.0609375 0.034375 0.000121458
3 0.861719 0.924219 0.0515625 0.0546875 0.000121609
2 0.0421875 0.278906 0.046875 0.0953125 0.000122139
2 0.0320312 0.553125 0.0421875 0.090625 0.000122352
0 0.536719 0.559375 0.0359375 0.065625 0.000123759
2 0.885938 0.778125 0.021875 0.090625 0.000124484
0 0.54375 0.754687 0.034375 0.03125 0.000125609
3 0.142188 0.214062 0.028125 0.084375 0.000126415
1 0.239063 0.00078125 0.025 0.0015625 0.000128777
2 0.110156 0.15 0.0328125 0.034375 0.000128837
2 0.0609375 0.898438 0.028125 0.075 0.000130261
0 0.546094 0.807031 0.0359375 0.0296875 0.000132841
2 0.0390625 0.434375 0.078125 0.04375 0.000133756
2 0.0601562 0.322656 0.0640625 0.0359375 0.000134561
2 0.876562 0.817969 0.090625 0.160938 0.000138137
1 0.723437 0.00078125 0.025 0.0015625 0.000139604
2 0.0609375 0.321094 0.028125 0.0828125 0.000140818
3 0.0609375 0.107813 0.071875 0.0875 0.00014209
2 0.04375 0.239063 0.046875 0.096875 0.000142614
2 0.884375 0.50625 0.059375 0.046875 0.000143842
3 0.860937 0.924219 0.025 0.0828125 0.000147519
2 0.8875 0.853906 0.06875 0.0453125 0.00015027
2 0.889063 0.851562 0.025 0.09375 0.000150368
2 0.0671875 0.940625 0.03125 0.1 0.000152269
2 0.121875 0.875781 0.059375 0.157813 0.000153981
2 0.0671875 0.941406 0.075 0.0453125 0.000154386
3 0.14375 0.2125 0.05625 0.05625 0.000154855
2 0.0351562 0.434375 0.0421875 0.084375 0.000159476
1 0.752344 0.0015625 0.0390625 0.003125 0.000163708
2 0.0585938 0.433594 0.0265625 0.0546875 0.000167259
1 0.279687 0.00078125 0.025 0.0015625 0.000168835
2 0.059375 0.358594 0.028125 0.0703125 0.000170128
2 0.88125 0.1 0.0875 0.14375 0.000170923
3 0.297656 0.996875 0.0234375 0.00625 0.000175488
2 0.884375 0.504687 0.021875 0.090625 0.000175499
3 0.311719 0.996875 0.0234375 0.00625 0.000177302
3 0.170312 0.972656 0.025 0.0546875 0.000178329
3 0.497656 0.476562 0.0640625 0.0375 0.000178643
2 0.889063 0.389062 0.05625 0.0375 0.000181504
2 0.886719 0.814062 0.0609375 0.04375 0.000186531
2 0.886719 0.811719 0.0234375 0.0890625 0.000190013
2 0.059375 0.360156 0.05625 0.0296875 0.000192426
2 0.889063 0.3875 0.01875 0.084375 0.000193198
1 0.703906 0.00078125 0.0265625 0.0015625 0.000194642
0 0.554688 0.985937 0.034375 0.021875 0.000207349
3 0.171094 0.980469 0.0546875 0.0390625 0.000211241
0 0.535156 0.521875 0.0359375 0.04375 0.000212882
2 0.0617188 0.285937 0.0578125 0.0375 0.000213034
1 0.74375 0.0015625 0.05 0.003125 0.000213612
2 0.0671875 0.177344 0.034375 0.0859375 0.000222667
1 0.3 0.00078125 0.025 0.0015625 0.000222948
2 0.0617188 0.285156 0.0265625 0.0796875 0.000223567
2 0.889844 0.886719 0.0671875 0.0421875 0.000224
2 0.0664062 0.176563 0.0671875 0.046875 0.000224655
2 0.890625 0.885156 0.028125 0.0921875 0.000228717
3 0.13125 0.0867188 0.059375 0.0515625 0.000230223
1 0.284375 0.00234375 0.053125 0.0046875 0.00023837
2 0.0585938 0.435156 0.0484375 0.0234375 0.000243726
2 0.034375 0.630469 0.04375 0.0828125 0.000248558
2 0.0382813 0.630469 0.0765625 0.0421875 0.000250197
1 0.353906 0.0015625 0.0453125 0.003125 0.000270684
3 0.146094 0.275 0.0203125 0.075 0.000271773
2 0.0664062 0.249219 0.0296875 0.0859375 0.000278039
0 0.553125 0.953125 0.0375 0.034375 0.000281219
1 0.249219 0.0015625 0.0359375 0.003125 0.000293826
2 0.0664062 0.25 0.0671875 0.040625 0.000298153
1 0.713281 0.0015625 0.0390625 0.003125 0.000301628
1 0.428906 0.00078125 0.0453125 0.0015625 0.000308936
1 0.501562 0.0015625 0.05 0.003125 0.000309224
3 0.148438 0.274219 0.05 0.0484375 0.000315179
1 0.655469 0.00234375 0.0515625 0.0046875 0.000316957
1 0.579687 0.0015625 0.053125 0.003125 0.000324609
1 0.685156 0.00078125 0.0265625 0.0015625 0.000329994
3 0.13125 0.0875 0.034375 0.078125 0.000384469
0 0.549219 0.821094 0.0328125 0.0359375 0.000396635
1 0.664844 0.00078125 0.0265625 0.0015625 0.000399088
0 0.0507812 0.109375 0.0359375 0.09375 0.000408053
1 0.290625 0.0015625 0.0375 0.003125 0.000418088
0 0.0507812 0.108594 0.0609375 0.0546875 0.000455439
0 0.553906 0.8625 0.0296875 0.05625 0.000655499
1 0.607813 0.00078125 0.028125 0.0015625 0.000663525
0 0.550781 0.880469 0.0390625 0.0328125 0.000665663
1 0.530469 0.00078125 0.0265625 0.0015625 0.000688179
3 0.790625 0.13125 0.034375 0.08125 0.000694696
1 0.671875 0.0015625 0.034375 0.003125 0.000799664
1 0.646875 0.00078125 0.028125 0.0015625 0.000822169
1 0.558594 0.994531 0.0296875 0.0109375 0.000861103
1 0.377344 0.00078125 0.0265625 0.0015625 0.000890907
1 0.570312 0.00078125 0.028125 0.0015625 0.000908269
1 0.452344 0.00078125 0.0265625 0.0015625 0.000912562
1 0.414844 0.00078125 0.0265625 0.0015625 0.00101449
1 0.320312 0.00078125 0.025 0.0015625 0.00102564
1 0.492969 0.00078125 0.0265625 0.0015625 0.00103831
1 0.635156 0.0015625 0.0359375 0.003125 0.00105523
0 0.549219 0.842969 0.0328125 0.0296875 0.00113638
1 0.594531 0.0015625 0.0359375 0.003125 0.00117764
1 0.557031 0.0015625 0.0359375 0.003125 0.00123264
1 0.516406 0.0015625 0.0359375 0.003125 0.00129186
1 0.479688 0.00078125 0.034375 0.0015625 0.00135861
1 0.326562 0.0015625 0.03125 0.003125 0.0013605
1 0.402344 0.0015625 0.0328125 0.003125 0.00139599
1 0.363281 0.00078125 0.0328125 0.0015625 0.00140156
1 0.336719 0.00078125 0.0234375 0.0015625 0.00140336
1 0.439844 0.00078125 0.0328125 0.0015625 0.00142516
3 0.501562 0.440625 0.028125 0.015625 0.001506
0 0.550781 0.857813 0.0328125 0.028125 0.00295366
0 0.550781 0.872656 0.0296875 0.0234375 0.00325212
0 0.545313 0.766406 0.03125 0.0265625 0.00358792
0 0.545313 0.795313 0.03125 0.03125 0.00523918
3 0.495313 0.441406 0.028125 0.0109375 0.00797117
1 0.555469 0.996875 0.0296875 0.00625 0.0486473
3 0.503906 0.480469 0.0328125 0.0234375 0.430859
3 0.496875 0.446875 0.028125 0.0125 0.7299
0 0.545313 0.777344 0.03125 0.0234375 0.788907
2 0.503906 0.480469 0.0328125 0.0234375 0.858782
