1 0.173438 0.0015625 0.04375 0.003125 0.000101993
3 0.222656 0.874219 0.0203125 0.0546875 0.000102517
1 0.789062 0.00234375 0.05 0.0046875 0.000103695
2 0.059375 0.357812 0.028125 0.071875 0.000104834
2 0.889063 0.508594 0.025 0.0953125 0.000105197
2 0.0609375 0.321094 0.028125 0.0796875 0.000107076
2 0.0609375 0.322656 0.065625 0.0359375 0.000107297
0 0.867188 0.882812 0.075 0.1375 0.00010853
0 0.548437 0.827344 0.0625 0.0328125 0.000110864
1 0.223438 0.00078125 0.03125 0.0015625 0.000111279
3 0.227344 0.339063 0.0203125 0.05 0.000112007
2 0.898438 0.920313 0.03125 0.096875 0.000113179
3 0.849219 0.344531 0.0453125 0.0390625 0.000113363
2 0.157031 0.946094 0.0703125 0.0640625 0.000114352
3 0.169531 0.971875 0.0640625 0.05 0.000114517
0 0.8625 0.64375 0.071875 0.125 0.000115883
1 0.552344 0.99375 0.0421875 0.009375 0.000116072
3 0.167187 0.964844 0.028125 0.0703125 0.000116492
3 0.86875 0.117969 0.040625 0.0859375 0.000117132
3 0.139844 0.149219 0.0296875 0.0796875 0.000118682
2 0.059375 0.359375 0.05625 0.03125 0.000122605
2 0.79375 0.404687 0.046875 0.115625 0.000127269
3 0.835938 0.141406 0.0375 0.0828125 0.000130665
2 0.849219 0.34375 0.0171875 0.071875 0.000130908
3 0.149219 0.249219 0.0265625 0.0796875 0.000137173
2 0.895312 0.115625 0.028125 0.1 0.000137941
3 0.771094 0.410156 0.0140625 0.0171875 0.000138792
3 0.769531 0.335938 0.0140625 0.01875 0.000139087
3 0.711719 0.753125 0.0203125 0.028125 0.000139106
1 0.326562 0.00234375 0.03125 0.0046875 0.000142499
3 0.141406 0.147656 0.0578125 0.0546875 0.00014592
2 0.0632813 0.284375 0.0265625 0.084375 0.000148524
3 0.700781 0.69375 0.0296875 0.028125 0.000149934
1 0.720312 0.0046875 0.08125 0.009375 0.000153275
3 0.150781 0.247656 0.0546875 0.0546875 0.000155383
0 0.564062 0.757031 0.05625 0.0765625 0.000155732
2 0.0632813 0.285937 0.0640625 0.040625 0.000159625
3 0.125 0.0890625 0.034375 0.071875 0.000162166
3 0.1375 0.117969 0.053125 0.0546875 0.000166027
3 0.190625 0.264844 0.025 0.0578125 0.000174877
3 0.14375 0.21875 0.028125 0.078125 0.000183204
2 0.0671875 0.939844 0.03125 0.0984375 0.00018367
2 0.0679687 0.941406 0.0734375 0.0453125 0.000185322
3 0.839844 0.114844 0.0390625 0.0671875 0.000186763
3 0.135937 0.11875 0.028125 0.078125 0.000188634
1 0.440625 0.00234375 0.034375 0.0046875 0.000189996
1 0.763281 0.0015625 0.0328125 0.003125 0.000203711
3 0.783594 0.407813 0.0140625 0.025 0.000206476
1 0.592969 0.99375 0.0515625 0.0125 0.000208151
3 0.838281 0.111719 0.0359375 0.0265625 0.000226219
1 0.650781 0.00390625 0.0734375 0.0078125 0.000228779
3 0.146094 0.217187 0.0546875 0.053125 0.000243215
1 0.35 0.00234375 0.05625 0.0046875 0.000251917
1 0.279687 0.00234375 0.059375 0.0046875 0.000257225
1 0.214844 0.0015625 0.0421875 0.003125 0.000278506
1 0.748438 0.0015625 0.04375 0.003125 0.000333734
1 0.427344 0.00234375 0.0546875 0.0046875 0.000356526
0 0.0492188 0.149219 0.0671875 0.0546875 0.000374255
3 0.70625 0.729688 0.03125 0.040625 0.000382221
2 0.0640625 0.25 0.059375 0.040625 0.000394812
1 0.573438 0.003125 0.065625 0.00625 0.00039665
1 0.685938 0.0015625 0.034375 0.003125 0.00040415
3 0.146094 0.280469 0.0203125 0.0765625 0.000409381
2 0.0640625 0.25 0.028125 0.078125 0.000410217
1 0.499219 0.00234375 0.0578125 0.0046875 0.000411028
0 0.578125 0.776563 0.034375 0.03125 0.000411097
3 0.147656 0.278906 0.0484375 0.0515625 0.000433274
1 0.280469 0.00078125 0.0296875 0.0015625 0.00044138
0 0.571875 0.935156 0.03125 0.0328125 0.000469083
1 0.724219 0.0015625 0.0359375 0.003125 0.000472589
1 0.647656 0.0015625 0.0359375 0.003125 0.00049714
1 0.711719 0.0015625 0.0421875 0.003125 0.000554372
1 0.300781 0.00078125 0.0296875 0.0015625 0.000601588
1 0.242188 0.0015625 0.028125 0.003125 0.000655162
0 0.570312 0.903906 0.034375 0.0296875 0.000662841
0 0.05 0.120312 0.040625 0.090625 0.000692749
1 0.610156 0.0015625 0.0328125 0.003125 0.000731332
1 0.674219 0.0015625 0.0421875 0.003125 0.000734929
1 0.251563 0.0015625 0.0375 0.003125 0.00077214
1 0.634375 0.0015625 0.04375 0.003125 0.000781126
1 0.260938 0.0015625 0.028125 0.003125 0.000795179
1 0.2875 0.0015625 0.0375 0.003125 0.00094305
1 0.569531 0.0015625 0.0328125 0.003125 0.000957954
0 0.602344 0.784375 0.0765625 0.115625 0.00103681
1 0.453125 0.0015625 0.03125 0.003125 0.00105411
1 0.416406 0.0015625 0.0296875 0.003125 0.00111864
1 0.53125 0.0015625 0.03125 0.003125 0.00112723
1 0.492188 0.0015625 0.03125 0.003125 0.00115652
1 0.594531 0.0015625 0.0390625 0.003125 0.00117952
1 0.375781 0.0015625 0.0296875 0.003125 0.00121342
1 0.555469 0.0015625 0.0390625 0.003125 0.00134425
1 0.319531 0.0015625 0.0296875 0.003125 0.00153079
1 0.3625 0.0015625 0.0375 0.003125 0.00167194
1 0.478125 0.0015625 0.0375 0.003125 0.00170396
1 0.517187 0.0015625 0.0375 0.003125 0.00179312
1 0.402344 0.0015625 0.0359375 0.003125 0.00181311
0 0.570312 0.889844 0.034375 0.0296875 0.0018707
1 0.3375 0.0015625 0.028125 0.003125 0.0019627
1 0.433594 0.0015625 0.0296875 0.003125 0.00199336
0 0.571094 0.869531 0.0328125 0.0328125 0.00283436
0 0.572656 0.835156 0.0328125 0.0328125 0.0028962
0 0.575 0.802344 0.03125 0.0265625 0.00417021
0 0.572656 0.851562 0.0328125 0.03125 0.00465945
1 0.567969 0.99375 0.0296875 0.0125 0.00744708
0 0.572656 0.821875 0.0296875 0.0375 0.0113088
1 0.570312 0.996875 0.028125 0.00625 0.0578034
3 0.685156 0.728125 0.0328125 0.034375 0.445577
0 0.575 0.792188 0.03125 0.025 0.731583
3 0.702344 0.75 0.0234375 0.021875 0.818721
2 0.684375 0.727344 0.034375 0.0328125 0.88404
