3 0.146875 0.211719 0.059375 0.0578125 0.000101018
3 0.854688 0.661719 0.015625 0.0171875 0.000101367
2 0.0320312 0.398438 0.0421875 0.09375 0.000101397
2 0.888281 0.852344 0.0640625 0.0453125 0.00010195
2 0.0398437 0.282813 0.0453125 0.1 0.000102284
3 0.777344 0.142969 0.0265625 0.0671875 0.000104065
1 0.259375 0.00078125 0.025 0.0015625 0.000104799
2 0.0398437 0.895312 0.0796875 0.04375 0.000105876
2 0.0382813 0.782031 0.0765625 0.0453125 0.000106134
3 0.854688 0.672656 0.015625 0.0203125 0.000106264
3 0.167187 0.969531 0.028125 0.0609375 0.000107825
2 0.865625 0.925781 0.028125 0.0765625 0.000108299
2 0.0328125 0.746094 0.04375 0.0921875 0.000109749
2 0.889063 0.850781 0.021875 0.0921875 0.000110706
3 0.474219 0.499219 0.0453125 0.0296875 0.000111594
2 0.0359375 0.894531 0.04375 0.0890625 0.000113648
3 0.16875 0.975781 0.059375 0.0421875 0.000113895
2 0.059375 0.360156 0.059375 0.0296875 0.000114141
3 0.147656 0.244531 0.0265625 0.0828125 0.000115513
2 0.0671875 0.214844 0.028125 0.0921875 0.000115781
2 0.034375 0.31875 0.04375 0.096875 0.000116241
2 0.0375 0.515625 0.075 0.046875 0.000116517
2 0.0390625 0.707812 0.078125 0.046875 0.000118247
2 0.0390625 0.820312 0.078125 0.046875 0.000119509
3 0.784375 0.523438 0.015625 0.01875 0.00012262
2 0.0328125 0.707812 0.04375 0.09375 0.000123152
2 0.0367187 0.629687 0.0734375 0.04375 0.000124113
2 0.0335938 0.782031 0.0421875 0.0921875 0.000124208
2 0.0671875 0.214844 0.06875 0.0453125 0.000124621
2 0.795313 0.177344 0.078125 0.0734375 0.000125447
2 0.059375 0.397656 0.059375 0.0296875 0.000126425
3 0.149219 0.242969 0.0578125 0.0546875 0.000126929
3 0.783594 0.164062 0.0171875 0.025 0.000129594
0 0.528125 0.789062 0.03125 0.021875 0.000130372
0 0.792188 0.341406 0.053125 0.126563 0.000130707
0 0.785937 0.420312 0.059375 0.13125 0.000132493
2 0.0304688 0.630469 0.0421875 0.0890625 0.000132794
2 0.0304688 0.516406 0.0421875 0.0921875 0.000133561
3 0.853906 0.11875 0.0765625 0.14375 0.000137672
0 0.55 0.952344 0.0375 0.0359375 0.000137681
2 0.0390625 0.860156 0.078125 0.0484375 0.000137966
3 0.132031 0.0859375 0.0359375 0.084375 0.000142126
2 0.0375 0.550781 0.075 0.0453125 0.00014317
2 0.0382813 0.477344 0.0765625 0.0453125 0.000148398
1 0.723437 0.00078125 0.028125 0.0015625 0.000148592
2 0.034375 0.859375 0.04375 0.09375 0.000149511
0 0.548437 0.892187 0.046875 0.034375 0.000151274
2 0.876562 0.929688 0.075 0.128125 0.000151586
2 0.034375 0.821094 0.04375 0.0921875 0.00015479
3 0.14375 0.174219 0.025 0.0796875 0.000157422
2 0.0320312 0.477344 0.0421875 0.0890625 0.000161283
2 0.0382813 0.358594 0.0765625 0.0453125 0.00016228
3 0.795313 0.178906 0.04375 0.114063 0.000162929
2 0.0375 0.667969 0.075 0.0453125 0.000163094
3 0.782812 0.145313 0.01875 0.025 0.000166653
2 0.0664062 0.177344 0.0328125 0.0890625 0.0001692
2 0.0617188 0.285937 0.0609375 0.040625 0.000173077
2 0.059375 0.31875 0.028125 0.075 0.000174621
2 0.0460938 0.241406 0.0890625 0.0484375 0.000175293
1 0.736719 0.00234375 0.0578125 0.0046875 0.000175507
2 0.890625 0.925781 0.06875 0.0453125 0.000175964
1 0.703125 0.00078125 0.028125 0.0015625 0.000176556
2 0.0640625 0.941406 0.071875 0.0421875 0.000177223
3 0.48125 0.459375 0.03125 0.0125 0.000177502
2 0.03125 0.551562 0.04375 0.0875 0.000178936
2 0.0617188 0.284375 0.0265625 0.084375 0.000179342
2 0.0664062 0.177344 0.0703125 0.0453125 0.000183119
2 0.48125 0.478906 0.0375 0.0265625 0.000184197
2 0.0640625 0.940625 0.03125 0.096875 0.00018538
2 0.0320312 0.667969 0.0421875 0.0890625 0.000187282
2 0.0601562 0.321094 0.0609375 0.0328125 0.000187449
2 0.0335938 0.359375 0.0421875 0.090625 0.000191948
2 0.877344 0.882812 0.0921875 0.159375 0.000194644
1 0.284375 0.00234375 0.05625 0.0046875 0.000199896
2 0.0304688 0.592969 0.0421875 0.0890625 0.0002047
3 0.145313 0.172656 0.053125 0.0546875 0.000211606
2 0.0375 0.592969 0.075 0.0453125 0.000212053
1 0.279687 0.00078125 0.025 0.0015625 0.000212058
0 0.5375 0.85 0.0625 0.053125 0.000217377
1 0.751562 0.0015625 0.0375 0.003125 0.000218584
2 0.121094 0.880469 0.0578125 0.154687 0.000224175
2 0.891406 0.923437 0.0296875 0.090625 0.000231881
3 0.802344 0.125 0.0515625 0.046875 0.00023434
1 0.353906 0.0015625 0.0484375 0.003125 0.000251224
2 0.0445312 0.240625 0.0484375 0.09375 0.000258321
1 0.251563 0.0015625 0.0375 0.003125 0.000263625
3 0.14375 0.272656 0.01875 0.0734375 0.00028036
0 0.05 0.116406 0.0375 0.0953125 0.000296285
0 0.542188 0.865625 0.034375 0.025 0.000303479
1 0.299219 0.00078125 0.0265625 0.0015625 0.000314609
1 0.499219 0.0015625 0.0515625 0.003125 0.000320176
1 0.654688 0.00234375 0.05625 0.0046875 0.000322576
1 0.711719 0.0015625 0.0390625 0.003125 0.000325337
3 0.146875 0.271875 0.046875 0.046875 0.000330287
1 0.558594 0.994531 0.0296875 0.0109375 0.000336647
0 0.05 0.115625 0.059375 0.05625 0.000339216
1 0.43125 0.0015625 0.046875 0.003125 0.000343467
2 0.0648438 0.249219 0.0640625 0.0421875 0.000361462
2 0.0648438 0.249219 0.0296875 0.0828125 0.000363414
3 0.802344 0.125 0.0296875 0.075 0.000380873
1 0.582031 0.0015625 0.0546875 0.003125 0.000389783
1 0.547656 0.994531 0.0328125 0.0109375 0.000391417
1 0.289062 0.0015625 0.0375 0.003125 0.000435946
1 0.684375 0.00078125 0.028125 0.0015625 0.000500376
1 0.627344 0.00078125 0.0296875 0.0015625 0.000503231
3 0.791406 0.139844 0.0328125 0.0734375 0.000528454
1 0.53125 0.00078125 0.028125 0.0015625 0.00066695
1 0.570312 0.00078125 0.028125 0.0015625 0.000685722
1 0.647656 0.0015625 0.0296875 0.003125 0.000734997
1 0.607813 0.00078125 0.028125 0.0015625 0.000735651
1 0.395312 0.00078125 0.025 0.0015625 0.000748359
1 0.491406 0.00078125 0.0265625 0.0015625 0.000800826
1 0.635938 0.0015625 0.0375 0.003125 0.00087974
1 0.375781 0.00078125 0.0265625 0.0015625 0.000893888
0 0.539062 0.842188 0.0375 0.046875 0.000939125
1 0.415625 0.00078125 0.025 0.0015625 0.000972485
1 0.665625 0.00078125 0.028125 0.0015625 0.00101486
1 0.336719 0.00078125 0.0234375 0.0015625 0.00103269
1 0.325781 0.00078125 0.0328125 0.0015625 0.00114777
1 0.517969 0.0015625 0.0359375 0.003125 0.00117935
1 0.364062 0.0015625 0.034375 0.003125 0.00123262
1 0.557813 0.0015625 0.0375 0.003125 0.00124399
1 0.595312 0.0015625 0.0375 0.003125 0.00124661
1 0.476562 0.0015625 0.034375 0.003125 0.00137564
2 0.872656 0.104687 0.0703125 0.115625 0.0014462
0 0.53125 0.772656 0.034375 0.0296875 0.00146388
1 0.453125 0.00078125 0.028125 0.0015625 0.00151897
0 0.534375 0.816406 0.03125 0.0390625 0.00154325
0 0.535156 0.801562 0.0359375 0.028125 0.00156062
1 0.403906 0.0015625 0.0328125 0.003125 0.00158358
1 0.440625 0.0015625 0.034375 0.003125 0.00172363
1 0.553125 0.996875 0.03125 0.00625 0.0408182
3 0.475781 0.491406 0.0328125 0.0234375 0.0911011
3 0.467187 0.459375 0.028125 0.0125 0.745097
0 0.532812 0.782031 0.03125 0.0234375 0.755865
2 0.475781 0.491406 0.0328125 0.0234375 0.897
