3 0.146875 0.248437 0.059375 0.05625 0.000100518
3 0.167969 0.965625 0.0296875 0.06875 0.000101162
3 0.170312 0.973437 0.06875 0.05 0.000102794
2 0.900781 0.922656 0.0796875 0.0484375 0.000102926
3 0.795313 0.285937 0.053125 0.11875 0.000105966
2 0.217187 0.95 0.021875 0.046875 0.000107767
3 0.140625 0.153125 0.065625 0.05 0.000107873
2 0.897656 0.151562 0.0265625 0.103125 0.000109022
3 0.199219 0.699219 0.0140625 0.0171875 0.00011001
2 0.0609375 0.9 0.028125 0.075 0.000111196
1 0.175 0.0015625 0.04375 0.003125 0.000111289
3 0.140625 0.183594 0.028125 0.0765625 0.000111431
0 0.570312 0.945312 0.034375 0.03125 0.000112197
0 0.0460938 0.10625 0.0640625 0.05625 0.000112327
3 0.221094 0.903906 0.0359375 0.0296875 0.000116332
3 0.796875 0.333594 0.046875 0.110937 0.000120176
3 0.167969 0.234375 0.0578125 0.05625 0.000120516
2 0.891406 0.470313 0.0265625 0.09375 0.000123292
1 0.786719 0.00234375 0.0484375 0.0046875 0.000131935
3 0.769531 0.75 0.0390625 0.046875 0.000132169
2 0.0476562 0.28125 0.0484375 0.084375 0.000135005
3 0.221094 0.905469 0.0203125 0.0453125 0.000136343
1 0.720312 0.0046875 0.08125 0.009375 0.000137138
2 0.889844 0.472656 0.0765625 0.0421875 0.000139474
0 0.592969 0.729688 0.0484375 0.0375 0.00014282
1 0.325781 0.00234375 0.0328125 0.0046875 0.000144113
3 0.142188 0.182031 0.05625 0.0515625 0.000146524
2 0.792188 0.398438 0.078125 0.071875 0.000148015
0 0.0460938 0.10625 0.0421875 0.09375 0.000148532
2 0.901563 0.921094 0.03125 0.0984375 0.000149053
3 0.140625 0.15625 0.034375 0.08125 0.000151535
2 0.06875 0.942187 0.075 0.046875 0.000153505
2 0.06875 0.941406 0.03125 0.101562 0.000161298
2 0.167187 0.235156 0.034375 0.0765625 0.000168476
2 0.792969 0.400781 0.0453125 0.110937 0.000191795
3 0.149219 0.314844 0.0265625 0.0796875 0.000193068
3 0.150781 0.314063 0.0546875 0.053125 0.000201085
3 0.110156 0.228125 0.0296875 0.03125 0.000219548
3 0.135156 0.121875 0.0484375 0.053125 0.000227351
2 0.0609375 0.320312 0.028125 0.071875 0.000228633
1 0.280469 0.00234375 0.0609375 0.0046875 0.000229401
1 0.586719 0.989844 0.0546875 0.0203125 0.000234018
3 0.134375 0.122656 0.025 0.0734375 0.000240429
1 0.353906 0.00234375 0.0578125 0.0046875 0.000242063
1 0.725 0.0015625 0.034375 0.003125 0.00024372
1 0.214844 0.0015625 0.0421875 0.003125 0.00025054
3 0.757812 0.750781 0.028125 0.0296875 0.000256262
2 0.0609375 0.321094 0.059375 0.0328125 0.000269002
1 0.280469 0.00078125 0.0296875 0.0015625 0.000277132
3 0.146094 0.282813 0.0234375 0.08125 0.000286421
1 0.649219 0.00390625 0.0703125 0.0078125 0.000297307
0 0.582031 0.772656 0.0359375 0.0296875 0.000321702
2 0.0671875 0.252344 0.03125 0.0828125 0.000324476
3 0.147656 0.282031 0.0515625 0.0546875 0.000328243
1 0.764844 0.0015625 0.0328125 0.003125 0.000342017
2 0.0679687 0.252344 0.0671875 0.0421875 0.000353937
1 0.751562 0.0015625 0.04375 0.003125 0.000356417
1 0.428125 0.00234375 0.05625 0.0046875 0.000371241
3 0.189063 0.263281 0.021875 0.0515625 0.000432828
1 0.5 0.00234375 0.059375 0.0046875 0.000448901
1 0.575781 0.003125 0.0640625 0.00625 0.000478324
0 0.582812 0.870313 0.040625 0.053125 0.000509971
1 0.710156 0.0015625 0.0421875 0.003125 0.00052356
1 0.242969 0.00078125 0.0296875 0.0015625 0.000527593
0 0.0625 0.170312 0.0875 0.125 0.000555797
1 0.648438 0.0015625 0.034375 0.003125 0.000567179
2 0.740625 0.707812 0.03125 0.03125 0.000581245
1 0.260156 0.00078125 0.0296875 0.0015625 0.000584661
1 0.252344 0.0015625 0.0390625 0.003125 0.000678683
1 0.685938 0.0015625 0.034375 0.003125 0.000731136
1 0.300781 0.00078125 0.0296875 0.0015625 0.000743709
0 0.573438 0.929688 0.03125 0.03125 0.000784307
1 0.609375 0.0015625 0.034375 0.003125 0.000829501
1 0.672656 0.0015625 0.0421875 0.003125 0.000911753
1 0.3375 0.00078125 0.028125 0.0015625 0.00095724
1 0.635156 0.0015625 0.0421875 0.003125 0.000987733
1 0.288281 0.0015625 0.0390625 0.003125 0.00100648
3 0.725781 0.703125 0.0265625 0.025 0.00104534
1 0.53125 0.0015625 0.03125 0.003125 0.00105602
1 0.569531 0.0015625 0.0328125 0.003125 0.00109854
1 0.377344 0.0015625 0.0296875 0.003125 0.00110404
1 0.492188 0.00078125 0.03125 0.0015625 0.00110963
0 0.56875 0.989062 0.03125 0.021875 0.00112404
1 0.454688 0.0015625 0.03125 0.003125 0.00125678
1 0.414844 0.0015625 0.0296875 0.003125 0.00127987
3 0.602344 0.760156 0.0328125 0.0421875 0.00137991
0 0.0492188 0.164062 0.0421875 0.090625 0.00139241
1 0.594531 0.0015625 0.0390625 0.003125 0.0014762
1 0.557031 0.0015625 0.0390625 0.003125 0.00152299
1 0.365625 0.0015625 0.0375 0.003125 0.00156252
1 0.317969 0.00078125 0.0296875 0.0015625 0.00170328
1 0.440625 0.0015625 0.0375 0.003125 0.00173132
1 0.517187 0.0015625 0.0375 0.003125 0.00177024
1 0.478125 0.0015625 0.0375 0.003125 0.00186001
0 0.577344 0.840625 0.0328125 0.028125 0.00190107
1 0.402344 0.0015625 0.0359375 0.003125 0.00191701
0 0.572656 0.911719 0.0296875 0.0234375 0.00227067
0 0.573438 0.895312 0.028125 0.0375 0.00230843
1 0.56875 0.991406 0.03125 0.0171875 0.00346828
0 0.574219 0.869531 0.0328125 0.0296875 0.00370588
0 0.578906 0.798437 0.0296875 0.025 0.0049031
0 0.575 0.857813 0.028125 0.034375 0.00803837
1 0.571094 0.996875 0.0296875 0.00625 0.0323834
3 0.746875 0.732813 0.028125 0.03125 0.0717945
3 0.736719 0.720312 0.0359375 0.034375 0.218017
0 0.580469 0.786719 0.0328125 0.0265625 0.757841
3 0.757812 0.739844 0.025 0.0234375 0.847213
2 0.735937 0.719531 0.034375 0.0328125 0.899782
