3 0.19375 0.979688 0.025 0.040625 0.000100407
1 0.7875 0.0015625 0.046875 0.003125 0.000101532
0 0.588281 0.879687 0.0546875 0.05625 0.000104258
1 0.173438 0.0015625 0.04375 0.003125 0.000104531
2 0.857031 0.34375 0.0234375 0.08125 0.000104821
0 0.564062 0.75625 0.071875 0.103125 0.00010526
2 0.884375 0.870313 0.084375 0.153125 0.000107718
3 0.76875 0.279687 0.015625 0.021875 0.000108621
3 0.767187 0.235938 0.015625 0.021875 0.000109223
2 0.863281 0.926562 0.0265625 0.078125 0.0001104
3 0.173438 0.976562 0.059375 0.046875 0.000113665
3 0.136719 0.114063 0.0484375 0.05625 0.000114668
3 0.171094 0.96875 0.0265625 0.0625 0.000119799
2 0.0609375 0.321094 0.028125 0.0765625 0.000120169
2 0.059375 0.357812 0.05625 0.028125 0.000123204
0 0.572656 0.9375 0.0328125 0.0375 0.000129508
3 0.135937 0.116406 0.025 0.0796875 0.000131626
2 0.0609375 0.322656 0.0625 0.0359375 0.000134282
2 0.065625 0.939844 0.03125 0.0984375 0.000139555
2 0.065625 0.940625 0.071875 0.046875 0.000140182
3 0.774219 0.628125 0.0265625 0.053125 0.000141993
2 0.895312 0.811719 0.065625 0.0484375 0.000145279
1 0.724219 0.00390625 0.0734375 0.0078125 0.000167258
2 0.0632813 0.285156 0.0578125 0.0390625 0.000177502
2 0.0632813 0.285156 0.0265625 0.0765625 0.000178302
3 0.76875 0.222656 0.01875 0.0203125 0.000187912
3 0.778906 0.221094 0.0171875 0.0265625 0.000189041
3 0.832031 0.120312 0.0359375 0.084375 0.000191146
1 0.763281 0.00078125 0.0296875 0.0015625 0.000193707
3 0.125781 0.0898438 0.0578125 0.0390625 0.000203122
2 0.896875 0.810156 0.028125 0.0953125 0.000204314
0 0.56875 0.903125 0.034375 0.028125 0.000212601
0 0.0640625 0.167969 0.096875 0.142188 0.000218648
1 0.277344 0.00234375 0.0578125 0.0046875 0.000223755
1 0.214844 0.0015625 0.0421875 0.003125 0.000236056
2 0.873438 0.921875 0.075 0.121875 0.000260698
0 0.0460938 0.107031 0.0421875 0.0890625 0.00026129
3 0.144531 0.282031 0.0234375 0.0765625 0.000265949
1 0.555469 0.99375 0.0390625 0.009375 0.000278614
3 0.146875 0.280469 0.05 0.0515625 0.000288419
1 0.353906 0.0015625 0.0515625 0.003125 0.000295206
2 0.0671875 0.252344 0.03125 0.0796875 0.00032706
3 0.125781 0.090625 0.0328125 0.065625 0.000346855
2 0.0671875 0.253125 0.065625 0.040625 0.000347756
1 0.426562 0.0015625 0.053125 0.003125 0.000366945
0 0.575 0.839844 0.0375 0.0296875 0.000370561
1 0.653125 0.003125 0.065625 0.00625 0.000381269
1 0.742188 0.0015625 0.03125 0.003125 0.000420105
1 0.725781 0.0015625 0.0328125 0.003125 0.00042041
1 0.24375 0.00078125 0.028125 0.0015625 0.000426922
1 0.574219 0.00234375 0.0609375 0.0046875 0.000434509
1 0.502344 0.0015625 0.0546875 0.003125 0.000448392
2 0.7875 0.591406 0.015625 0.0359375 0.000477243
1 0.300781 0.00078125 0.0296875 0.0015625 0.000506795
0 0.577344 0.802344 0.0359375 0.0296875 0.000554875
1 0.710938 0.0015625 0.040625 0.003125 0.000592807
0 0.571094 0.892187 0.0296875 0.021875 0.000622162
3 0.198437 0.99375 0.01875 0.0125 0.00063145
1 0.609375 0.0015625 0.03125 0.003125 0.000644728
1 0.685156 0.0015625 0.0328125 0.003125 0.000664123
0 0.0515625 0.164844 0.04375 0.0984375 0.000678774
1 0.252344 0.0015625 0.0359375 0.003125 0.000798988
1 0.647656 0.0015625 0.0328125 0.003125 0.000806252
1 0.260938 0.00078125 0.028125 0.0015625 0.000889099
1 0.53125 0.0015625 0.03125 0.003125 0.000889886
1 0.49375 0.0015625 0.03125 0.003125 0.000896129
1 0.569531 0.0015625 0.0328125 0.003125 0.000909967
1 0.285937 0.0015625 0.0375 0.003125 0.000933202
1 0.31875 0.00078125 0.028125 0.0015625 0.000972935
1 0.635938 0.0015625 0.040625 0.003125 0.00105837
1 0.671094 0.0015625 0.0390625 0.003125 0.00109556
1 0.339063 0.00078125 0.028125 0.0015625 0.00120851
1 0.594531 0.0015625 0.0390625 0.003125 0.0012357
1 0.414844 0.00078125 0.0296875 0.0015625 0.00128809
1 0.555469 0.0015625 0.0390625 0.003125 0.00131716
1 0.453906 0.00078125 0.0296875 0.0015625 0.00131801
0 0.571875 0.883594 0.034375 0.0265625 0.00139676
1 0.377344 0.00078125 0.0296875 0.0015625 0.00145223
1 0.327344 0.0015625 0.0359375 0.003125 0.00154938
1 0.479688 0.0015625 0.0375 0.003125 0.00160003
1 0.517187 0.0015625 0.0375 0.003125 0.00160591
1 0.439844 0.0015625 0.0359375 0.003125 0.00175174
1 0.364844 0.0015625 0.0359375 0.003125 0.00196906
1 0.400781 0.0015625 0.0359375 0.003125 0.00197472
0 0.571875 0.871875 0.034375 0.03125 0.00222566
1 0.566406 0.992969 0.0296875 0.0140625 0.00265349
0 0.574219 0.85625 0.0359375 0.04375 0.0037119
0 0.583594 0.766406 0.0328125 0.0265625 0.00524009
0 0.579687 0.790625 0.03125 0.025 0.0114908
3 0.789844 0.602344 0.0234375 0.0328125 0.035188
1 0.567187 0.996875 0.028125 0.00625 0.0721386
3 0.823438 0.598437 0.0125 0.03125 0.713025
0 0.58125 0.779688 0.034375 0.025 0.769605
2 0.789844 0.603906 0.0234375 0.0328125 0.86511
