3 0.164062 0.125 0.028125 0.059375 0.000101579
3 0.835938 0.114844 0.0375 0.0734375 0.000102387
2 0.882812 0.35625 0.025 0.0875 0.000102747
1 0.173438 0.0015625 0.04375 0.003125 0.00010326
2 0.0421875 0.358594 0.084375 0.0609375 0.000103668
2 0.792188 0.644531 0.059375 0.126563 0.000104994
2 0.896094 0.153125 0.0265625 0.103125 0.000106249
2 0.05 0.166406 0.0875 0.0515625 0.000106606
2 0.0625 0.867188 0.065625 0.034375 0.00010753
0 0.332812 0.688281 0.05 0.0640625 0.000108406
2 0.0640625 0.907812 0.028125 0.071875 0.000110374
2 0.879687 0.857031 0.065625 0.0390625 0.000111307
3 0.230469 0.3375 0.0203125 0.05625 0.00011301
0 0.791406 0.874219 0.0640625 0.129688 0.000116677
3 0.140625 0.875 0.04375 0.046875 0.000116981
2 0.059375 0.438281 0.059375 0.0359375 0.000120133
2 0.857813 0.89375 0.1 0.1625 0.000120249
0 0.790625 0.721094 0.059375 0.126563 0.000120705
3 0.848437 0.28125 0.09375 0.1625 0.000121452
2 0.879687 0.854688 0.021875 0.084375 0.000122064
1 0.788281 0.00234375 0.0484375 0.0046875 0.000126447
2 0.0625 0.866406 0.034375 0.0671875 0.000128862
3 0.145313 0.178125 0.028125 0.078125 0.000129756
3 0.06875 0.577344 0.06875 0.142188 0.000133121
3 0.839063 0.105469 0.0375 0.0296875 0.000133305
1 0.567187 0.989062 0.034375 0.01875 0.000134107
2 0.859375 0.91875 0.05625 0.046875 0.00013559
2 0.890625 0.928906 0.071875 0.0421875 0.000139035
1 0.721875 0.0046875 0.08125 0.009375 0.000139615
3 0.146094 0.211719 0.0265625 0.0796875 0.00014838
2 0.0398437 0.357812 0.0484375 0.09375 0.00015029
2 0.0601562 0.435937 0.0296875 0.078125 0.000152684
0 0.984375 0.0234375 0.021875 0.046875 0.000154287
0 0.550781 0.841406 0.0421875 0.0296875 0.000157691
2 0.06875 0.252344 0.071875 0.0484375 0.000157818
2 0.892187 0.926562 0.028125 0.090625 0.000158579
2 0.0648438 0.178906 0.0609375 0.0484375 0.000159015
2 0.0679687 0.252344 0.0296875 0.0953125 0.000162383
2 0.071875 0.942187 0.03125 0.1 0.000164379
3 0.124219 0.0898438 0.0328125 0.0734375 0.000164569
3 0.282813 0.664062 0.01875 0.028125 0.000165014
3 0.147656 0.176563 0.0546875 0.05625 0.000174257
2 0.071875 0.94375 0.06875 0.065625 0.000176687
2 0.0632813 0.325 0.0703125 0.040625 0.000177368
2 0.0648438 0.178906 0.0328125 0.0828125 0.000179535
2 0.059375 0.402344 0.059375 0.0328125 0.000180251
2 0.860156 0.917969 0.0296875 0.0734375 0.000187117
3 0.148438 0.210156 0.053125 0.0546875 0.000195735
0 0.0476562 0.107031 0.0640625 0.0546875 0.000198272
0 0.0476562 0.107031 0.0421875 0.0921875 0.000202621
2 0.05 0.164844 0.05 0.0921875 0.000203219
0 0.533594 0.74375 0.0484375 0.034375 0.000204143
2 0.0609375 0.361719 0.0625 0.0359375 0.000208524
0 0.56875 0.935156 0.034375 0.0359375 0.00020971
2 0.125 0.889844 0.0625 0.148438 0.000211134
2 0.0601562 0.400781 0.0296875 0.0765625 0.000213288
3 0.765625 0.332812 0.0125 0.021875 0.000219368
1 0.213281 0.0015625 0.0421875 0.003125 0.000225392
2 0.0640625 0.323438 0.03125 0.090625 0.000226432
1 0.352344 0.00234375 0.0578125 0.0046875 0.000242381
3 0.153125 0.278125 0.025 0.075 0.000244303
1 0.278125 0.00234375 0.059375 0.0046875 0.000244682
1 0.646875 0.00390625 0.071875 0.0078125 0.000246338
2 0.0640625 0.286719 0.065625 0.0421875 0.000261048
2 0.0609375 0.360156 0.03125 0.0796875 0.000262144
1 0.764063 0.0015625 0.034375 0.003125 0.000280154
3 0.155469 0.277344 0.0515625 0.0484375 0.000285001
2 0.0640625 0.286719 0.028125 0.0859375 0.000299096
0 0.558594 0.904688 0.0328125 0.025 0.000342868
1 0.24375 0.00078125 0.028125 0.0015625 0.000349282
1 0.725 0.0015625 0.034375 0.003125 0.000360414
1 0.750781 0.0015625 0.0421875 0.003125 0.000388184
1 0.575 0.003125 0.065625 0.00625 0.000417406
3 0.136719 0.121094 0.0421875 0.0515625 0.000417753
1 0.429688 0.00234375 0.05625 0.0046875 0.000425587
1 0.496875 0.00234375 0.059375 0.0046875 0.000439167
1 0.685938 0.0015625 0.034375 0.003125 0.000487067
1 0.7125 0.0015625 0.04375 0.003125 0.000502932
1 0.3 0.0015625 0.03125 0.003125 0.000551375
1 0.647656 0.0015625 0.0359375 0.003125 0.000659026
0 0.0523437 0.165625 0.0390625 0.090625 0.000739601
1 0.569531 0.0015625 0.0328125 0.003125 0.000774519
1 0.609375 0.0015625 0.034375 0.003125 0.000816778
1 0.253906 0.0015625 0.0359375 0.003125 0.000827827
0 0.553906 0.860156 0.0359375 0.0265625 0.000833409
1 0.671875 0.0015625 0.040625 0.003125 0.00083649
1 0.2625 0.00078125 0.028125 0.0015625 0.000852464
1 0.634375 0.0015625 0.040625 0.003125 0.000904326
1 0.375781 0.0015625 0.0296875 0.003125 0.000982806
1 0.286719 0.0015625 0.0390625 0.003125 0.000983037
1 0.532812 0.0015625 0.03125 0.003125 0.000989319
1 0.339063 0.0015625 0.028125 0.003125 0.00100711
1 0.595312 0.0015625 0.040625 0.003125 0.00119133
2 0.0617188 0.169531 0.0890625 0.132812 0.00121672
1 0.490625 0.0015625 0.03125 0.003125 0.00125885
1 0.555469 0.0015625 0.0390625 0.003125 0.00135252
1 0.455469 0.0015625 0.0296875 0.003125 0.00140122
1 0.325781 0.0015625 0.0359375 0.003125 0.00140418
0 0.545313 0.803125 0.0375 0.046875 0.00143178
1 0.516406 0.0015625 0.0390625 0.003125 0.0015086
1 0.364062 0.0015625 0.0375 0.003125 0.00157988
1 0.415625 0.0015625 0.03125 0.003125 0.0016915
1 0.476562 0.0015625 0.0375 0.003125 0.00173011
1 0.403906 0.0015625 0.0359375 0.003125 0.00195451
0 0.552344 0.871875 0.0453125 0.04375 0.00223082
1 0.441406 0.0015625 0.0359375 0.003125 0.00228025
0 0.557031 0.891406 0.0328125 0.0234375 0.00258263
0 0.535156 0.757031 0.0390625 0.0265625 0.00368337
0 0.555469 0.878125 0.0328125 0.025 0.00464661
0 0.540625 0.780469 0.034375 0.0234375 0.0275583
1 0.566406 0.99375 0.0296875 0.009375 0.03841
1 0.567969 0.996875 0.0296875 0.00625 0.102162
3 0.314844 0.647656 0.0265625 0.0328125 0.448128
0 0.538281 0.771094 0.0359375 0.0265625 0.708865
3 0.28125 0.652344 0.015625 0.0296875 0.819162
2 0.314844 0.648438 0.0265625 0.03125 0.863023
