2 0.885938 0.626562 0.06875 0.04375 0.000100154
3 0.672656 0.246875 0.0234375 0.034375 0.000100209
2 0.886719 0.625 0.0234375 0.09375 0.000100754
2 0.0617188 0.283594 0.0265625 0.0828125 0.000101336
3 0.142188 0.110156 0.059375 0.0546875 0.000101451
1 0.277344 0.00078125 0.0234375 0.0015625 0.000103154
0 0.565625 0.821094 0.034375 0.0578125 0.000103651
1 0.258594 0.00078125 0.0234375 0.0015625 0.000104371
0 0.564062 0.746875 0.034375 0.05625 0.000105005
2 0.889844 0.775781 0.0234375 0.0953125 0.000106204
2 0.0648438 0.176563 0.0703125 0.046875 0.000107546
2 0.0648438 0.177344 0.0359375 0.0859375 0.000110132
2 0.891406 0.810938 0.0234375 0.096875 0.000110488
3 0.110156 0.151562 0.0328125 0.034375 0.000111387
3 0.192188 0.873438 0.01875 0.059375 0.000111752
0 0.557813 0.775781 0.03125 0.0265625 0.000113225
2 0.891406 0.8875 0.0265625 0.096875 0.000117759
2 0.889844 0.889844 0.0734375 0.0453125 0.000118696
1 0.440625 0.00234375 0.03125 0.0046875 0.000118778
2 0.889063 0.778125 0.065625 0.046875 0.000118874
0 0.564844 0.783594 0.0484375 0.0421875 0.000121474
3 0.811719 0.986719 0.0296875 0.0265625 0.000121634
2 0.889844 0.813281 0.0671875 0.0453125 0.000122478
2 0.890625 0.695312 0.021875 0.09375 0.000122989
1 0.297656 0.00078125 0.0234375 0.0015625 0.000123396
2 0.888281 0.507812 0.0640625 0.04375 0.0001249
2 0.889063 0.505469 0.021875 0.0921875 0.000130264
2 0.891406 0.923437 0.0703125 0.046875 0.000133152
0 0.866406 0.344531 0.0734375 0.135937 0.00013506
3 0.190625 0.253125 0.021875 0.059375 0.000135463
2 0.0664062 0.214844 0.0328125 0.0859375 0.000136492
3 0.851562 0.134375 0.028125 0.071875 0.000141506
2 0.889063 0.698438 0.065625 0.04375 0.000142156
0 0.557813 0.694531 0.04375 0.0390625 0.000146302
2 0.0664062 0.214844 0.0703125 0.0421875 0.000147908
3 0.163281 0.85625 0.0171875 0.021875 0.00014807
3 0.130469 0.0890625 0.0359375 0.084375 0.000151629
3 0.817969 0.995313 0.0203125 0.009375 0.000152751
2 0.886719 0.6625 0.0640625 0.04375 0.000156108
1 0.249219 0.0015625 0.0390625 0.003125 0.000160834
2 0.886719 0.660156 0.0234375 0.0890625 0.000163911
2 0.89375 0.921094 0.028125 0.0953125 0.000164563
1 0.596875 0.332031 0.0625 0.0296875 0.000166996
0 0.564844 0.940625 0.0328125 0.05 0.000168824
0 0.555469 0.960938 0.0359375 0.034375 0.000169543
3 0.142188 0.211719 0.025 0.0796875 0.000169689
0 0.870313 0.185156 0.059375 0.120312 0.000179149
1 0.788281 0.0015625 0.0421875 0.003125 0.000179271
2 0.870313 0.874219 0.090625 0.157813 0.000179759
1 0.28125 0.00234375 0.05625 0.0046875 0.000190803
1 0.596094 0.334375 0.0390625 0.05 0.000193274
3 0.627344 0.266406 0.0296875 0.0390625 0.000198794
2 0.0671875 0.940625 0.03125 0.096875 0.000205605
3 0.8125 0.991406 0.046875 0.0171875 0.000210669
2 0.8875 0.740625 0.0625 0.04375 0.000212803
3 0.845312 0.125781 0.01875 0.0203125 0.000215482
3 0.14375 0.209375 0.053125 0.053125 0.000216382
0 0.559375 0.684375 0.05625 0.1125 0.00022072
2 0.888281 0.738281 0.0234375 0.0890625 0.000222193
1 0.73125 0.00234375 0.059375 0.0046875 0.000224219
2 0.0664062 0.941406 0.0734375 0.0421875 0.000229966
0 0.553125 0.594531 0.03125 0.0453125 0.000246444
0 0.0476562 0.113281 0.0640625 0.0546875 0.00025336
0 0.557813 0.988281 0.034375 0.0203125 0.000257007
2 0.888281 0.579687 0.0203125 0.084375 0.000259852
3 0.145313 0.277344 0.021875 0.0765625 0.000269052
0 0.0476562 0.113281 0.0390625 0.0921875 0.000271014
3 0.146875 0.275781 0.05 0.0484375 0.000275585
2 0.888281 0.582031 0.0578125 0.0390625 0.000283073
0 0.559375 0.572656 0.034375 0.0296875 0.000294968
1 0.359375 0.0015625 0.04375 0.003125 0.0002962
1 0.43125 0.0015625 0.046875 0.003125 0.000309887
1 0.711719 0.0015625 0.0359375 0.003125 0.000310698
1 0.285937 0.0015625 0.0375 0.003125 0.000329555
2 0.065625 0.250781 0.028125 0.0796875 0.000342642
1 0.653125 0.0015625 0.053125 0.003125 0.00034352
2 0.0648438 0.25 0.0640625 0.0375 0.000384783
0 0.0539063 0.164844 0.0671875 0.0578125 0.000386881
1 0.317969 0.00078125 0.0234375 0.0015625 0.000389481
1 0.507031 0.00078125 0.0515625 0.0015625 0.000392113
3 0.626562 0.292188 0.03125 0.028125 0.000392384
0 0.557031 0.624219 0.0328125 0.0265625 0.000402241
0 0.617188 0.325781 0.046875 0.0453125 0.000415692
1 0.577344 0.0015625 0.0515625 0.003125 0.000426106
0 0.557813 0.534375 0.0375 0.034375 0.000456946
1 0.763281 0.00078125 0.0265625 0.0015625 0.000491989
0 0.0539063 0.164062 0.0421875 0.1 0.000501607
1 0.723437 0.00078125 0.028125 0.0015625 0.000567834
1 0.749219 0.0015625 0.0359375 0.003125 0.000580168
0 0.563281 0.595312 0.0328125 0.034375 0.000595326
1 0.338281 0.00078125 0.0234375 0.0015625 0.000624689
0 0.557813 0.675 0.03125 0.025 0.000657218
1 0.35625 0.00078125 0.025 0.0015625 0.000669136
1 0.685938 0.00078125 0.028125 0.0015625 0.000677841
3 0.65625 0.240625 0.028125 0.0375 0.000688457
1 0.608594 0.0015625 0.0296875 0.003125 0.000733824
1 0.395312 0.00078125 0.025 0.0015625 0.000807504
1 0.328125 0.00078125 0.034375 0.0015625 0.000862788
1 0.375 0.00078125 0.025 0.0015625 0.000885844
1 0.703906 0.00078125 0.0265625 0.0015625 0.000913079
1 0.451562 0.00078125 0.028125 0.0015625 0.00099152
1 0.417969 0.00078125 0.0265625 0.0015625 0.00111353
1 0.492188 0.00078125 0.028125 0.0015625 0.00120009
1 0.363281 0.00078125 0.0328125 0.0015625 0.00130846
1 0.670313 0.0015625 0.034375 0.003125 0.00130952
1 0.635156 0.0015625 0.0359375 0.003125 0.00145081
1 0.53125 0.00078125 0.028125 0.0015625 0.00159347
1 0.403906 0.0015625 0.0328125 0.003125 0.00159835
1 0.592969 0.0015625 0.0359375 0.003125 0.0016539
1 0.646875 0.00078125 0.028125 0.0015625 0.00171158
1 0.478906 0.0015625 0.0359375 0.003125 0.00172471
0 0.557031 0.648438 0.0328125 0.025 0.00175166
0 0.553906 0.638281 0.0453125 0.0421875 0.00179455
1 0.558594 0.992969 0.0296875 0.0140625 0.0021426
1 0.433594 0.00078125 0.0265625 0.0015625 0.00219273
1 0.519531 0.0015625 0.0359375 0.003125 0.00222539
1 0.569531 0.0015625 0.0296875 0.003125 0.00237879
1 0.55625 0.0015625 0.034375 0.003125 0.00238334
0 0.55625 0.6625 0.03125 0.025 0.00308978
1 0.558594 0.996875 0.0296875 0.00625 0.0457632
3 0.642187 0.271094 0.034375 0.0328125 0.316515
0 0.557813 0.551562 0.03125 0.025 0.762327
3 0.661719 0.242969 0.0265625 0.0203125 0.819032
2 0.642187 0.270312 0.034375 0.03125 0.863671
