2 0.1125 0.20625 0.03125 0.03125 0.000100684
2 0.792188 0.315625 0.084375 0.071875 0.000100946
2 0.157031 0.945312 0.0703125 0.0625 0.000101366
3 0.140625 0.148438 0.0625 0.05625 0.00010444
2 0.852344 0.267188 0.0484375 0.04375 0.000107365
2 0.891406 0.924219 0.0734375 0.0453125 0.000112496
0 0.575781 0.872656 0.0328125 0.0296875 0.000113742
3 0.619531 0.599219 0.0578125 0.0296875 0.000117671
3 0.84375 0.938281 0.028125 0.0734375 0.000118691
0 0.864062 0.650781 0.078125 0.139062 0.000123158
2 0.852344 0.266406 0.0171875 0.0828125 0.000123341
2 0.847656 0.205469 0.0953125 0.160938 0.000126656
2 0.892969 0.921875 0.0296875 0.096875 0.000127824
0 0.572656 0.910937 0.0359375 0.03125 0.000128082
0 0.0484375 0.103125 0.065625 0.05625 0.000128654
3 0.80625 0.111719 0.03125 0.0265625 0.000129365
0 0.573438 0.949219 0.03125 0.0234375 0.000130785
3 0.791406 0.317187 0.0515625 0.109375 0.000135866
3 0.170312 0.96875 0.059375 0.05 0.000145398
3 0.16875 0.964063 0.025 0.071875 0.000145783
3 0.146094 0.309375 0.0265625 0.078125 0.000148611
1 0.585938 0.990625 0.05625 0.01875 0.000151256
0 0.0484375 0.102344 0.040625 0.0921875 0.000156709
3 0.167187 0.126563 0.028125 0.05625 0.000159662
3 0.822656 0.109375 0.0265625 0.03125 0.000162434
3 0.832812 0.116406 0.040625 0.0859375 0.00016578
2 0.878125 0.874219 0.090625 0.154687 0.000166573
1 0.764063 0.00078125 0.03125 0.0015625 0.000169185
3 0.147656 0.308594 0.0578125 0.0484375 0.000170491
1 0.725 0.00390625 0.075 0.0078125 0.000175601
3 0.767187 0.200781 0.01875 0.0234375 0.000178942
1 0.215625 0.0015625 0.04375 0.003125 0.000187034
3 0.142969 0.217187 0.0265625 0.078125 0.000193238
2 0.0664062 0.940625 0.0328125 0.096875 0.000194079
2 0.0664062 0.942187 0.0765625 0.04375 0.000197011
2 0.0601562 0.319531 0.0265625 0.0703125 0.000218615
3 0.800781 0.129688 0.0265625 0.03125 0.000234797
1 0.278125 0.00234375 0.059375 0.0046875 0.000244979
2 0.0609375 0.321094 0.05625 0.0328125 0.000246329
0 0.579687 0.798437 0.0375 0.065625 0.000249959
3 0.145313 0.215625 0.05625 0.053125 0.00025802
0 0.575 0.897656 0.03125 0.0484375 0.000274777
3 0.807031 0.119531 0.0328125 0.0609375 0.000276169
1 0.353906 0.0015625 0.0546875 0.003125 0.000283071
1 0.75 0.0015625 0.040625 0.003125 0.000325054
2 0.0648438 0.251563 0.0296875 0.078125 0.000326425
3 0.135937 0.120312 0.046875 0.053125 0.000331555
3 0.145313 0.280469 0.021875 0.0796875 0.000335961
3 0.147656 0.278906 0.0484375 0.0515625 0.000342004
3 0.134375 0.121875 0.025 0.075 0.000355877
1 0.725 0.0015625 0.034375 0.003125 0.000369215
1 0.650781 0.003125 0.0671875 0.00625 0.000370281
1 0.242188 0.00078125 0.028125 0.0015625 0.000377704
2 0.065625 0.250781 0.065625 0.0390625 0.000402837
1 0.426562 0.0015625 0.053125 0.003125 0.000419395
0 0.570312 0.863281 0.04375 0.0453125 0.000469087
1 0.575781 0.00234375 0.0609375 0.0046875 0.000473321
1 0.499219 0.0015625 0.0546875 0.003125 0.000487002
0 0.573438 0.939062 0.03125 0.03125 0.00049777
1 0.686719 0.0015625 0.0328125 0.003125 0.000499331
1 0.3 0.00078125 0.028125 0.0015625 0.000503308
1 0.7125 0.0015625 0.040625 0.003125 0.000526335
1 0.646875 0.0015625 0.034375 0.003125 0.000584628
2 0.875 0.107813 0.075 0.115625 0.000642679
1 0.260938 0.00078125 0.028125 0.0015625 0.000672405
1 0.251563 0.0015625 0.0375 0.003125 0.000681908
1 0.569531 0.0015625 0.0328125 0.003125 0.000771078
0 0.0492188 0.159375 0.0421875 0.09375 0.000787741
1 0.53125 0.0015625 0.03125 0.003125 0.000809408
1 0.286719 0.0015625 0.0390625 0.003125 0.000828623
1 0.673437 0.0015625 0.040625 0.003125 0.000837165
1 0.610156 0.0015625 0.0328125 0.003125 0.000868549
1 0.377344 0.0015625 0.0296875 0.003125 0.000917832
2 0.667969 0.589063 0.0296875 0.03125 0.000970946
1 0.634375 0.0015625 0.040625 0.003125 0.00100539
1 0.453906 0.00078125 0.0296875 0.0015625 0.00120237
1 0.555469 0.0015625 0.0390625 0.003125 0.00126482
1 0.3375 0.00078125 0.028125 0.0015625 0.00129957
1 0.596094 0.0015625 0.0390625 0.003125 0.00132774
1 0.325781 0.0015625 0.0359375 0.003125 0.00138755
0 0.574219 0.816406 0.0328125 0.0265625 0.00144765
1 0.49375 0.0015625 0.03125 0.003125 0.00145788
1 0.364844 0.0015625 0.0359375 0.003125 0.00164909
1 0.516406 0.0015625 0.0390625 0.003125 0.00169017
1 0.479688 0.0015625 0.0375 0.003125 0.00180915
1 0.56875 0.991406 0.03125 0.0140625 0.00194419
1 0.439063 0.0015625 0.0375 0.003125 0.00198355
1 0.414844 0.0015625 0.0296875 0.003125 0.00212203
1 0.402344 0.0015625 0.0359375 0.003125 0.00213385
0 0.575 0.8375 0.03125 0.021875 0.00674018
1 0.571094 0.996875 0.0296875 0.00625 0.0380177
3 0.659375 0.595312 0.03125 0.034375 0.227901
3 0.671875 0.582031 0.028125 0.0296875 0.278857
0 0.574219 0.827344 0.0296875 0.0234375 0.747849
3 0.677344 0.575781 0.0234375 0.0203125 0.765217
2 0.659375 0.595312 0.03125 0.034375 0.856452
