2 0.110156 0.146875 0.0359375 0.0375 0.000100051
2 0.890625 0.886719 0.028125 0.0984375 0.000101112
2 0.0390625 0.782031 0.078125 0.0484375 0.000101942
2 0.03125 0.630469 0.04375 0.0953125 0.000102422
2 0.886719 0.775781 0.0234375 0.0921875 0.000103309
3 0.144531 0.136719 0.0609375 0.0578125 0.0001037
2 0.059375 0.396875 0.028125 0.071875 0.000103894
2 0.03125 0.394531 0.04375 0.0953125 0.000103915
2 0.059375 0.705469 0.028125 0.0703125 0.000104667
2 0.867188 0.11875 0.134375 0.103125 0.000104772
3 0.766406 0.117969 0.0265625 0.0640625 0.000105373
3 0.148438 0.102344 0.065625 0.0671875 0.000105518
2 0.03125 0.553125 0.04375 0.096875 0.000107321
2 0.0609375 0.902344 0.03125 0.0828125 0.000108366
0 0.788281 0.333594 0.0578125 0.129688 0.000108641
2 0.885938 0.740625 0.0625 0.04375 0.000110137
2 0.0601562 0.744531 0.0296875 0.0765625 0.000110831
2 0.0382813 0.667969 0.0765625 0.0484375 0.000111362
3 0.765625 0.128125 0.01875 0.025 0.000111577
0 0.517969 0.535937 0.0640625 0.04375 0.000112168
1 0.729688 0.00390625 0.0625 0.0078125 0.000112753
2 0.0601562 0.398438 0.0609375 0.028125 0.000113411
2 0.0304688 0.705469 0.0453125 0.0984375 0.000114478
1 0.403906 0.00234375 0.0296875 0.0046875 0.000115477
3 0.35 0.996875 0.021875 0.00625 0.000117845
2 0.059375 0.746094 0.0625 0.0328125 0.000117908
3 0.145313 0.208594 0.05625 0.0546875 0.000119567
2 0.0382813 0.514063 0.0765625 0.046875 0.000119757
3 0.753906 0.996875 0.0203125 0.00625 0.000120085
2 0.059375 0.707031 0.059375 0.0296875 0.000120178
3 0.352344 0.992969 0.0265625 0.0140625 0.000121836
0 0.546094 0.811719 0.0421875 0.0390625 0.000122673
0 0.516406 0.635156 0.0609375 0.0359375 0.000123441
2 0.059375 0.552344 0.05625 0.0296875 0.000125732
2 0.0320312 0.782031 0.0453125 0.0984375 0.00012697
2 0.040625 0.28125 0.046875 0.1 0.000128702
3 0.13125 0.0851562 0.0625 0.0515625 0.000130419
2 0.864062 0.924219 0.025 0.0765625 0.000131359
2 0.0492188 0.1625 0.0515625 0.096875 0.000131936
2 0.0382813 0.744531 0.0765625 0.0484375 0.000136054
2 0.0445312 0.241406 0.0890625 0.0515625 0.000136666
3 0.767187 0.142969 0.01875 0.0234375 0.000136888
2 0.889844 0.8125 0.0234375 0.09375 0.000139242
1 0.241406 0.00078125 0.0265625 0.0015625 0.000140361
1 0.278906 0.00390625 0.0671875 0.0078125 0.000141317
2 0.885938 0.739062 0.021875 0.0875 0.000141829
2 0.0390625 0.435937 0.078125 0.046875 0.000143072
2 0.03125 0.667969 0.04375 0.0953125 0.00014538
2 0.889063 0.814844 0.06875 0.0453125 0.000146093
0 0.435156 0.496094 0.0484375 0.0359375 0.000146827
2 0.0390625 0.360156 0.078125 0.0484375 0.00014766
2 0.0328125 0.514063 0.04375 0.09375 0.000154872
1 0.75 0.0015625 0.040625 0.003125 0.000155721
3 0.395312 0.540625 0.028125 0.046875 0.000156168
3 0.414062 0.564844 0.03125 0.0234375 0.000156184
2 0.0601562 0.322656 0.0640625 0.0359375 0.000156778
2 0.0640625 0.942969 0.075 0.0453125 0.000160475
2 0.0601562 0.321094 0.0296875 0.0796875 0.000161948
3 0.167969 0.969531 0.0234375 0.0609375 0.000161992
3 0.359375 0.992188 0.059375 0.015625 0.000165261
1 0.725781 0.00078125 0.0296875 0.0015625 0.000168441
2 0.0320312 0.746094 0.0453125 0.0953125 0.000169794
1 0.258594 0.00078125 0.0265625 0.0015625 0.000172545
0 0.0515625 0.116406 0.0375 0.0984375 0.000175792
2 0.0640625 0.941406 0.03125 0.0984375 0.00017639
2 0.059375 0.435156 0.028125 0.0671875 0.000182449
3 0.410937 0.510938 0.046875 0.040625 0.000184867
2 0.0382813 0.591406 0.0765625 0.0484375 0.000185121
2 0.0328125 0.436719 0.04375 0.0921875 0.000185178
2 0.0335938 0.360156 0.0453125 0.0953125 0.000185741
3 0.16875 0.975781 0.05625 0.0390625 0.000191765
3 0.148438 0.275781 0.021875 0.0796875 0.000191941
2 0.0390625 0.858594 0.078125 0.0484375 0.000194789
2 0.0429688 0.240625 0.0484375 0.1 0.0001979
3 0.150781 0.275 0.0546875 0.05 0.000211912
1 0.299219 0.00078125 0.0265625 0.0015625 0.00021246
2 0.0679687 0.176563 0.0640625 0.046875 0.000214904
2 0.0617188 0.285937 0.0609375 0.040625 0.000217439
0 0.0507812 0.116406 0.0640625 0.0578125 0.00021794
2 0.059375 0.4375 0.05625 0.028125 0.000218608
2 0.059375 0.361719 0.059375 0.0328125 0.000220387
2 0.059375 0.360156 0.028125 0.0734375 0.000224461
2 0.0320312 0.591406 0.0453125 0.0921875 0.000224786
3 0.130469 0.0851562 0.0359375 0.0796875 0.000226787
2 0.0671875 0.177344 0.03125 0.0859375 0.000234774
2 0.0617188 0.285156 0.0265625 0.0828125 0.000237713
2 0.0335938 0.858594 0.0453125 0.0953125 0.00024956
1 0.249219 0.0015625 0.0390625 0.003125 0.000310389
1 0.355469 0.0015625 0.0484375 0.003125 0.000334261
0 0.544531 0.7875 0.0328125 0.028125 0.000339111
2 0.065625 0.249219 0.028125 0.0859375 0.000349471
2 0.065625 0.249219 0.065625 0.0421875 0.000351244
1 0.286719 0.0015625 0.0390625 0.003125 0.000414043
1 0.708594 0.0015625 0.0390625 0.003125 0.000415882
1 0.658594 0.00234375 0.0578125 0.0046875 0.000416889
1 0.627344 0.0015625 0.0296875 0.003125 0.000426045
1 0.647656 0.00078125 0.0296875 0.0015625 0.000432574
1 0.430469 0.0015625 0.0484375 0.003125 0.000435009
0 0.419531 0.523438 0.0390625 0.03125 0.000448125
1 0.576563 0.00234375 0.05625 0.0046875 0.000462989
1 0.500781 0.0015625 0.0515625 0.003125 0.000478362
3 0.360938 0.996094 0.03125 0.0078125 0.000594809
3 0.814062 0.105469 0.065625 0.0453125 0.000628396
1 0.532031 0.00078125 0.0296875 0.0015625 0.000678895
1 0.355469 0.00078125 0.0265625 0.0015625 0.000701972
1 0.378125 0.00078125 0.028125 0.0015625 0.000730534
1 0.569531 0.00078125 0.0296875 0.0015625 0.000888273
1 0.414844 0.00078125 0.0265625 0.0015625 0.000925369
1 0.607031 0.0015625 0.0296875 0.003125 0.000925868
3 0.789062 0.136719 0.0375 0.0859375 0.000967043
0 0.513281 0.547656 0.0359375 0.0265625 0.000989341
3 0.357031 0.996875 0.0203125 0.00625 0.000989491
1 0.635156 0.0015625 0.0390625 0.003125 0.00100545
0 0.516406 0.5875 0.0359375 0.0375 0.00103049
1 0.673437 0.0015625 0.0375 0.003125 0.00103371
1 0.3375 0.00078125 0.025 0.0015625 0.00108773
1 0.326562 0.0015625 0.034375 0.003125 0.00109147
1 0.453125 0.00078125 0.028125 0.0015625 0.00109385
0 0.542969 0.75625 0.0359375 0.078125 0.00112992
1 0.492188 0.00078125 0.028125 0.0015625 0.001235
1 0.592969 0.0015625 0.0359375 0.003125 0.00124275
1 0.684375 0.0015625 0.028125 0.003125 0.00132047
1 0.557031 0.0015625 0.0359375 0.003125 0.0013391
0 0.536719 0.698438 0.0296875 0.025 0.00140435
1 0.365625 0.0015625 0.034375 0.003125 0.00142291
1 0.517187 0.0015625 0.0375 0.003125 0.00143317
1 0.478125 0.0015625 0.034375 0.003125 0.00161959
1 0.395312 0.00078125 0.028125 0.0015625 0.00167208
1 0.440625 0.0015625 0.034375 0.003125 0.00167813
2 0.867188 0.103906 0.071875 0.107813 0.00196239
0 0.5375 0.732031 0.05 0.0609375 0.00214091
0 0.542969 0.766406 0.0328125 0.0328125 0.00240863
0 0.522656 0.603906 0.0359375 0.0265625 0.00261657
3 0.414062 0.578906 0.040625 0.0578125 0.00330544
0 0.541406 0.753906 0.0296875 0.0265625 0.00357867
0 0.536719 0.714844 0.0296875 0.0453125 0.00386336
3 0.400781 0.578125 0.0296875 0.021875 0.00482177
0 0.539844 0.742969 0.0296875 0.0265625 0.00582939
0 0.525 0.624219 0.034375 0.0265625 0.00795634
1 0.555469 0.994531 0.0328125 0.0109375 0.0126459
0 0.51875 0.56875 0.034375 0.021875 0.0189957
0 0.535156 0.679688 0.0296875 0.03125 0.0251235
1 0.553906 0.996875 0.0296875 0.00625 0.0259841
0 0.528906 0.654688 0.0328125 0.028125 0.0279983
0 0.532031 0.669531 0.0265625 0.0296875 0.166529
3 0.415625 0.542188 0.034375 0.034375 0.259362
0 0.515625 0.557813 0.034375 0.025 0.739931
3 0.403906 0.570312 0.0265625 0.021875 0.846484
2 0.414062 0.541406 0.034375 0.0328125 0.85138
