1 0.749219 0.00234375 0.0453125 0.0046875 0.000100116
2 0.889844 0.813281 0.0734375 0.0453125 0.0001005
3 0.228906 0.292188 0.0203125 0.05625 0.000101409
2 0.891406 0.925781 0.0734375 0.0453125 0.000103404
3 0.765625 0.855469 0.01875 0.0234375 0.000103658
3 0.278906 0.996875 0.0234375 0.00625 0.00010571
1 0.553906 0.992188 0.0453125 0.009375 0.000106232
3 0.109375 0.133594 0.03125 0.0359375 0.000106783
1 0.278906 0.00078125 0.0265625 0.0015625 0.000106809
1 0.723437 0.00078125 0.028125 0.0015625 0.000107514
3 0.783594 0.192969 0.0171875 0.0203125 0.000108007
3 0.110937 0.223438 0.028125 0.03125 0.000109692
3 0.801562 0.1 0.1 0.046875 0.000112351
2 0.892969 0.922656 0.0296875 0.0953125 0.000113715
2 0.859375 0.8875 0.1 0.1625 0.000119943
3 0.7625 0.125781 0.01875 0.0234375 0.00012113
3 0.110937 0.150781 0.03125 0.0328125 0.00012129
3 0.757812 0.402344 0.021875 0.0359375 0.000125129
3 0.846094 0.995313 0.0203125 0.009375 0.000129557
2 0.154687 0.944531 0.034375 0.0953125 0.000131581
2 0.992188 0.177344 0.015625 0.0421875 0.000132307
3 0.144531 0.310156 0.0265625 0.0796875 0.000132372
2 0.89375 0.696094 0.021875 0.0953125 0.000136144
1 0.703125 0.00078125 0.028125 0.0015625 0.000140965
2 0.889063 0.853125 0.025 0.096875 0.000142469
3 0.146875 0.309375 0.05625 0.05 0.000143749
2 0.155469 0.944531 0.0703125 0.0640625 0.000145344
0 0.569531 0.716406 0.0609375 0.104687 0.000146371
3 0.817187 0.815625 0.015625 0.025 0.000146849
1 0.247656 0.0015625 0.0390625 0.003125 0.000154465
2 0.892187 0.698438 0.0625 0.046875 0.000155341
2 0.0617188 0.285156 0.0265625 0.0765625 0.000158119
2 0.0617188 0.285156 0.0578125 0.0359375 0.000161042
3 0.138281 0.1125 0.0296875 0.08125 0.0001622
2 0.894531 0.660937 0.0609375 0.05 0.00016321
2 0.896094 0.658594 0.0203125 0.0984375 0.00016542
3 0.139844 0.110937 0.0546875 0.05625 0.000175164
2 0.8875 0.854688 0.075 0.04375 0.000178404
1 0.2875 0.0015625 0.040625 0.003125 0.000189687
3 0.161719 0.992969 0.0265625 0.0140625 0.000192911
2 0.0625 0.247656 0.028125 0.0796875 0.00020226
3 0.132031 0.0890625 0.0578125 0.05 0.000206051
2 0.85625 0.81875 0.09375 0.159375 0.000206138
2 0.0625 0.247656 0.0625 0.0390625 0.000209113
3 0.800781 0.804688 0.0140625 0.025 0.000217028
3 0.14375 0.279687 0.025 0.078125 0.000236186
0 0.0484375 0.108594 0.0625 0.0546875 0.000237712
0 0.0484375 0.107813 0.040625 0.090625 0.000240506
3 0.145313 0.278125 0.053125 0.05 0.000254812
0 0.0515625 0.163281 0.06875 0.0578125 0.000254986
0 0.571875 0.660156 0.0625 0.0953125 0.000258531
2 0.065625 0.942187 0.071875 0.04375 0.000265604
2 0.065625 0.940625 0.03125 0.096875 0.000270629
1 0.710938 0.0015625 0.040625 0.003125 0.000276688
0 0.0507812 0.163281 0.0421875 0.101562 0.000332627
1 0.357812 0.0015625 0.046875 0.003125 0.000343906
1 0.685938 0.00078125 0.028125 0.0015625 0.000356924
3 0.132031 0.0890625 0.0328125 0.078125 0.000372497
1 0.659375 0.00234375 0.05625 0.0046875 0.000417463
1 0.626562 0.00078125 0.028125 0.0015625 0.00043885
1 0.608594 0.00078125 0.0265625 0.0015625 0.000439329
1 0.432031 0.0015625 0.0484375 0.003125 0.000439427
1 0.578906 0.0015625 0.0546875 0.003125 0.000459543
2 0.875 0.727344 0.078125 0.151562 0.000460729
1 0.3375 0.00078125 0.025 0.0015625 0.000474204
0 0.588281 0.628125 0.0328125 0.03125 0.000510657
1 0.646875 0.00078125 0.028125 0.0015625 0.000523573
1 0.50625 0.00078125 0.05 0.0015625 0.000556061
1 0.327344 0.00078125 0.0359375 0.0015625 0.000576381
0 0.578906 0.713281 0.0328125 0.0265625 0.000603887
1 0.673437 0.0015625 0.0375 0.003125 0.000676414
3 0.782031 0.139062 0.0453125 0.090625 0.000705991
1 0.375781 0.00078125 0.0265625 0.0015625 0.000749125
0 0.58125 0.723437 0.034375 0.03125 0.000756858
3 0.733594 0.424219 0.0265625 0.0296875 0.000761467
1 0.453906 0.00078125 0.0265625 0.0015625 0.000788151
1 0.635156 0.0015625 0.0390625 0.003125 0.000803498
1 0.569531 0.00078125 0.0265625 0.0015625 0.000808955
1 0.415625 0.00078125 0.025 0.0015625 0.000844665
1 0.491406 0.00078125 0.0265625 0.0015625 0.000959839
1 0.594531 0.0015625 0.0359375 0.003125 0.000962658
1 0.364062 0.00078125 0.034375 0.0015625 0.000988184
0 0.592188 0.592969 0.0375 0.0296875 0.00103013
3 0.758594 0.430469 0.0421875 0.0828125 0.0011042
1 0.402344 0.00078125 0.0359375 0.0015625 0.00113387
1 0.530469 0.00078125 0.0265625 0.0015625 0.00115965
1 0.555469 0.0015625 0.0359375 0.003125 0.00122274
1 0.517969 0.00078125 0.0359375 0.0015625 0.00131384
1 0.441406 0.0015625 0.0359375 0.003125 0.00141634
1 0.478906 0.00078125 0.0359375 0.0015625 0.00150029
0 0.596875 0.557031 0.034375 0.0265625 0.00245077
0 0.582031 0.703906 0.0390625 0.0359375 0.00304605
3 0.776563 0.425781 0.021875 0.0609375 0.00352469
0 0.586719 0.651563 0.0328125 0.03125 0.00905835
0 0.58125 0.695312 0.03125 0.025 0.0104214
0 0.59375 0.580469 0.034375 0.0234375 0.0127466
1 0.56875 0.99375 0.034375 0.009375 0.0157332
0 0.585156 0.6625 0.0296875 0.028125 0.0308963
1 0.56875 0.996875 0.028125 0.00625 0.0542747
0 0.582812 0.677344 0.028125 0.0296875 0.0620958
3 0.745313 0.419531 0.028125 0.0328125 0.365312
3 0.770312 0.41875 0.015625 0.028125 0.737241
0 0.594531 0.56875 0.0328125 0.025 0.75123
2 0.74375 0.41875 0.025 0.03125 0.891492
