2 0.059375 0.515625 0.0625 0.034375 0.000100398
2 0.0601562 0.826563 0.0640625 0.0375 0.000101973
1 0.202344 0.00078125 0.0296875 0.0015625 0.000102135
2 0.895312 0.153125 0.065625 0.053125 0.000102505
2 0.0421875 0.857031 0.046875 0.0921875 0.000102577
2 0.890625 0.275781 0.075 0.0453125 0.000102687
3 0.145313 0.252344 0.028125 0.0796875 0.000104093
2 0.885156 0.857031 0.0234375 0.0921875 0.000104558
2 0.059375 0.553125 0.028125 0.075 0.000105403
2 0.0382813 0.319531 0.0453125 0.0984375 0.000105858
2 0.0601562 0.438281 0.0296875 0.0828125 0.000106865
1 0.176563 0.0015625 0.04375 0.003125 0.000108521
3 0.105469 0.889844 0.0734375 0.154687 0.000108629
2 0.891406 0.273438 0.0265625 0.096875 0.000111925
2 0.0367187 0.396094 0.0453125 0.0953125 0.000112319
2 0.848437 0.382812 0.05 0.0375 0.000113218
2 0.883594 0.858594 0.0703125 0.0421875 0.000113366
2 0.059375 0.514063 0.028125 0.078125 0.000114318
3 0.166406 0.1625 0.0296875 0.065625 0.000114817
3 0.144531 0.216406 0.0578125 0.0546875 0.000119316
2 0.884375 0.817969 0.06875 0.0421875 0.000120431
1 0.789062 0.0015625 0.046875 0.003125 0.000121
0 0.984375 0.025 0.025 0.05 0.000122721
0 0.789062 0.880469 0.065625 0.129688 0.000123612
2 0.0601562 0.825 0.0328125 0.075 0.000126423
3 0.146875 0.250781 0.05625 0.0546875 0.000128668
1 0.721094 0.0046875 0.0828125 0.009375 0.000130137
2 0.0640625 0.288281 0.028125 0.0890625 0.000133413
2 0.885156 0.816406 0.0234375 0.0890625 0.000133809
2 0.848437 0.382812 0.01875 0.071875 0.000135278
2 0.0648438 0.289062 0.0671875 0.04375 0.000136302
2 0.059375 0.476562 0.05625 0.03125 0.000136493
2 0.897656 0.115625 0.0296875 0.1 0.000139629
0 0.790625 0.802344 0.096875 0.0765625 0.000143131
2 0.059375 0.475 0.028125 0.075 0.000146438
2 0.0460938 0.239844 0.0484375 0.0953125 0.000147462
2 0.0640625 0.94375 0.03125 0.09375 0.000150365
2 0.0640625 0.944531 0.075 0.0421875 0.00015037
3 0.769531 0.410156 0.0140625 0.0203125 0.000150466
0 0.542188 0.95 0.03125 0.025 0.000161111
3 0.335156 0.78125 0.0359375 0.040625 0.000163334
2 0.889844 0.927344 0.0671875 0.0421875 0.000173156
1 0.763281 0.0015625 0.0328125 0.003125 0.000175543
3 0.148438 0.283594 0.025 0.0796875 0.000178466
2 0.0625 0.324219 0.06875 0.0390625 0.000178912
2 0.888281 0.890625 0.0265625 0.09375 0.000181588
2 0.8875 0.892187 0.071875 0.04375 0.000185751
3 0.136719 0.157031 0.0296875 0.0796875 0.000186366
0 0.791406 0.805469 0.0578125 0.123438 0.000186418
3 0.138281 0.15625 0.0546875 0.05625 0.000188284
2 0.890625 0.925 0.028125 0.0875 0.000195888
3 0.767969 0.31875 0.0171875 0.021875 0.000196303
3 0.363281 0.767187 0.0328125 0.028125 0.000201383
3 0.15 0.282031 0.053125 0.0515625 0.00020501
2 0.0617188 0.322656 0.0296875 0.0859375 0.000208763
1 0.278125 0.003125 0.0625 0.00625 0.000219838
1 0.558594 0.994531 0.0296875 0.0109375 0.000224648
2 0.857031 0.275 0.0953125 0.1625 0.000234308
1 0.65 0.00390625 0.075 0.0078125 0.000241793
1 0.213281 0.0015625 0.0421875 0.003125 0.00025533
2 0.0601562 0.398438 0.0578125 0.034375 0.000258331
2 0.059375 0.396875 0.028125 0.075 0.000270688
1 0.353125 0.00234375 0.05625 0.0046875 0.00027285
2 0.0609375 0.3625 0.059375 0.034375 0.000299175
0 0.05 0.15625 0.06875 0.05625 0.000318724
1 0.749219 0.0015625 0.0421875 0.003125 0.000319211
2 0.0601562 0.360938 0.0296875 0.075 0.00033935
1 0.725 0.0015625 0.034375 0.003125 0.000358424
2 0.0664062 0.252344 0.0609375 0.0421875 0.000369219
2 0.0664062 0.252344 0.0296875 0.0796875 0.000374694
1 0.425 0.00234375 0.05625 0.0046875 0.00039334
1 0.242969 0.00078125 0.0296875 0.0015625 0.000395871
1 0.571875 0.003125 0.065625 0.00625 0.000399653
1 0.5 0.00234375 0.059375 0.0046875 0.000425029
0 0.05 0.155469 0.04375 0.0984375 0.0004251
1 0.711719 0.0015625 0.0421875 0.003125 0.00049452
1 0.686719 0.0015625 0.0328125 0.003125 0.000500886
0 0.0476562 0.117969 0.0421875 0.0890625 0.000568042
1 0.608594 0.0015625 0.0328125 0.003125 0.000590105
1 0.260938 0.00078125 0.028125 0.0015625 0.000632531
0 0.528906 0.8875 0.0390625 0.034375 0.000634324
0 0.530469 0.863281 0.0390625 0.0390625 0.000635069
1 0.648438 0.0015625 0.034375 0.003125 0.000675136
1 0.251563 0.0015625 0.0375 0.003125 0.000706787
1 0.53125 0.0015625 0.03125 0.003125 0.000784336
1 0.673437 0.0015625 0.040625 0.003125 0.000800061
1 0.569531 0.0015625 0.0328125 0.003125 0.000889775
1 0.635156 0.0015625 0.0421875 0.003125 0.00091906
1 0.3 0.00078125 0.03125 0.0015625 0.000919605
3 0.328125 0.841406 0.05 0.0515625 0.00103724
1 0.49375 0.0015625 0.03125 0.003125 0.00106573
1 0.2875 0.0015625 0.0375 0.003125 0.00106833
0 0.538281 0.902344 0.0390625 0.0359375 0.00107277
1 0.453125 0.0015625 0.03125 0.003125 0.00115033
1 0.59375 0.0015625 0.040625 0.003125 0.00117888
1 0.555469 0.0015625 0.0390625 0.003125 0.00129125
1 0.416406 0.00078125 0.0296875 0.0015625 0.00129411
1 0.377344 0.0015625 0.0296875 0.003125 0.00133392
0 0.517969 0.803906 0.0421875 0.0453125 0.0014231
1 0.339063 0.0015625 0.028125 0.003125 0.0015045
0 0.539844 0.914844 0.0359375 0.0234375 0.0016211
1 0.517187 0.0015625 0.0375 0.003125 0.00165149
1 0.479688 0.0015625 0.0375 0.003125 0.00166319
1 0.326562 0.0015625 0.034375 0.003125 0.00171347
1 0.439063 0.0015625 0.0375 0.003125 0.00179116
1 0.364844 0.0015625 0.0359375 0.003125 0.00189783
0 0.542188 0.928125 0.034375 0.025 0.0019201
1 0.402344 0.0015625 0.0359375 0.003125 0.00204597
0 0.526563 0.842188 0.0375 0.028125 0.00240586
0 0.551562 0.992969 0.03125 0.0140625 0.00254079
0 0.546094 0.939062 0.0328125 0.03125 0.00340969
0 0.522656 0.829687 0.0390625 0.025 0.0183821
1 0.551562 0.996094 0.028125 0.0078125 0.0693465
3 0.339063 0.8125 0.034375 0.03125 0.0927664
0 0.521094 0.81875 0.0390625 0.025 0.752097
3 0.322656 0.834375 0.0234375 0.021875 0.843656
2 0.341406 0.80625 0.0359375 0.03125 0.874815
