3 0.739844 0.211719 0.0265625 0.0671875 0.000101426
1 0.0796875 0.0046875 0.046875 0.009375 0.00010148
2 0.852344 0.307813 0.0171875 0.08125 0.000102413
2 0.110156 0.20625 0.0296875 0.03125 0.000102523
2 0.892969 0.923437 0.0296875 0.096875 0.000102865
0 0.857813 0.649219 0.08125 0.139062 0.000104225
0 0.621875 0.715625 0.0625 0.10625 0.000106049
3 0.23125 0.838281 0.01875 0.0546875 0.000108577
3 0.764063 0.221094 0.015625 0.0265625 0.000108718
3 0.139844 0.147656 0.0296875 0.0796875 0.000111543
1 0.175781 0.0015625 0.0453125 0.003125 0.000113025
3 0.160156 0.173438 0.0828125 0.13125 0.0001144
3 0.133594 0.148438 0.0921875 0.121875 0.000117958
1 0.553906 0.994531 0.0421875 0.0109375 0.000119419
0 0.0484375 0.107813 0.04375 0.09375 0.000119755
2 0.889844 0.853125 0.0765625 0.046875 0.000120596
3 0.791406 0.314844 0.0515625 0.110937 0.000121721
3 0.149219 0.307813 0.0609375 0.05 0.000122872
3 0.834375 0.0898438 0.025 0.0328125 0.000123157
3 0.771875 0.142969 0.034375 0.0640625 0.000128403
1 0.585938 0.991406 0.05625 0.0171875 0.000131334
3 0.141406 0.146875 0.0578125 0.053125 0.000133774
0 0.572656 0.913281 0.0359375 0.0328125 0.000133891
3 0.78125 0.132031 0.028125 0.0265625 0.000135716
1 0.726562 0.0046875 0.075 0.009375 0.000138649
2 0.877344 0.878125 0.0921875 0.15625 0.000152421
2 0.0625 0.286719 0.0625 0.0421875 0.000155339
2 0.0632813 0.285937 0.0265625 0.084375 0.000155889
3 0.14375 0.214062 0.028125 0.08125 0.000157325
0 0.56875 0.95 0.0375 0.0375 0.000163353
3 0.767187 0.146875 0.028125 0.025 0.000168572
3 0.767187 0.29375 0.015625 0.021875 0.000171351
3 0.8 0.132812 0.028125 0.028125 0.000177609
1 0.763281 0.00078125 0.0296875 0.0015625 0.00017801
3 0.827344 0.115625 0.0390625 0.090625 0.000194734
2 0.877344 0.10625 0.0828125 0.128125 0.000197789
2 0.0609375 0.320312 0.028125 0.075 0.000198823
3 0.146094 0.2125 0.0578125 0.053125 0.000200774
2 0.0671875 0.941406 0.03125 0.0984375 0.000210297
2 0.0601562 0.321875 0.0578125 0.034375 0.000223434
1 0.214844 0.0015625 0.0421875 0.003125 0.000224026
3 0.164062 0.127344 0.028125 0.0484375 0.000229037
1 0.278906 0.00234375 0.0578125 0.0046875 0.000230723
3 0.782812 0.145313 0.025 0.03125 0.00023374
2 0.0671875 0.942187 0.075 0.04375 0.000236104
3 0.195312 0.990625 0.021875 0.0125 0.000239393
0 0.065625 0.170312 0.0875 0.121875 0.000275472
1 0.353906 0.0015625 0.0515625 0.003125 0.00027828
3 0.148438 0.28125 0.05 0.053125 0.000279404
3 0.146094 0.282031 0.0234375 0.0796875 0.000279422
0 0.582031 0.796094 0.0359375 0.0640625 0.000285487
1 0.750781 0.0015625 0.0421875 0.003125 0.000293001
0 0.853906 0.483594 0.0640625 0.110937 0.000306048
2 0.0648438 0.251563 0.0296875 0.08125 0.000313576
1 0.725 0.0015625 0.034375 0.003125 0.000320431
2 0.0648438 0.251563 0.0640625 0.040625 0.000335002
0 0.575 0.896094 0.03125 0.0484375 0.000365741
1 0.24375 0.00078125 0.028125 0.0015625 0.000366198
1 0.427344 0.0015625 0.0515625 0.003125 0.000396697
1 0.652344 0.003125 0.0671875 0.00625 0.000400055
1 0.300781 0.00078125 0.0296875 0.0015625 0.000425102
2 0.689844 0.588281 0.0265625 0.0296875 0.000427285
3 0.135937 0.124219 0.046875 0.0453125 0.000430131
1 0.5 0.0015625 0.05625 0.003125 0.000430384
0 0.569531 0.865625 0.0421875 0.04375 0.000442828
1 0.7125 0.0015625 0.04375 0.003125 0.00045967
1 0.575 0.00234375 0.0625 0.0046875 0.000504149
1 0.685156 0.0015625 0.0328125 0.003125 0.000506168
1 0.279687 0.00078125 0.028125 0.0015625 0.00050663
0 0.572656 0.9375 0.0328125 0.03125 0.000513021
1 0.647656 0.0015625 0.0328125 0.003125 0.000534968
3 0.135937 0.125781 0.025 0.0703125 0.000547911
1 0.261719 0.00078125 0.0265625 0.0015625 0.000550564
1 0.532031 0.0015625 0.0296875 0.003125 0.000578189
1 0.609375 0.0015625 0.03125 0.003125 0.000667734
1 0.252344 0.0015625 0.0359375 0.003125 0.000681115
3 0.785937 0.150781 0.04375 0.0828125 0.000794869
1 0.2875 0.0015625 0.0375 0.003125 0.000863432
1 0.671875 0.0015625 0.040625 0.003125 0.000877481
1 0.635156 0.0015625 0.0421875 0.003125 0.000893796
3 0.801562 0.127344 0.03125 0.0546875 0.000926265
1 0.376563 0.0015625 0.028125 0.003125 0.000992357
0 0.0507812 0.161719 0.0421875 0.0890625 0.00115317
1 0.453906 0.00078125 0.0296875 0.0015625 0.00126126
1 0.3375 0.00078125 0.028125 0.0015625 0.00127773
0 0.575 0.816406 0.03125 0.0265625 0.00130053
1 0.59375 0.0015625 0.0375 0.003125 0.00132151
1 0.56875 0.0015625 0.03125 0.003125 0.00132347
1 0.492969 0.0015625 0.0296875 0.003125 0.00139466
1 0.416406 0.0015625 0.0296875 0.003125 0.00144221
1 0.55625 0.0015625 0.0375 0.003125 0.00145942
1 0.326562 0.0015625 0.034375 0.003125 0.0015256
1 0.517187 0.0015625 0.0375 0.003125 0.00165144
1 0.364844 0.0015625 0.0359375 0.003125 0.00168441
1 0.478125 0.0015625 0.0375 0.003125 0.00173785
1 0.403125 0.0015625 0.034375 0.003125 0.00189296
1 0.439844 0.0015625 0.0359375 0.003125 0.00191716
1 0.569531 0.992969 0.0296875 0.0109375 0.00408689
0 0.575 0.8375 0.03125 0.021875 0.00412324
1 0.571094 0.996875 0.0296875 0.00625 0.0623098
3 0.68125 0.592188 0.03125 0.034375 0.297694
0 0.575 0.827344 0.03125 0.0234375 0.749385
3 0.700781 0.575 0.0234375 0.021875 0.819789
2 0.678906 0.595312 0.0328125 0.034375 0.853616
