2 0.059375 0.475781 0.028125 0.0828125 0.000100111
3 0.139844 0.845312 0.0453125 0.046875 0.000100846
3 0.841406 0.125 0.0359375 0.03125 0.000101425
3 0.2375 0.267188 0.025 0.046875 0.000101686
2 0.892969 0.925781 0.0296875 0.0953125 0.000101888
2 0.897656 0.1125 0.0296875 0.103125 0.000102675
3 0.158594 0.316406 0.0328125 0.0890625 0.000103265
3 0.839844 0.139844 0.0640625 0.0484375 0.000103601
1 0.878125 0.360156 0.028125 0.0765625 0.000103687
3 0.872656 0.115625 0.0421875 0.0875 0.000105234
3 0.160156 0.316406 0.0671875 0.0609375 0.000106508
2 0.2125 0.370313 0.053125 0.125 0.00010685
2 0.0375 0.31875 0.046875 0.1 0.000111358
2 0.0367187 0.358594 0.0453125 0.0984375 0.00011191
0 0.046875 0.0835937 0.040625 0.0890625 0.000112481
1 0.786719 0.00234375 0.0484375 0.0046875 0.000114467
0 0.563281 0.867969 0.0359375 0.0390625 0.000114837
2 0.110937 0.207031 0.028125 0.0328125 0.0001176
1 0.0796875 0.00390625 0.040625 0.0078125 0.000123109
1 0.202344 0.00078125 0.0296875 0.0015625 0.000125642
3 0.14375 0.217969 0.05625 0.0546875 0.000126113
2 0.0414063 0.435156 0.0828125 0.0453125 0.00013309
3 0.807813 0.43125 0.01875 0.071875 0.000134002
3 0.325 0.708594 0.025 0.0328125 0.000134054
3 0.148438 0.248437 0.028125 0.08125 0.000134962
1 0.176563 0.0015625 0.040625 0.003125 0.000135765
3 0.321094 0.760156 0.0453125 0.0734375 0.000138134
2 0.863281 0.8875 0.0984375 0.1625 0.000140212
3 0.139062 0.152344 0.028125 0.0765625 0.000140484
2 0.0617188 0.400781 0.0671875 0.0359375 0.000143008
1 0.221875 0.00078125 0.028125 0.0015625 0.000145824
3 0.150781 0.246875 0.0546875 0.05625 0.000147195
0 0.550781 0.888281 0.0359375 0.0296875 0.000147446
2 0.0476562 0.242969 0.0859375 0.0671875 0.000148743
3 0.790625 0.2875 0.053125 0.115625 0.000153187
2 0.791406 0.638281 0.0828125 0.0734375 0.000155974
3 0.14375 0.930469 0.021875 0.0640625 0.000156007
3 0.139844 0.151562 0.0546875 0.053125 0.000158169
3 0.071875 0.747656 0.0625 0.135937 0.000158923
3 0.06875 0.658594 0.065625 0.139062 0.000165543
1 0.722656 0.0046875 0.0796875 0.009375 0.00017026
3 0.778906 0.629687 0.0421875 0.0375 0.000170476
2 0.0609375 0.4 0.03125 0.084375 0.000174652
0 0.552344 0.898438 0.0359375 0.059375 0.000175564
2 0.059375 0.439063 0.059375 0.034375 0.00017945
2 0.0617188 0.3625 0.0671875 0.0375 0.000180897
0 0.41875 0.75 0.05 0.05625 0.000181485
3 0.839063 0.141406 0.0375 0.0796875 0.000188746
2 0.103125 0.911719 0.075 0.148438 0.000189332
2 0.0367187 0.435156 0.0453125 0.0890625 0.000190257
2 0.792188 0.639844 0.05 0.114063 0.000191316
3 0.145313 0.929688 0.04375 0.04375 0.000192427
1 0.278125 0.003125 0.0625 0.00625 0.000198938
2 0.883594 0.816406 0.0578125 0.0390625 0.000201945
2 0.0617188 0.361719 0.0296875 0.0859375 0.000203079
2 0.849219 0.307813 0.0453125 0.040625 0.000207954
2 0.321094 0.759375 0.0484375 0.05625 0.000214146
2 0.046875 0.241406 0.05 0.0984375 0.000220482
0 0.547656 0.867188 0.0390625 0.03125 0.000220975
3 0.778906 0.63125 0.0234375 0.059375 0.000228542
2 0.0601562 0.436719 0.0296875 0.0765625 0.000229143
3 0.135937 0.123438 0.05 0.053125 0.000233895
2 0.848437 0.307813 0.01875 0.06875 0.000234332
2 0.884375 0.814844 0.021875 0.0828125 0.000244286
1 0.353906 0.00234375 0.0578125 0.0046875 0.000254937
2 0.0679687 0.942969 0.0359375 0.0890625 0.000255917
1 0.648438 0.00390625 0.071875 0.0078125 0.000258201
3 0.135156 0.124219 0.0265625 0.0734375 0.00026486
2 0.0671875 0.252344 0.065625 0.0453125 0.000279931
2 0.0671875 0.252344 0.03125 0.0859375 0.000293167
1 0.2125 0.0015625 0.040625 0.003125 0.000296391
2 0.0625 0.286719 0.05625 0.0390625 0.000297084
2 0.0617188 0.285156 0.0265625 0.0765625 0.000312493
2 0.0625 0.324219 0.065625 0.0390625 0.000313219
2 0.0679687 0.94375 0.0765625 0.040625 0.000320794
0 0.53125 0.782031 0.05 0.0765625 0.000335104
2 0.0632813 0.322656 0.0296875 0.0828125 0.000344012
0 0.557031 0.936719 0.0328125 0.0296875 0.000348002
3 0.782812 0.634375 0.015625 0.021875 0.00037131
1 0.242188 0.00078125 0.028125 0.0015625 0.000376751
0 0.05 0.155469 0.0625 0.0546875 0.000390164
1 0.725 0.0015625 0.034375 0.003125 0.000414297
1 0.749219 0.0015625 0.0421875 0.003125 0.00041865
0 0.0507812 0.113281 0.0390625 0.0859375 0.000426816
1 0.425 0.00234375 0.05625 0.0046875 0.000427367
1 0.499219 0.00234375 0.0609375 0.0046875 0.000436271
1 0.573438 0.003125 0.065625 0.00625 0.000448998
1 0.763281 0.0015625 0.0328125 0.003125 0.000463114
1 0.686719 0.0015625 0.0328125 0.003125 0.00048645
0 0.0492188 0.155469 0.0390625 0.0953125 0.000498629
1 0.713281 0.0015625 0.0421875 0.003125 0.000524415
0 0.558594 0.796094 0.0515625 0.0796875 0.000546072
3 0.15 0.278906 0.01875 0.0703125 0.000567854
1 0.299219 0.00078125 0.0296875 0.0015625 0.000629408
1 0.647656 0.0015625 0.0359375 0.003125 0.000632065
3 0.151562 0.278125 0.04375 0.046875 0.000695881
1 0.2625 0.00078125 0.028125 0.0015625 0.00073632
1 0.609375 0.0015625 0.034375 0.003125 0.000767657
1 0.532031 0.0015625 0.0328125 0.003125 0.000792186
1 0.672656 0.0015625 0.0421875 0.003125 0.000800641
1 0.250781 0.0015625 0.0359375 0.003125 0.000833147
1 0.634375 0.0015625 0.040625 0.003125 0.000854862
1 0.2875 0.0015625 0.0375 0.003125 0.000959156
1 0.376563 0.0015625 0.03125 0.003125 0.00100634
1 0.569531 0.0015625 0.0328125 0.003125 0.00105492
1 0.453125 0.0015625 0.03125 0.003125 0.00119846
1 0.59375 0.0015625 0.040625 0.003125 0.00130574
1 0.49375 0.0015625 0.03125 0.003125 0.00130597
0 0.561719 0.992969 0.0296875 0.0140625 0.00132203
0 0.557813 0.949219 0.034375 0.0328125 0.00134981
1 0.557031 0.0015625 0.0390625 0.003125 0.00139998
1 0.339844 0.0015625 0.0296875 0.003125 0.00154
0 0.559375 0.986719 0.0375 0.0234375 0.00155884
1 0.327344 0.0015625 0.0359375 0.003125 0.00161872
1 0.517187 0.0015625 0.0375 0.003125 0.0016904
1 0.478125 0.0015625 0.0375 0.003125 0.0017083
1 0.364062 0.0015625 0.0375 0.003125 0.00183731
1 0.415625 0.0015625 0.03125 0.003125 0.00204518
1 0.439063 0.0015625 0.0375 0.003125 0.00207463
1 0.402344 0.0015625 0.0359375 0.003125 0.00215609
0 0.538281 0.814062 0.0390625 0.028125 0.00326134
1 0.557813 0.991406 0.03125 0.0140625 0.00817411
1 0.560938 0.996094 0.03125 0.0078125 0.0265282
0 0.54375 0.838281 0.034375 0.0234375 0.0303437
3 0.316406 0.723437 0.0296875 0.034375 0.475802
0 0.540625 0.825781 0.0375 0.0265625 0.756627
3 0.282813 0.733594 0.01875 0.0296875 0.784719
2 0.317187 0.724219 0.028125 0.0328125 0.873851
