2 0.879687 0.5875 0.021875 0.084375 0.000101461
2 0.874219 0.879687 0.0953125 0.159375 0.000102248
0 0.54375 0.775781 0.078125 0.0640625 0.000104666
3 0.108594 0.129688 0.0328125 0.034375 0.000105133
0 0.552344 0.932031 0.0328125 0.0265625 0.00010566
2 0.059375 0.782031 0.028125 0.0734375 0.000106746
1 0.258594 0.00078125 0.0265625 0.0015625 0.000108165
1 0.730469 0.0046875 0.0703125 0.009375 0.000108544
2 0.884375 0.738281 0.021875 0.0890625 0.000110375
2 0.0585938 0.784375 0.0578125 0.034375 0.000110985
2 0.871875 0.595312 0.09375 0.1625 0.000112162
2 0.0351562 0.590625 0.0421875 0.090625 0.000115891
2 0.059375 0.360156 0.028125 0.0703125 0.000117318
2 0.0585938 0.859375 0.0265625 0.0625 0.000117773
2 0.040625 0.78125 0.08125 0.046875 0.000117899
0 0.353906 0.632031 0.0703125 0.129688 0.000118256
2 0.879687 0.625 0.021875 0.084375 0.000119398
2 0.0625 0.2875 0.065625 0.040625 0.000121046
2 0.8875 0.814844 0.0625 0.0421875 0.000121741
3 0.132031 0.084375 0.0421875 0.084375 0.000122656
2 0.0359375 0.510938 0.04375 0.090625 0.000125506
2 0.059375 0.3625 0.059375 0.03125 0.000125958
2 0.0625 0.286719 0.028125 0.0859375 0.000128143
2 0.0367187 0.395312 0.0453125 0.090625 0.000130624
2 0.882812 0.6625 0.021875 0.0875 0.000132547
1 0.28125 0.00390625 0.065625 0.0078125 0.000137113
2 0.8875 0.813281 0.021875 0.0890625 0.000140768
2 0.0398437 0.629687 0.0796875 0.04375 0.000142621
3 0.364844 0.549219 0.0234375 0.0234375 0.000142971
0 0.528125 0.682031 0.034375 0.0265625 0.000144004
2 0.0585938 0.860937 0.0515625 0.028125 0.000146609
2 0.0367187 0.782031 0.0453125 0.0921875 0.000153292
0 0.549219 0.948438 0.0390625 0.0375 0.000153651
0 0.544531 0.7875 0.0328125 0.028125 0.000155808
2 0.888281 0.889063 0.0703125 0.04375 0.000157313
2 0.040625 0.85625 0.08125 0.04375 0.000160697
2 0.889063 0.886719 0.028125 0.0921875 0.000162652
2 0.0359375 0.628906 0.04375 0.0890625 0.000167247
3 0.144531 0.279687 0.0234375 0.08125 0.000174762
1 0.546875 0.994531 0.034375 0.0109375 0.000180295
3 0.833594 0.090625 0.0234375 0.03125 0.000182356
3 0.146875 0.278125 0.053125 0.053125 0.000184059
2 0.0625 0.942187 0.071875 0.04375 0.000185796
1 0.299219 0.00078125 0.0265625 0.0015625 0.000188794
0 0.511719 0.538281 0.0484375 0.0296875 0.000190355
3 0.171094 0.971094 0.0234375 0.0578125 0.000194577
2 0.0609375 0.322656 0.059375 0.0359375 0.000195726
1 0.248437 0.0015625 0.040625 0.003125 0.000200802
2 0.0625 0.941406 0.03125 0.0953125 0.000209144
3 0.171875 0.977344 0.053125 0.0421875 0.000209415
2 0.0609375 0.321875 0.028125 0.075 0.000210865
1 0.710156 0.0015625 0.0421875 0.003125 0.000217974
2 0.0382813 0.855469 0.0453125 0.0859375 0.000225613
0 0.425 0.569531 0.034375 0.0484375 0.000245762
1 0.285937 0.0015625 0.040625 0.003125 0.00026077
2 0.117188 0.878125 0.059375 0.153125 0.000281064
2 0.0664062 0.177344 0.0328125 0.0828125 0.000290066
2 0.065625 0.177344 0.065625 0.0421875 0.000291809
1 0.685938 0.00078125 0.028125 0.0015625 0.000310853
1 0.357031 0.0015625 0.0484375 0.003125 0.000330409
0 0.0515625 0.117969 0.0375 0.0953125 0.000330682
2 0.0664062 0.251563 0.0296875 0.08125 0.000353909
0 0.545313 0.764844 0.046875 0.101562 0.000366132
1 0.657031 0.00234375 0.0609375 0.0046875 0.000387864
2 0.0671875 0.251563 0.065625 0.040625 0.000401246
0 0.0507812 0.117188 0.0609375 0.05625 0.000406479
1 0.502344 0.0015625 0.0546875 0.003125 0.000427687
1 0.646094 0.00078125 0.0296875 0.0015625 0.000451944
1 0.428906 0.0015625 0.0484375 0.003125 0.000458557
3 0.149219 0.102344 0.0640625 0.0546875 0.000466624
0 0.515625 0.586719 0.04375 0.0328125 0.000469544
1 0.576563 0.00234375 0.05625 0.0046875 0.000485157
1 0.671875 0.0015625 0.0375 0.003125 0.000553599
1 0.607813 0.0015625 0.028125 0.003125 0.000564517
1 0.532031 0.00078125 0.0296875 0.0015625 0.000617244
1 0.338281 0.00078125 0.0234375 0.0015625 0.000622233
1 0.377344 0.00078125 0.0265625 0.0015625 0.000640369
1 0.492188 0.00078125 0.028125 0.0015625 0.000701287
1 0.416406 0.00078125 0.0265625 0.0015625 0.000716776
1 0.633594 0.0015625 0.0390625 0.003125 0.000752604
0 0.539062 0.71875 0.03125 0.025 0.000782397
1 0.325781 0.0015625 0.0359375 0.003125 0.00080218
1 0.453125 0.00078125 0.028125 0.0015625 0.000877226
1 0.55625 0.992188 0.034375 0.015625 0.000899265
1 0.567969 0.00078125 0.0296875 0.0015625 0.000925131
1 0.59375 0.0015625 0.0375 0.003125 0.000961211
0 0.513281 0.546875 0.0359375 0.028125 0.000988981
0 0.524219 0.594531 0.0359375 0.0359375 0.00103432
1 0.364844 0.00078125 0.0359375 0.0015625 0.00104422
1 0.517969 0.0015625 0.0359375 0.003125 0.00110645
3 0.78125 0.142188 0.040625 0.078125 0.00112149
0 0.542969 0.767187 0.0328125 0.03125 0.0011403
1 0.477344 0.00078125 0.0359375 0.0015625 0.00120438
1 0.403125 0.00078125 0.034375 0.0015625 0.00120989
1 0.55625 0.0015625 0.0375 0.003125 0.00122237
0 0.536719 0.723437 0.0390625 0.090625 0.00127017
1 0.439844 0.00078125 0.0359375 0.0015625 0.00129419
0 0.542188 0.755469 0.03125 0.0265625 0.00173296
0 0.536719 0.705469 0.0296875 0.0453125 0.00174413
0 0.525781 0.625781 0.0359375 0.0265625 0.00197076
3 0.375781 0.54375 0.0265625 0.01875 0.00199803
0 0.539844 0.744531 0.0296875 0.0265625 0.00222553
2 0.86875 0.100781 0.071875 0.107813 0.00239605
0 0.534375 0.68125 0.03125 0.04375 0.00612774
0 0.530469 0.647656 0.0328125 0.0453125 0.00754264
0 0.51875 0.56875 0.034375 0.021875 0.0162246
0 0.532031 0.664062 0.0328125 0.028125 0.0183357
1 0.552344 0.996875 0.0296875 0.00625 0.0242127
3 0.377344 0.529688 0.0328125 0.03125 0.250949
3 0.385156 0.521094 0.0359375 0.0328125 0.283895
0 0.516406 0.559375 0.0359375 0.025 0.747314
3 0.367188 0.541406 0.025 0.0203125 0.828034
2 0.385938 0.514844 0.034375 0.0328125 0.851556
