2 0.0460938 0.239063 0.0484375 0.1 0.000100333
2 0.896094 0.15 0.0265625 0.103125 0.000101271
2 0.0445312 0.282031 0.0890625 0.0484375 0.000101331
3 0.845312 0.469531 0.040625 0.0359375 0.000101386
2 0.0625 0.942969 0.034375 0.0859375 0.000104091
2 0.888281 0.853125 0.0234375 0.09375 0.000104961
2 0.8875 0.855469 0.06875 0.0421875 0.00010575
2 0.790625 0.645312 0.084375 0.071875 0.000106589
3 0.148438 0.25 0.05625 0.05625 0.000108961
3 0.811719 0.502344 0.0203125 0.0765625 0.000110151
3 0.849219 0.613281 0.0171875 0.0671875 0.000114109
3 0.154687 0.3125 0.059375 0.05625 0.000114589
0 0.789844 0.883594 0.0609375 0.123438 0.00011477
3 0.845312 0.469531 0.015625 0.0640625 0.000115074
2 0.0367187 0.513281 0.0453125 0.0890625 0.000115702
0 0.458594 0.883594 0.0734375 0.101562 0.000115742
3 0.152344 0.313281 0.0296875 0.0828125 0.00011654
2 0.0351562 0.435156 0.0453125 0.0921875 0.000116881
2 0.848437 0.385938 0.01875 0.075 0.000118404
2 0.0601562 0.439063 0.0609375 0.034375 0.000118592
2 0.0609375 0.361719 0.065625 0.0359375 0.00011918
1 0.710938 0.003125 0.034375 0.00625 0.000121489
3 0.848437 0.497656 0.046875 0.0328125 0.000121507
3 0.139844 0.152344 0.0328125 0.0828125 0.000122742
2 0.0421875 0.28125 0.046875 0.096875 0.0001229
2 0.0351562 0.358594 0.0453125 0.0953125 0.000124066
3 0.140625 0.150781 0.059375 0.0578125 0.000126315
2 0.890625 0.928125 0.075 0.04375 0.000126397
3 0.0632813 0.164844 0.0984375 0.142188 0.000126489
2 0.059375 0.474219 0.028125 0.0734375 0.000126757
2 0.0585938 0.476562 0.0578125 0.03125 0.000126932
0 0.299219 0.840625 0.0359375 0.059375 0.000126968
3 0.0742188 0.736719 0.0671875 0.142188 0.000127189
2 0.0601562 0.438281 0.0296875 0.0796875 0.000127533
3 0.839063 0.189063 0.0375 0.0875 0.000128994
2 0.0617188 0.360938 0.0296875 0.08125 0.000129525
1 0.789062 0.0015625 0.046875 0.003125 0.00012969
0 0.985156 0.0257812 0.0234375 0.0515625 0.000131346
3 0.849219 0.613281 0.0453125 0.0328125 0.000131603
2 0.792188 0.647656 0.05 0.114063 0.000135838
3 0.135937 0.121094 0.053125 0.0578125 0.00014091
1 0.716406 0.0046875 0.0796875 0.009375 0.000146697
2 0.891406 0.926562 0.0296875 0.09375 0.000147628
0 0.326562 0.788281 0.040625 0.0328125 0.000150656
0 0.525781 0.873438 0.0421875 0.025 0.000156224
2 0.859375 0.890625 0.1 0.1625 0.000162167
0 0.0476562 0.117188 0.0640625 0.05625 0.000171484
3 0.134375 0.121875 0.028125 0.08125 0.000176944
3 0.288281 0.828125 0.0265625 0.028125 0.000193569
2 0.857031 0.280469 0.0953125 0.164062 0.000194431
2 0.0601562 0.4 0.0609375 0.03125 0.000198306
1 0.7625 0.0015625 0.03125 0.003125 0.000198365
2 0.0640625 0.288281 0.028125 0.0828125 0.000199051
2 0.0601562 0.398438 0.0296875 0.075 0.000206019
1 0.213281 0.0015625 0.0421875 0.003125 0.000213372
1 0.282031 0.003125 0.0609375 0.00625 0.000217252
2 0.0632813 0.289062 0.0640625 0.040625 0.000218389
3 0.200781 0.503125 0.0140625 0.015625 0.000223709
0 0.0476562 0.116406 0.0421875 0.0953125 0.000227574
2 0.0632813 0.321094 0.0296875 0.0796875 0.000243364
0 0.515625 0.85625 0.0375 0.040625 0.000244336
2 0.0625 0.322656 0.065625 0.0359375 0.000245957
3 0.147656 0.282031 0.0234375 0.0765625 0.000247582
3 0.301562 0.778906 0.028125 0.0265625 0.000248762
0 0.514063 0.805469 0.053125 0.0296875 0.000262628
1 0.351562 0.00234375 0.05625 0.0046875 0.000282036
3 0.15 0.28125 0.05 0.05 0.000299194
1 0.653125 0.00390625 0.071875 0.0078125 0.00030521
0 0.514844 0.795313 0.0453125 0.071875 0.000327344
1 0.559375 0.995313 0.034375 0.009375 0.000357107
1 0.242188 0.00078125 0.028125 0.0015625 0.000364675
1 0.571875 0.003125 0.065625 0.00625 0.000369714
1 0.742969 0.0015625 0.0328125 0.003125 0.00038392
1 0.428125 0.00234375 0.05625 0.0046875 0.000391766
2 0.0648438 0.251563 0.0609375 0.04375 0.000430345
1 0.725 0.0015625 0.034375 0.003125 0.000443268
1 0.499219 0.00234375 0.0578125 0.0046875 0.000443656
1 0.280469 0.0015625 0.0296875 0.003125 0.000445117
0 0.539062 0.907812 0.040625 0.03125 0.000469902
2 0.0648438 0.250781 0.0296875 0.0796875 0.000485109
1 0.260938 0.0015625 0.028125 0.003125 0.000531616
1 0.647656 0.0015625 0.0328125 0.003125 0.000575648
0 0.539844 0.91875 0.0359375 0.021875 0.000582524
1 0.608594 0.0015625 0.0328125 0.003125 0.000593057
1 0.251563 0.0015625 0.0375 0.003125 0.000604212
0 0.0515625 0.161719 0.065625 0.0546875 0.000605058
1 0.301562 0.00078125 0.03125 0.0015625 0.000617387
1 0.704687 0.0015625 0.034375 0.003125 0.000729024
1 0.571094 0.0015625 0.0328125 0.003125 0.000776346
0 0.0523437 0.161719 0.0421875 0.0921875 0.000776607
1 0.635156 0.0015625 0.0421875 0.003125 0.000835054
1 0.289844 0.0015625 0.0390625 0.003125 0.000930078
1 0.686719 0.0015625 0.0328125 0.003125 0.000953601
0 0.535156 0.889063 0.0390625 0.0375 0.000984408
1 0.45625 0.0015625 0.03125 0.003125 0.00102279
3 0.326562 0.782812 0.03125 0.028125 0.00104455
1 0.675 0.0015625 0.040625 0.003125 0.00107571
1 0.59375 0.0015625 0.040625 0.003125 0.00108366
3 0.299219 0.832812 0.0484375 0.046875 0.00108777
0 0.541406 0.928906 0.0328125 0.0234375 0.00117266
1 0.492188 0.0015625 0.03125 0.003125 0.00119987
1 0.551562 0.992188 0.03125 0.015625 0.00128178
1 0.377344 0.0015625 0.0296875 0.003125 0.00128297
1 0.555469 0.0015625 0.0390625 0.003125 0.00131549
1 0.529688 0.0015625 0.03125 0.003125 0.00141729
1 0.415625 0.0015625 0.03125 0.003125 0.00162169
0 0.550781 0.992969 0.0296875 0.0140625 0.00168375
1 0.515625 0.0015625 0.0375 0.003125 0.00170814
1 0.479688 0.0015625 0.0375 0.003125 0.00171853
0 0.546875 0.940625 0.034375 0.03125 0.00174154
1 0.402344 0.0015625 0.0359375 0.003125 0.00181658
0 0.527344 0.860156 0.0390625 0.0328125 0.00186683
1 0.363281 0.0015625 0.0359375 0.003125 0.00190538
1 0.3375 0.00078125 0.028125 0.0015625 0.00193138
1 0.440625 0.0015625 0.0375 0.003125 0.00196763
1 0.325781 0.0015625 0.0359375 0.003125 0.00197802
3 0.3 0.804688 0.028125 0.034375 0.00389604
0 0.515625 0.815625 0.040625 0.025 0.00882704
1 0.551562 0.996875 0.03125 0.00625 0.0389718
0 0.522656 0.839063 0.0359375 0.025 0.0429668
3 0.315625 0.800781 0.034375 0.0328125 0.461259
0 0.519531 0.825781 0.0390625 0.0265625 0.723249
3 0.296875 0.826563 0.025 0.021875 0.836198
2 0.317187 0.799219 0.034375 0.0328125 0.877618
