3 0.782031 0.620313 0.0140625 0.025 0.000100832
0 0.789844 0.877344 0.104687 0.0796875 0.000101448
2 0.210938 0.369531 0.05 0.114063 0.000102797
3 0.109375 0.189063 0.028125 0.034375 0.000103751
3 0.121875 0.0890625 0.034375 0.071875 0.000105712
3 0.839063 0.147656 0.0375 0.0859375 0.000106203
1 0.788281 0.00234375 0.0484375 0.0046875 0.0001063
1 0.2875 0.00234375 0.034375 0.0046875 0.000106351
0 0.792969 0.802344 0.0921875 0.0765625 0.000106558
1 0.710938 0.003125 0.0375 0.00625 0.000108339
3 0.840625 0.994531 0.01875 0.0109375 0.000108672
1 0.203125 0.00078125 0.03125 0.0015625 0.000110315
2 0.897656 0.111719 0.0265625 0.101562 0.000111716
2 0.846875 0.391406 0.01875 0.0703125 0.00011311
3 0.109375 0.207813 0.028125 0.03125 0.000113236
3 0.0625 0.735937 0.065625 0.1375 0.000114417
3 0.280469 0.817187 0.0234375 0.025 0.000115547
2 0.853906 0.278906 0.0953125 0.164062 0.00011661
2 0.0359375 0.359375 0.046875 0.096875 0.000116898
2 0.863281 0.890625 0.0984375 0.1625 0.000118623
2 0.0609375 0.4 0.065625 0.034375 0.00011943
3 0.823438 0.200781 0.025 0.0359375 0.000121928
2 0.0585938 0.514844 0.0578125 0.0296875 0.000122547
3 0.132031 0.117969 0.0296875 0.0796875 0.000124306
2 0.889844 0.926562 0.0734375 0.04375 0.000126478
3 0.0664062 0.822656 0.0640625 0.135937 0.00012821
0 0.79375 0.804688 0.05625 0.121875 0.000128908
2 0.0585938 0.514063 0.0296875 0.071875 0.000129403
3 0.0648438 0.16875 0.0984375 0.14375 0.00012942
2 0.0609375 0.399219 0.03125 0.0828125 0.00013098
2 0.886719 0.855469 0.0234375 0.0921875 0.00013205
1 0.716406 0.0046875 0.0796875 0.009375 0.000133656
2 0.0460938 0.240625 0.0484375 0.096875 0.000134741
2 0.885938 0.857031 0.06875 0.0421875 0.000136891
1 0.221875 0.00078125 0.03125 0.0015625 0.0001398
0 0.789844 0.880469 0.0640625 0.129688 0.000143807
2 0.891406 0.925 0.0296875 0.090625 0.000144936
0 0.567969 0.758594 0.0703125 0.117188 0.000144942
1 0.175781 0.0015625 0.0421875 0.003125 0.000154476
2 0.888281 0.892187 0.0265625 0.090625 0.000163427
2 0.8875 0.892969 0.071875 0.0421875 0.000164637
3 0.147656 0.278906 0.0234375 0.0765625 0.00018033
0 0.0476562 0.108594 0.0671875 0.0546875 0.000180776
3 0.139062 0.932813 0.021875 0.059375 0.000183182
3 0.139844 0.932813 0.0421875 0.040625 0.000186616
3 0.841406 0.188281 0.0390625 0.0890625 0.00019174
2 0.0625 0.2875 0.059375 0.040625 0.000192996
3 0.849219 0.41875 0.0140625 0.0625 0.000193376
2 0.0609375 0.361719 0.065625 0.0359375 0.000193435
0 0.046875 0.107031 0.04375 0.0921875 0.000194817
2 0.0609375 0.360156 0.03125 0.0796875 0.000199738
1 0.278125 0.003125 0.0625 0.00625 0.000207294
3 0.851562 0.653906 0.015625 0.0609375 0.000210024
2 0.059375 0.4375 0.059375 0.03125 0.000210228
2 0.0617188 0.285937 0.0265625 0.08125 0.000210354
3 0.15 0.278125 0.05 0.05 0.000212503
2 0.0601562 0.435937 0.0296875 0.071875 0.000217219
0 0.55 0.929688 0.0375 0.028125 0.000217838
1 0.763281 0.0015625 0.0328125 0.003125 0.000227082
0 0.454688 0.8875 0.075 0.1125 0.000229987
3 0.850781 0.653906 0.0421875 0.0328125 0.000231465
0 0.355469 0.835938 0.0328125 0.053125 0.000237848
1 0.350781 0.00234375 0.0578125 0.0046875 0.000250394
0 0.546094 0.910937 0.0359375 0.025 0.000269498
3 0.85 0.41875 0.04375 0.03125 0.000273089
1 0.652344 0.00390625 0.0703125 0.0078125 0.000282484
1 0.213281 0.0015625 0.0421875 0.003125 0.000283858
0 0.539844 0.871875 0.0390625 0.025 0.000285723
3 0.267188 0.817187 0.034375 0.06875 0.000338795
1 0.74375 0.0015625 0.034375 0.003125 0.000340587
2 0.0617188 0.323438 0.0640625 0.0375 0.000360964
2 0.0648438 0.252344 0.0609375 0.0421875 0.000361748
1 0.426562 0.00234375 0.05625 0.0046875 0.000376788
1 0.724219 0.0015625 0.0359375 0.003125 0.000386968
1 0.573438 0.003125 0.065625 0.00625 0.000388402
2 0.0648438 0.252344 0.0296875 0.0765625 0.000388865
2 0.0617188 0.321875 0.0296875 0.078125 0.000398824
0 0.0515625 0.164062 0.06875 0.05625 0.000399692
1 0.498437 0.00234375 0.059375 0.0046875 0.00040113
1 0.242188 0.00078125 0.028125 0.0015625 0.000404149
0 0.528906 0.813281 0.0453125 0.0359375 0.00042256
0 0.334375 0.870313 0.05 0.05 0.00046123
0 0.540625 0.890625 0.04375 0.034375 0.000490133
1 0.647656 0.0015625 0.0359375 0.003125 0.000540433
0 0.0515625 0.163281 0.04375 0.0984375 0.000579999
1 0.609375 0.0015625 0.034375 0.003125 0.000609523
0 0.555469 0.954687 0.0359375 0.034375 0.000663548
1 0.703906 0.0015625 0.0359375 0.003125 0.000708266
0 0.521875 0.800781 0.04375 0.0515625 0.000729572
1 0.263281 0.0015625 0.0296875 0.003125 0.000745386
1 0.298438 0.0015625 0.03125 0.003125 0.000793173
1 0.253125 0.0015625 0.0375 0.003125 0.000801239
1 0.635156 0.0015625 0.0421875 0.003125 0.00082195
1 0.570312 0.0015625 0.034375 0.003125 0.000836894
1 0.6875 0.0015625 0.034375 0.003125 0.000856867
1 0.675 0.0015625 0.040625 0.003125 0.000950811
0 0.558594 0.988281 0.0359375 0.0203125 0.000961468
1 0.49375 0.0015625 0.03125 0.003125 0.00099036
1 0.279687 0.0015625 0.03125 0.003125 0.00100387
1 0.53125 0.0015625 0.03125 0.003125 0.00102804
2 0.314844 0.777344 0.0359375 0.0328125 0.00109117
1 0.377344 0.0015625 0.0296875 0.003125 0.00116703
0 0.533594 0.858594 0.0390625 0.0390625 0.00119521
1 0.414844 0.0015625 0.0296875 0.003125 0.00119712
1 0.595312 0.0015625 0.040625 0.003125 0.00123656
1 0.55625 0.0015625 0.040625 0.003125 0.00131881
1 0.455469 0.0015625 0.0296875 0.003125 0.00144478
1 0.325781 0.0015625 0.0359375 0.003125 0.0015114
1 0.517187 0.0015625 0.0375 0.003125 0.00154131
1 0.339063 0.0015625 0.028125 0.003125 0.00155691
1 0.478906 0.0015625 0.0390625 0.003125 0.00164516
1 0.401563 0.0015625 0.0375 0.003125 0.00168732
1 0.364062 0.0015625 0.0375 0.003125 0.00185648
1 0.440625 0.0015625 0.0375 0.003125 0.0019705
1 0.559375 0.992969 0.03125 0.0140625 0.00339543
0 0.530469 0.838281 0.0359375 0.0265625 0.00407034
1 0.560938 0.996875 0.03125 0.00625 0.0430572
3 0.292969 0.796094 0.0328125 0.0328125 0.182956
3 0.307813 0.785156 0.034375 0.0328125 0.378281
0 0.527344 0.823438 0.0390625 0.025 0.759583
3 0.28125 0.807031 0.021875 0.0234375 0.822549
2 0.307813 0.785156 0.034375 0.0328125 0.863903
