3 0.148438 0.235156 0.0625 0.0546875 0.000100132
2 0.885938 0.819531 0.0625 0.0453125 0.000100506
0 0.059375 0.48125 0.028125 0.065625 0.000101603
3 0.763281 0.141406 0.0171875 0.0265625 0.000104892
3 0.190625 0.207031 0.03125 0.0671875 0.000105133
3 0.16875 0.236719 0.015625 0.0234375 0.000105439
3 0.19375 0.733594 0.021875 0.0515625 0.000107762
2 0.882031 0.735937 0.0203125 0.084375 0.000108431
2 0.059375 0.8625 0.0625 0.034375 0.000108815
2 0.059375 0.860937 0.03125 0.075 0.000111411
2 0.0351562 0.860937 0.0453125 0.09375 0.000111867
1 0.283594 0.0015625 0.0421875 0.003125 0.000113372
0 0.059375 0.2875 0.03125 0.06875 0.000113831
2 0.0664062 0.211719 0.0796875 0.0390625 0.000114162
0 0.5375 0.742188 0.084375 0.065625 0.000115097
2 0.0421875 0.784375 0.084375 0.046875 0.000116246
0 0.059375 0.33125 0.05625 0.03125 0.000116596
3 0.199219 0.139844 0.0234375 0.0234375 0.000116632
3 0.146875 0.236719 0.028125 0.0859375 0.000118176
3 0.201562 0.7 0.021875 0.040625 0.000118501
3 0.1625 0.702344 0.034375 0.0359375 0.000122161
3 0.815625 0.0898438 0.021875 0.0296875 0.000122505
0 0.059375 0.560938 0.05 0.034375 0.000123198
3 0.853906 0.579687 0.0421875 0.034375 0.000124526
0 0.505469 0.453125 0.0578125 0.1125 0.000124829
0 0.525 0.675781 0.0375 0.0265625 0.000124927
3 0.139844 0.696875 0.0203125 0.0625 0.000124935
2 0.885938 0.817187 0.021875 0.090625 0.000125712
0 0.059375 0.524219 0.05 0.0328125 0.000126201
2 0.851562 0.309375 0.01875 0.078125 0.00012676
0 0.546094 0.813281 0.0421875 0.0359375 0.000128072
3 0.853906 0.580469 0.0171875 0.0640625 0.000128708
2 0.0648438 0.94375 0.0671875 0.065625 0.000129809
2 0.867188 0.115625 0.13125 0.1 0.000129832
0 0.505469 0.508594 0.0421875 0.0484375 0.000130452
3 0.201562 0.699219 0.0375 0.0265625 0.000133029
3 0.140625 0.695312 0.0375 0.04375 0.000136606
2 0.885938 0.853125 0.0625 0.040625 0.00013733
0 0.547656 0.790625 0.0578125 0.115625 0.000138172
0 0.059375 0.403906 0.05 0.0328125 0.000140162
0 0.278906 0.577344 0.0734375 0.132812 0.000141148
2 0.886719 0.851562 0.0234375 0.0875 0.000141624
2 0.0679687 0.175781 0.0328125 0.0921875 0.000146075
3 0.136719 0.660937 0.0234375 0.059375 0.000149736
1 0.749219 0.0015625 0.0421875 0.003125 0.000150173
3 0.83125 0.0921875 0.01875 0.034375 0.000150546
0 0.059375 0.522656 0.028125 0.0640625 0.000157546
2 0.890625 0.926562 0.06875 0.04375 0.000158038
0 0.059375 0.559375 0.028125 0.0625 0.000159442
2 0.0601562 0.784375 0.0296875 0.075 0.000160969
0 0.059375 0.329688 0.03125 0.065625 0.000162093
2 0.0382813 0.784375 0.0453125 0.090625 0.000162778
0 0.539844 0.758594 0.0421875 0.0328125 0.000163115
2 0.0601562 0.785937 0.0609375 0.034375 0.000164241
2 0.0640625 0.942969 0.03125 0.0984375 0.000167806
3 0.1625 0.703906 0.01875 0.0546875 0.000171636
2 0.0679687 0.175781 0.0765625 0.0421875 0.000176228
1 0.31875 0.00078125 0.025 0.0015625 0.000176314
1 0.724219 0.00078125 0.0296875 0.0015625 0.000177864
3 0.1375 0.660937 0.04375 0.0375 0.000178072
3 0.0585938 0.354688 0.0546875 0.103125 0.000178304
0 0.059375 0.403125 0.028125 0.0625 0.00018177
2 0.892187 0.924219 0.028125 0.0921875 0.000196946
3 0.7625 0.129688 0.01875 0.025 0.000202241
3 0.76875 0.253906 0.015625 0.0171875 0.000206634
3 0.763281 0.122656 0.0421875 0.0328125 0.000209262
3 0.30625 0.446875 0.046875 0.028125 0.000217891
3 0.853906 0.38125 0.0140625 0.0625 0.00022481
3 0.763281 0.122656 0.0234375 0.0546875 0.000241618
0 0.521875 0.654688 0.034375 0.021875 0.00024958
3 0.146094 0.740625 0.0203125 0.071875 0.000266383
0 0.059375 0.448438 0.046875 0.03125 0.000277857
1 0.7125 0.0015625 0.040625 0.003125 0.000279109
3 0.304688 0.448438 0.028125 0.046875 0.000282439
0 0.0585938 0.367188 0.0453125 0.03125 0.00028603
3 0.853125 0.380469 0.0375 0.0328125 0.000287317
0 0.528125 0.660937 0.040625 0.034375 0.000290071
0 0.539844 0.776563 0.0328125 0.025 0.000298897
1 0.685938 0.00078125 0.028125 0.0015625 0.000313268
3 0.147656 0.739844 0.0453125 0.0453125 0.000313877
0 0.059375 0.447656 0.028125 0.0578125 0.000325984
1 0.363281 0.0015625 0.0453125 0.003125 0.000327983
0 0.541406 0.791406 0.0328125 0.0265625 0.00033427
0 0.491406 0.5125 0.0421875 0.040625 0.000340098
0 0.059375 0.365625 0.028125 0.05625 0.000364451
1 0.339063 0.00078125 0.025 0.0015625 0.000367439
1 0.658594 0.00234375 0.0609375 0.0046875 0.00038304
1 0.426562 0.00078125 0.05 0.0015625 0.000402224
1 0.647656 0.00078125 0.0296875 0.0015625 0.000449355
1 0.577344 0.00234375 0.0578125 0.0046875 0.000487803
1 0.510156 0.0015625 0.0546875 0.003125 0.000503064
1 0.327344 0.0015625 0.0359375 0.003125 0.000551227
1 0.491406 0.00078125 0.0265625 0.0015625 0.000583571
1 0.357031 0.00078125 0.0265625 0.0015625 0.000604656
1 0.672656 0.0015625 0.0390625 0.003125 0.000640458
1 0.567187 0.00078125 0.028125 0.0015625 0.000644936
3 0.175 0.223438 0.05 0.096875 0.000654535
1 0.414062 0.00078125 0.025 0.0015625 0.000685978
3 0.813281 0.103906 0.0796875 0.0390625 0.00069445
3 0.782031 0.142188 0.0453125 0.09375 0.000697833
2 0.16875 0.719531 0.034375 0.0609375 0.000702528
1 0.377344 0.00078125 0.0265625 0.0015625 0.000761077
1 0.453125 0.00078125 0.028125 0.0015625 0.00077529
0 0.51875 0.647656 0.046875 0.0390625 0.000829329
1 0.607813 0.0015625 0.028125 0.003125 0.000891634
1 0.632812 0.0015625 0.0375 0.003125 0.000954666
1 0.59375 0.0015625 0.0375 0.003125 0.000995046
1 0.365625 0.00078125 0.034375 0.0015625 0.00109808
1 0.439844 0.00078125 0.0359375 0.0015625 0.00114932
1 0.394531 0.00078125 0.0265625 0.0015625 0.00117828
1 0.478906 0.00078125 0.0359375 0.0015625 0.00120001
1 0.532812 0.00078125 0.028125 0.0015625 0.00120457
1 0.553906 0.0015625 0.0359375 0.003125 0.00137895
1 0.519531 0.0015625 0.0359375 0.003125 0.00146834
0 0.492969 0.525781 0.0421875 0.0296875 0.00160461
0 0.517187 0.630469 0.034375 0.0234375 0.00167803
2 0.867969 0.101562 0.0703125 0.109375 0.00204429
0 0.514063 0.607813 0.0375 0.04375 0.00268018
2 0.271875 0.444531 0.046875 0.0328125 0.00270506
0 0.505469 0.535937 0.0515625 0.046875 0.00324451
0 0.51875 0.641406 0.034375 0.0234375 0.00368235
3 0.223438 0.440625 0.015625 0.04375 0.00392035
0 0.505469 0.567969 0.0390625 0.0484375 0.00457276
1 0.561719 0.992969 0.0359375 0.0109375 0.0157324
0 0.501562 0.551562 0.0375 0.025 0.0342405
1 0.5625 0.996875 0.03125 0.00625 0.0517516
3 0.264844 0.4375 0.0359375 0.034375 0.221613
0 0.497656 0.542969 0.0390625 0.0265625 0.728477
3 0.232031 0.446875 0.0171875 0.028125 0.737276
2 0.267188 0.438281 0.028125 0.0328125 0.866508
