2 0.0359375 0.552344 0.04375 0.0921875 0.000101011
3 0.142969 0.171094 0.0296875 0.0796875 0.000102521
2 0.154687 0.941406 0.034375 0.0921875 0.000103912
2 0.891406 0.238281 0.0765625 0.0453125 0.000104415
2 0.0320312 0.821094 0.0453125 0.0953125 0.000104617
2 0.059375 0.860156 0.028125 0.0703125 0.000105976
2 0.892187 0.236719 0.025 0.0984375 0.000106698
3 0.853125 0.427344 0.015625 0.0703125 0.000107801
2 0.04375 0.320312 0.084375 0.059375 0.000110617
3 0.172656 0.971094 0.0640625 0.0453125 0.000111058
2 0.889063 0.815625 0.065625 0.046875 0.000111088
2 0.846094 0.209375 0.0953125 0.1625 0.000112796
2 0.0585938 0.360938 0.0578125 0.03125 0.000113059
3 0.146875 0.276563 0.025 0.0875 0.00011386
3 0.766406 0.2 0.0140625 0.021875 0.000115924
2 0.040625 0.63125 0.08125 0.04375 0.00011686
2 0.157031 0.941406 0.0703125 0.0609375 0.000119257
3 0.157813 0.101562 0.075 0.08125 0.000120192
3 0.8 0.873438 0.015625 0.025 0.0001202
3 0.145313 0.169531 0.059375 0.0546875 0.000120975
0 0.510156 0.595312 0.0546875 0.040625 0.000121365
2 0.889844 0.813281 0.0234375 0.0953125 0.000123345
2 0.059375 0.861719 0.059375 0.0296875 0.000123853
0 0.547656 0.759375 0.0328125 0.028125 0.000124572
2 0.0609375 0.2875 0.059375 0.0375 0.000124811
2 0.0390625 0.860156 0.078125 0.0484375 0.000125506
2 0.882031 0.316406 0.0234375 0.0890625 0.000127478
3 0.146875 0.213281 0.03125 0.0828125 0.000128098
2 0.084375 0.642187 0.065625 0.153125 0.000128986
2 0.883594 0.739062 0.0546875 0.040625 0.000129513
2 0.889063 0.890625 0.071875 0.046875 0.00012976
0 0.548437 0.769531 0.034375 0.0296875 0.000130302
2 0.889844 0.889063 0.0265625 0.096875 0.000131379
3 0.853906 0.345313 0.0171875 0.071875 0.000134435
2 0.0367187 0.632031 0.0453125 0.0890625 0.000135995
3 0.766406 0.214062 0.0140625 0.021875 0.000140483
3 0.854688 0.345313 0.04375 0.0375 0.000140826
2 0.0609375 0.286719 0.028125 0.0765625 0.000144561
2 0.059375 0.323438 0.059375 0.034375 0.000145386
3 0.148438 0.211719 0.0625 0.0546875 0.000147162
2 0.059375 0.322656 0.028125 0.0734375 0.00014809
2 0.0320312 0.860937 0.0453125 0.096875 0.000149379
1 0.285937 0.0015625 0.040625 0.003125 0.000152978
2 0.866406 0.752344 0.0953125 0.160938 0.00015719
2 0.0632813 0.942969 0.0734375 0.0453125 0.00015792
2 0.889844 0.848437 0.0234375 0.09375 0.000158428
2 0.883594 0.7375 0.0203125 0.08125 0.000159388
2 0.885938 0.778906 0.05625 0.0421875 0.000161908
0 0.547656 0.74375 0.0421875 0.0375 0.000162348
2 0.059375 0.782031 0.028125 0.0671875 0.000168809
2 0.0585938 0.784375 0.0546875 0.03125 0.000174065
2 0.889063 0.85 0.065625 0.04375 0.000175425
2 0.0421875 0.319531 0.046875 0.0921875 0.000175503
2 0.891406 0.921875 0.0703125 0.046875 0.000183238
2 0.0640625 0.941406 0.03125 0.0984375 0.000192722
1 0.709375 0.0015625 0.04375 0.003125 0.000193688
2 0.885938 0.778125 0.021875 0.084375 0.000196747
2 0.0695312 0.177344 0.0328125 0.0890625 0.000211111
2 0.892969 0.919531 0.0296875 0.0953125 0.000212082
0 0.544531 0.713281 0.0328125 0.0265625 0.000216349
3 0.804688 0.102344 0.08125 0.0546875 0.000240391
2 0.06875 0.177344 0.071875 0.0453125 0.000249731
0 0.526563 0.579687 0.034375 0.025 0.000251107
2 0.871875 0.922656 0.071875 0.117188 0.000252991
1 0.35625 0.0015625 0.053125 0.003125 0.000284737
2 0.389062 0.480469 0.046875 0.0546875 0.000299673
3 0.782812 0.139844 0.05625 0.114063 0.000310806
2 0.0640625 0.25 0.0625 0.0375 0.000342748
2 0.0648438 0.249219 0.0296875 0.0765625 0.000343372
1 0.654688 0.003125 0.065625 0.00625 0.000345433
1 0.684375 0.00078125 0.03125 0.0015625 0.000352892
0 0.453125 0.583594 0.05 0.0703125 0.000359436
3 0.15 0.242188 0.028125 0.075 0.000367068
1 0.375781 0.00078125 0.0265625 0.0015625 0.000370574
3 0.151562 0.242188 0.053125 0.05 0.000387598
1 0.3375 0.00078125 0.025 0.0015625 0.000391186
1 0.430469 0.0015625 0.0515625 0.003125 0.000436243
1 0.325 0.0015625 0.0375 0.003125 0.000460478
1 0.647656 0.0015625 0.0296875 0.003125 0.000512167
1 0.547656 0.99375 0.0328125 0.009375 0.000527641
1 0.504687 0.0015625 0.05625 0.003125 0.000536451
1 0.577344 0.00234375 0.0609375 0.0046875 0.000541659
1 0.567969 0.0015625 0.0296875 0.003125 0.000622699
1 0.608594 0.0015625 0.0296875 0.003125 0.000656098
1 0.664844 0.0015625 0.0296875 0.003125 0.000665575
1 0.491406 0.00078125 0.0296875 0.0015625 0.000679232
1 0.364062 0.0015625 0.0375 0.003125 0.000722598
2 0.86875 0.101562 0.08125 0.128125 0.000727384
1 0.453125 0.00078125 0.028125 0.0015625 0.000730218
0 0.542969 0.6875 0.0328125 0.028125 0.000742488
1 0.635156 0.0015625 0.0390625 0.003125 0.00075573
3 0.392969 0.472656 0.0296875 0.0328125 0.000844393
1 0.532031 0.00078125 0.0296875 0.0015625 0.000886108
1 0.416406 0.00078125 0.0265625 0.0015625 0.000901952
2 0.392188 0.471875 0.03125 0.03125 0.000930258
3 0.344531 0.50625 0.0328125 0.046875 0.000956021
1 0.59375 0.0015625 0.0375 0.003125 0.000968733
1 0.404687 0.0015625 0.034375 0.003125 0.00114144
1 0.478125 0.0015625 0.0375 0.003125 0.00123227
1 0.439844 0.0015625 0.0359375 0.003125 0.00127308
1 0.554688 0.0015625 0.0375 0.003125 0.00128114
0 0.53125 0.599219 0.034375 0.0453125 0.0014624
1 0.519531 0.0015625 0.0359375 0.003125 0.00151416
3 0.36875 0.5 0.034375 0.034375 0.00156136
0 0.524219 0.536719 0.0390625 0.0265625 0.00181819
0 0.528906 0.56875 0.0328125 0.025 0.00447992
0 0.5375 0.633594 0.03125 0.0265625 0.00760163
0 0.542969 0.678125 0.0296875 0.025 0.018757
0 0.539844 0.649219 0.0328125 0.0296875 0.0507569
1 0.558594 0.994531 0.0296875 0.0078125 0.0669313
1 0.554688 0.996875 0.028125 0.00625 0.111518
0 0.540625 0.661719 0.03125 0.0296875 0.188718
3 0.378125 0.480469 0.034375 0.0359375 0.207952
0 0.527344 0.555469 0.0359375 0.0265625 0.726992
3 0.357031 0.5 0.0234375 0.025 0.810397
2 0.378906 0.479688 0.0328125 0.034375 0.90062
