2 0.884375 0.740625 0.065625 0.04375 0.000101104
2 0.882031 0.665625 0.0203125 0.090625 0.000101818
3 0.0460938 0.0859375 0.0390625 0.0875 0.00010226
0 0.0523437 0.122656 0.0390625 0.0984375 0.000102541
2 0.0390625 0.860156 0.078125 0.0484375 0.000103688
3 0.146094 0.285156 0.0296875 0.0890625 0.000104485
1 0.260156 0.00078125 0.0265625 0.0015625 0.000104851
2 0.0679687 0.139062 0.0703125 0.05 0.000105791
2 0.0375 0.786719 0.04375 0.0921875 0.000106318
2 0.0710938 0.178906 0.0328125 0.0984375 0.000106468
1 0.479688 0.00234375 0.03125 0.0046875 0.00010714
2 0.0679687 0.215625 0.0765625 0.04375 0.000107218
2 0.0671875 0.139062 0.034375 0.09375 0.000108788
3 0.146875 0.2125 0.0625 0.05625 0.000108961
2 0.153125 0.940625 0.034375 0.09375 0.000109104
2 0.857813 0.924219 0.028125 0.0765625 0.000109756
2 0.858594 0.520312 0.0953125 0.1625 0.000111094
2 0.071875 0.179688 0.078125 0.046875 0.000112107
2 0.059375 0.859375 0.028125 0.06875 0.000112196
3 0.0726563 0.419531 0.0703125 0.145313 0.00011389
2 0.129688 0.878125 0.0625 0.159375 0.000118949
2 0.884375 0.700781 0.021875 0.0890625 0.000119973
3 0.173438 0.975 0.065625 0.040625 0.000120838
2 0.155469 0.940625 0.0703125 0.0625 0.000121155
3 0.145313 0.246875 0.03125 0.08125 0.000122338
3 0.20625 0.735156 0.021875 0.0421875 0.00012408
2 0.059375 0.861719 0.059375 0.0296875 0.000128095
3 0.815625 0.996094 0.01875 0.0078125 0.000130197
2 0.0625 0.288281 0.065625 0.0390625 0.000131018
3 0.147656 0.245312 0.0609375 0.053125 0.000132508
2 0.0617188 0.2875 0.0296875 0.08125 0.000134472
2 0.885156 0.739062 0.0234375 0.090625 0.00013463
3 0.78125 0.757812 0.015625 0.021875 0.000136027
2 0.872656 0.738281 0.0921875 0.160938 0.000140191
2 0.034375 0.860937 0.04375 0.09375 0.000142144
3 0.207031 0.734375 0.0390625 0.028125 0.000144551
2 0.0648438 0.942969 0.0703125 0.0640625 0.000146983
1 0.247656 0.0015625 0.0390625 0.003125 0.000155906
0 0.053125 0.122656 0.0625 0.0578125 0.000156186
3 0.849219 0.267969 0.0140625 0.0203125 0.000156462
0 0.55 0.817187 0.040625 0.040625 0.000157934
3 0.769531 0.220313 0.0140625 0.015625 0.000159042
3 0.854688 0.266406 0.015625 0.0734375 0.000160068
0 0.549219 0.794531 0.0421875 0.0359375 0.000164008
2 0.890625 0.927344 0.071875 0.0421875 0.000170266
2 0.0648438 0.942187 0.0328125 0.1 0.000171884
0 0.5125 0.5375 0.05 0.028125 0.000175489
2 0.859375 0.889844 0.096875 0.160938 0.000177171
3 0.804688 0.996875 0.01875 0.00625 0.000182775
2 0.891406 0.925 0.0296875 0.090625 0.000186432
3 0.853125 0.267188 0.04375 0.0375 0.000188013
1 0.710938 0.0015625 0.04375 0.003125 0.000195862
3 0.153906 0.100781 0.0640625 0.0640625 0.000224414
3 0.817969 0.480469 0.0140625 0.0203125 0.000226937
2 0.065625 0.251563 0.03125 0.084375 0.000227408
1 0.284375 0.0015625 0.040625 0.003125 0.000234912
0 0.544531 0.735937 0.0390625 0.034375 0.000236963
2 0.0648438 0.251563 0.0703125 0.0375 0.000255605
1 0.31875 0.00078125 0.025 0.0015625 0.000319629
3 0.348437 0.466406 0.028125 0.0265625 0.000325814
3 0.296094 0.480469 0.0234375 0.0359375 0.000337504
0 0.409375 0.505469 0.05625 0.0453125 0.000352011
0 0.540625 0.714844 0.03125 0.0234375 0.000353414
0 0.55 0.817187 0.03125 0.021875 0.000354054
0 0.514844 0.5875 0.0453125 0.03125 0.000355891
1 0.685938 0.00078125 0.028125 0.0015625 0.000358295
1 0.655469 0.00234375 0.0609375 0.0046875 0.000367174
1 0.358594 0.0015625 0.0453125 0.003125 0.000368673
1 0.428906 0.00078125 0.0484375 0.0015625 0.000411562
3 0.315625 0.515625 0.046875 0.075 0.000414559
1 0.646094 0.00078125 0.0296875 0.0015625 0.000425603
1 0.577344 0.00234375 0.0578125 0.0046875 0.000492827
1 0.672656 0.0015625 0.0390625 0.003125 0.000500393
3 0.784375 0.135937 0.05 0.1 0.000516141
1 0.504687 0.0015625 0.053125 0.003125 0.000542255
1 0.608594 0.0015625 0.0296875 0.003125 0.000608342
1 0.339063 0.00078125 0.025 0.0015625 0.000612755
0 0.525 0.594531 0.0375 0.0390625 0.000623539
3 0.802344 0.107031 0.0671875 0.0703125 0.000632842
0 0.5375 0.696094 0.040625 0.0890625 0.00065484
1 0.45625 0.00078125 0.028125 0.0015625 0.000655248
0 0.528125 0.627344 0.0375 0.0296875 0.00065781
1 0.490625 0.00078125 0.028125 0.0015625 0.000698412
1 0.375781 0.00078125 0.0265625 0.0015625 0.000715279
1 0.328125 0.00078125 0.034375 0.0015625 0.000724568
1 0.633594 0.0015625 0.0390625 0.003125 0.000766902
1 0.570312 0.0015625 0.03125 0.003125 0.000800505
2 0.864844 0.101562 0.0796875 0.121875 0.00083971
1 0.59375 0.0015625 0.0375 0.003125 0.000993574
1 0.414844 0.00078125 0.0265625 0.0015625 0.00106011
1 0.364062 0.00078125 0.034375 0.0015625 0.00118053
0 0.513281 0.547656 0.0390625 0.0265625 0.00127346
1 0.530469 0.00078125 0.0296875 0.0015625 0.00127669
3 0.303125 0.503906 0.04375 0.0734375 0.00129831
1 0.401563 0.00078125 0.034375 0.0015625 0.00130587
1 0.441406 0.0015625 0.0359375 0.003125 0.00134042
1 0.554688 0.0015625 0.0375 0.003125 0.00139584
1 0.473437 0.00078125 0.028125 0.0015625 0.00144315
0 0.539844 0.69375 0.0328125 0.03125 0.00144938
1 0.516406 0.0015625 0.0359375 0.003125 0.00145172
0 0.539062 0.70625 0.03125 0.025 0.00230504
0 0.532031 0.644531 0.0328125 0.0390625 0.00265682
0 0.535937 0.671875 0.034375 0.0375 0.00383198
1 0.560156 0.992969 0.0328125 0.0109375 0.00687557
0 0.51875 0.56875 0.034375 0.021875 0.00708911
0 0.533594 0.659375 0.0328125 0.025 0.017938
1 0.558594 0.996875 0.0296875 0.00625 0.131622
3 0.33125 0.475781 0.034375 0.0328125 0.391499
0 0.517187 0.558594 0.0375 0.0265625 0.770425
3 0.304688 0.49375 0.021875 0.025 0.805429
2 0.332812 0.477344 0.034375 0.0328125 0.883452
