2 0.0335938 0.357812 0.0453125 0.096875 0.000101248
3 0.228906 0.296875 0.0203125 0.05625 0.000102045
2 0.0382813 0.553906 0.0765625 0.0484375 0.000103334
3 0.163281 0.123438 0.0265625 0.059375 0.000103544
2 0.0492188 0.165625 0.0921875 0.053125 0.000103897
2 0.03125 0.590625 0.04375 0.09375 0.000104769
2 0.0390625 0.932813 0.046875 0.1 0.000105862
2 0.0304688 0.821875 0.0453125 0.1 0.000106088
3 0.141406 0.15 0.0328125 0.078125 0.000106266
2 0.0328125 0.475781 0.04375 0.0953125 0.00010771
0 0.0546875 0.163281 0.0375 0.0984375 0.000107771
2 0.0585938 0.630469 0.0578125 0.0296875 0.000109055
3 0.796094 0.875781 0.0609375 0.126563 0.000109389
2 0.88125 0.739844 0.021875 0.0859375 0.000109834
2 0.796875 0.644531 0.053125 0.120312 0.000110601
0 0.0445312 0.0820312 0.0421875 0.0921875 0.000111114
2 0.059375 0.513281 0.05625 0.0296875 0.000111361
2 0.0320312 0.514063 0.0453125 0.09375 0.000116732
2 0.0304688 0.66875 0.0453125 0.096875 0.000117289
2 0.0601562 0.782031 0.0296875 0.0703125 0.000117896
2 0.0601562 0.783594 0.0609375 0.0296875 0.00011884
2 0.885156 0.854688 0.0234375 0.090625 0.00011948
3 0.147656 0.173438 0.0578125 0.05625 0.000121417
2 0.883594 0.81875 0.0640625 0.04375 0.00012163
2 0.0382813 0.629687 0.0765625 0.046875 0.000121902
2 0.0304688 0.553906 0.0453125 0.0953125 0.000121967
2 0.0421875 0.239844 0.05 0.101562 0.000122048
2 0.0601562 0.902344 0.0296875 0.0796875 0.0001221
2 0.0398437 0.399219 0.0796875 0.0453125 0.0001222
2 0.214062 0.288281 0.053125 0.126563 0.000124455
2 0.0671875 0.178906 0.059375 0.0609375 0.0001255
0 0.570312 0.895312 0.03125 0.053125 0.000125856
2 0.884375 0.85625 0.065625 0.04375 0.000126417
2 0.0664062 0.94375 0.0703125 0.065625 0.000126573
2 0.0390625 0.28125 0.046875 0.1 0.000127046
2 0.892187 0.115625 0.0625 0.053125 0.000127228
0 0.984375 0.0265625 0.021875 0.053125 0.000127268
3 0.805469 0.111719 0.0328125 0.0234375 0.000131378
2 0.0304688 0.782031 0.0453125 0.0984375 0.000131519
3 0.125 0.090625 0.05625 0.046875 0.000132757
2 0.8875 0.892187 0.025 0.09375 0.000134388
0 0.0554687 0.164062 0.0640625 0.05625 0.000136304
2 0.0601562 0.360938 0.0609375 0.03125 0.000136413
2 0.0625 0.285937 0.065625 0.040625 0.000136671
2 0.886719 0.89375 0.0734375 0.04375 0.000136868
3 0.142188 0.148438 0.059375 0.05625 0.000137666
0 0.467187 0.657812 0.034375 0.05 0.000138349
2 0.0335938 0.399219 0.0453125 0.0921875 0.00013965
2 0.0664062 0.178906 0.0328125 0.0890625 0.000139901
2 0.0382813 0.859375 0.0765625 0.05 0.000140347
2 0.065625 0.941406 0.03125 0.101562 0.000140433
2 0.0601562 0.358594 0.0296875 0.0734375 0.000141746
3 0.76875 0.875 0.021875 0.01875 0.000142222
2 0.857031 0.196875 0.0953125 0.1625 0.000144222
1 0.722656 0.0046875 0.0796875 0.009375 0.00014494
2 0.884375 0.816406 0.021875 0.0890625 0.000145868
2 0.0625 0.284375 0.028125 0.0875 0.000146657
2 0.03125 0.630469 0.04375 0.0953125 0.00014737
3 0.76875 0.205469 0.01875 0.0265625 0.000151578
2 0.0390625 0.707031 0.078125 0.0484375 0.000152542
2 0.155469 0.942187 0.0328125 0.090625 0.000157579
1 0.554688 0.99375 0.040625 0.009375 0.000159379
2 0.89375 0.114063 0.028125 0.096875 0.000162807
3 0.135937 0.117969 0.025 0.0734375 0.000168618
2 0.059375 0.398438 0.028125 0.071875 0.000169125
3 0.851562 0.540625 0.015625 0.065625 0.000169837
3 0.76875 0.701563 0.021875 0.01875 0.000176391
3 0.851562 0.540625 0.04375 0.03125 0.000177502
2 0.0320312 0.708594 0.0453125 0.0953125 0.000177759
2 0.0484375 0.164844 0.05 0.0984375 0.000177853
2 0.0320312 0.859375 0.0453125 0.096875 0.000178837
3 0.144531 0.210156 0.0234375 0.0796875 0.000178989
3 0.1375 0.117188 0.046875 0.053125 0.00017993
2 0.0609375 0.321875 0.065625 0.034375 0.000180813
2 0.157813 0.941406 0.065625 0.0609375 0.000182279
3 0.851562 0.463281 0.015625 0.0640625 0.000182536
3 0.804688 0.145313 0.034375 0.06875 0.000183329
2 0.059375 0.4 0.05625 0.03125 0.00018504
3 0.167969 0.964063 0.0234375 0.071875 0.000194966
1 0.213281 0.0015625 0.0421875 0.003125 0.000197773
2 0.0601562 0.320312 0.0296875 0.08125 0.000199855
3 0.805469 0.146094 0.0296875 0.0265625 0.000200626
3 0.170312 0.96875 0.059375 0.046875 0.000209398
3 0.846875 0.382031 0.015625 0.0609375 0.00022114
3 0.146875 0.209375 0.05 0.053125 0.000222635
1 0.764844 0.0015625 0.0328125 0.003125 0.000229503
3 0.851562 0.463281 0.04375 0.0296875 0.000233564
1 0.242188 0.00078125 0.028125 0.0015625 0.000244241
0 0.571094 0.94375 0.0328125 0.034375 0.000247851
3 0.125 0.090625 0.03125 0.075 0.000251116
3 0.847656 0.382812 0.0421875 0.03125 0.000262026
1 0.279687 0.00234375 0.059375 0.0046875 0.000264967
3 0.15 0.270312 0.021875 0.071875 0.000266317
1 0.65 0.00390625 0.071875 0.0078125 0.000270394
1 0.353906 0.00234375 0.0546875 0.0046875 0.000271252
0 0.05 0.1125 0.040625 0.09375 0.000272465
2 0.855469 0.894531 0.0953125 0.160938 0.000280415
2 0.848437 0.305469 0.015625 0.0640625 0.000285186
0 0.0492188 0.1125 0.0640625 0.05625 0.000290096
2 0.0632813 0.163281 0.101562 0.151562 0.000307278
3 0.152344 0.270312 0.0515625 0.04375 0.00030998
1 0.750781 0.0015625 0.0421875 0.003125 0.000319646
3 0.849219 0.30625 0.0421875 0.034375 0.000323539
1 0.424219 0.00234375 0.0546875 0.0046875 0.000359193
1 0.725 0.0015625 0.034375 0.003125 0.000371371
2 0.0671875 0.249219 0.028125 0.0859375 0.000379545
2 0.0671875 0.25 0.065625 0.04375 0.000385242
1 0.575 0.003125 0.065625 0.00625 0.000386631
1 0.499219 0.00234375 0.0578125 0.0046875 0.000404385
0 0.558594 0.8625 0.0390625 0.05 0.000405194
1 0.2625 0.00078125 0.028125 0.0015625 0.0004284
1 0.685938 0.0015625 0.034375 0.003125 0.000445291
1 0.7125 0.0015625 0.04375 0.003125 0.00047965
3 0.4 0.635938 0.021875 0.034375 0.00048951
1 0.300781 0.00078125 0.0296875 0.0015625 0.000545003
1 0.280469 0.00078125 0.0296875 0.0015625 0.00056576
0 0.561719 0.866406 0.0328125 0.0265625 0.000625141
3 0.827344 0.122656 0.0296875 0.0640625 0.000625945
1 0.569531 0.0015625 0.0328125 0.003125 0.000627741
1 0.609375 0.0015625 0.034375 0.003125 0.000673738
1 0.647656 0.0015625 0.0359375 0.003125 0.000706762
1 0.253125 0.0015625 0.0375 0.003125 0.00073959
1 0.671875 0.0015625 0.040625 0.003125 0.000804036
1 0.338281 0.0015625 0.0296875 0.003125 0.000816719
1 0.491406 0.0015625 0.0296875 0.003125 0.000837901
3 0.43125 0.625 0.025 0.034375 0.000867823
0 0.558594 0.811719 0.0359375 0.0296875 0.000882853
1 0.635156 0.0015625 0.0421875 0.003125 0.000904861
1 0.2875 0.0015625 0.0375 0.003125 0.000922871
1 0.595312 0.0015625 0.040625 0.003125 0.00106217
1 0.454688 0.00078125 0.03125 0.0015625 0.00112894
1 0.555469 0.0015625 0.0390625 0.003125 0.00122257
1 0.53125 0.0015625 0.03125 0.003125 0.00125151
1 0.376563 0.0015625 0.03125 0.003125 0.0013105
1 0.325781 0.0015625 0.0359375 0.003125 0.00137378
1 0.478125 0.0015625 0.0375 0.003125 0.00143699
1 0.517969 0.0015625 0.0390625 0.003125 0.00149694
1 0.364844 0.0015625 0.0359375 0.003125 0.00165464
1 0.416406 0.0015625 0.0296875 0.003125 0.00166075
1 0.439844 0.0015625 0.0359375 0.003125 0.00186689
1 0.402344 0.0015625 0.0359375 0.003125 0.00207261
0 0.559375 0.836719 0.034375 0.0265625 0.00232614
0 0.560156 0.850781 0.0328125 0.0265625 0.0025485
0 0.553906 0.767969 0.0328125 0.0265625 0.00417437
0 0.558594 0.824219 0.0359375 0.0328125 0.00512673
0 0.555469 0.794531 0.0328125 0.0296875 0.00755007
1 0.566406 0.994531 0.0296875 0.0109375 0.013081
1 0.569531 0.996875 0.0296875 0.00625 0.0679303
3 0.415625 0.628125 0.028125 0.03125 0.280574
0 0.555469 0.778125 0.0328125 0.025 0.765787
3 0.388281 0.628125 0.0171875 0.028125 0.815306
2 0.414844 0.626562 0.0265625 0.03125 0.847552
