0 0.867969 0.503125 0.0734375 0.1375 0.000100954
0 0.0476562 0.1 0.0671875 0.05625 0.000105826
2 0.888281 0.508594 0.0734375 0.0453125 0.000105968
2 0.888281 0.778906 0.0765625 0.0453125 0.00010782
3 0.329688 0.995313 0.040625 0.009375 0.000108248
3 0.190625 0.257812 0.021875 0.0625 0.00010904
1 0.259375 0.00078125 0.025 0.0015625 0.00010998
2 0.890625 0.507031 0.025 0.0984375 0.000109997
3 0.148438 0.309375 0.059375 0.05625 0.000114534
2 0.890625 0.889063 0.028125 0.1 0.000115612
2 0.0398437 0.31875 0.0453125 0.09375 0.000116637
1 0.738281 0.003125 0.0609375 0.00625 0.000116779
2 0.894531 0.0507812 0.0265625 0.0921875 0.000116821
0 0.0484375 0.078125 0.04375 0.09375 0.000116921
0 0.867969 0.567969 0.0734375 0.132812 0.000119001
3 0.146094 0.310156 0.0265625 0.0859375 0.000121473
3 0.792188 0.174219 0.053125 0.120312 0.000122842
0 0.563281 0.744531 0.0328125 0.0421875 0.00012297
3 0.108594 0.170312 0.0296875 0.034375 0.000125664
2 0.889844 0.852344 0.0765625 0.0453125 0.000126584
2 0.888281 0.6625 0.0703125 0.04375 0.000129973
1 0.751562 0.0015625 0.040625 0.003125 0.000130732
0 0.871094 0.425 0.0640625 0.121875 0.000134631
2 0.625781 0.519531 0.0609375 0.0828125 0.000136665
3 0.109375 0.15625 0.03125 0.034375 0.000138408
2 0.889063 0.813281 0.025 0.0953125 0.000140458
2 0.889844 0.890625 0.0765625 0.046875 0.000141567
2 0.890625 0.735937 0.025 0.096875 0.000142014
1 0.723437 0.00078125 0.028125 0.0015625 0.000143295
2 0.889844 0.660937 0.0265625 0.09375 0.000143362
3 0.623438 0.513281 0.0375 0.0515625 0.000143769
1 0.279687 0.00078125 0.025 0.0015625 0.000144449
0 0.600781 0.55 0.0640625 0.0625 0.000145447
2 0.889063 0.7375 0.071875 0.04375 0.000149237
3 0.167187 0.966406 0.025 0.0671875 0.000156384
3 0.138281 0.11875 0.0515625 0.05625 0.000158986
3 0.136719 0.119531 0.0265625 0.0796875 0.000161976
3 0.325781 0.996094 0.0234375 0.0078125 0.00016249
3 0.169531 0.970312 0.0578125 0.04375 0.000165431
2 0.888281 0.814844 0.0734375 0.0453125 0.000166291
3 0.128125 0.090625 0.03125 0.078125 0.000177236
3 0.844531 0.114063 0.0734375 0.1375 0.00018812
0 0.613281 0.563281 0.0390625 0.0609375 0.000189955
0 0.613281 0.563281 0.0609375 0.0359375 0.000194819
0 0.561719 0.8375 0.0359375 0.028125 0.00019498
1 0.299219 0.00078125 0.0265625 0.0015625 0.000205381
0 0.560156 0.888281 0.0328125 0.0265625 0.000212762
3 0.333594 0.996094 0.0234375 0.0078125 0.000215788
0 0.567187 0.936719 0.03125 0.0484375 0.000233095
1 0.28125 0.0015625 0.053125 0.003125 0.000240641
3 0.065625 0.171094 0.090625 0.129688 0.000247567
2 0.065625 0.941406 0.03125 0.0953125 0.000264294
1 0.357812 0.0015625 0.046875 0.003125 0.000271081
2 0.873438 0.916406 0.075 0.120312 0.000281232
2 0.0632813 0.285937 0.0265625 0.078125 0.000282956
0 0.561719 0.811719 0.0359375 0.0296875 0.000288553
2 0.065625 0.942187 0.071875 0.040625 0.00029026
1 0.25 0.0015625 0.0375 0.003125 0.000301284
2 0.0625 0.286719 0.059375 0.0390625 0.000302673
1 0.65625 0.00234375 0.059375 0.0046875 0.000313484
1 0.710938 0.0015625 0.040625 0.003125 0.000314416
3 0.14375 0.280469 0.021875 0.0765625 0.000341875
1 0.578125 0.0015625 0.05625 0.003125 0.00034503
0 0.567187 0.892969 0.03125 0.0484375 0.000367181
2 0.0648438 0.251563 0.0609375 0.040625 0.000375392
2 0.0648438 0.250781 0.0296875 0.0796875 0.000378725
3 0.146094 0.279687 0.0484375 0.05 0.000384854
1 0.428906 0.00078125 0.0453125 0.0015625 0.000386494
3 0.790625 0.134375 0.040625 0.09375 0.00039666
1 0.503125 0.0015625 0.05 0.003125 0.000410628
1 0.289062 0.0015625 0.0375 0.003125 0.000416417
1 0.35625 0.00078125 0.025 0.0015625 0.000419076
1 0.317969 0.00078125 0.0234375 0.0015625 0.000476837
1 0.646094 0.00078125 0.0296875 0.0015625 0.000488807
1 0.686719 0.00078125 0.0265625 0.0015625 0.00050273
0 0.560938 0.785156 0.03125 0.0203125 0.000530831
1 0.377344 0.00078125 0.0265625 0.0015625 0.000533152
0 0.560938 0.871875 0.03125 0.028125 0.000544691
2 0.872656 0.1 0.0828125 0.134375 0.00055526
1 0.56875 0.00078125 0.028125 0.0015625 0.000562877
0 0.564844 0.826563 0.0359375 0.03125 0.000634462
1 0.3375 0.00078125 0.025 0.0015625 0.000697145
1 0.673437 0.0015625 0.0375 0.003125 0.000706322
1 0.609375 0.0015625 0.028125 0.003125 0.000800119
0 0.564844 0.858594 0.0390625 0.0359375 0.00080803
1 0.492969 0.00078125 0.0265625 0.0015625 0.000835031
1 0.453906 0.00078125 0.0265625 0.0015625 0.000870198
1 0.325781 0.0015625 0.0328125 0.003125 0.000882921
0 0.0523437 0.165625 0.0421875 0.096875 0.000883682
0 0.5625 0.832031 0.040625 0.0640625 0.000918
1 0.634375 0.0015625 0.0375 0.003125 0.00092122
0 0.5625 0.798437 0.03125 0.0375 0.000962201
1 0.596094 0.0015625 0.0359375 0.003125 0.00103626
1 0.529688 0.00078125 0.028125 0.0015625 0.00104229
1 0.554688 0.0015625 0.0375 0.003125 0.00110005
1 0.365625 0.0015625 0.034375 0.003125 0.00113912
1 0.561719 0.99375 0.0328125 0.0125 0.00119181
1 0.479688 0.00078125 0.034375 0.0015625 0.00121498
1 0.439063 0.00078125 0.034375 0.0015625 0.00147855
1 0.516406 0.0015625 0.0359375 0.003125 0.00149252
1 0.403906 0.0015625 0.0328125 0.003125 0.00168639
0 0.563281 0.757812 0.0328125 0.028125 0.00177501
1 0.414844 0.00078125 0.0265625 0.0015625 0.00184589
3 0.651563 0.459375 0.0375 0.03125 0.00226539
1 0.561719 0.996875 0.0296875 0.00625 0.0405478
3 0.640625 0.492969 0.034375 0.0328125 0.367034
0 0.5625 0.773438 0.03125 0.025 0.747223
3 0.658594 0.4625 0.0265625 0.021875 0.815624
2 0.641406 0.492188 0.0328125 0.03125 0.864658
