3 0.109375 0.207813 0.028125 0.03125 0.00010071
1 0.789062 0.00234375 0.05 0.0046875 0.00010208
2 0.896875 0.150781 0.025 0.101562 0.000104242
2 0.885938 0.854688 0.06875 0.04375 0.000105022
2 0.0585938 0.396094 0.0546875 0.0265625 0.000105376
0 0.542188 0.864844 0.028125 0.0515625 0.000107421
2 0.897656 0.113281 0.0296875 0.101562 0.000108501
3 0.847656 0.830469 0.0234375 0.0796875 0.000111343
2 0.876562 0.878125 0.1 0.1625 0.000115918
1 0.222656 0.00078125 0.0296875 0.0015625 0.000116425
1 0.0820312 0.0046875 0.0453125 0.009375 0.000117668
3 0.839063 0.140625 0.040625 0.084375 0.000119036
3 0.826563 0.351562 0.01875 0.075 0.000120113
1 0.203125 0.00078125 0.03125 0.0015625 0.000121093
0 0.046875 0.107813 0.04375 0.09375 0.000125562
1 0.720312 0.00546875 0.084375 0.0109375 0.000126211
3 0.791406 0.413281 0.0578125 0.0859375 0.000128521
0 0.789844 0.488281 0.0546875 0.126563 0.000128937
2 0.0625 0.285156 0.028125 0.0796875 0.000136345
3 0.852344 0.832812 0.0171875 0.025 0.000136839
2 0.890625 0.927344 0.071875 0.0453125 0.000140065
0 0.791406 0.414062 0.0796875 0.071875 0.000141161
2 0.0617188 0.285937 0.0609375 0.040625 0.000141805
0 0.56875 0.950781 0.04375 0.0390625 0.000142823
1 0.176563 0.0015625 0.04375 0.003125 0.000147034
2 0.0601562 0.319531 0.0296875 0.0765625 0.000147806
3 0.147656 0.28125 0.0546875 0.05625 0.000153605
3 0.13125 0.154687 0.021875 0.034375 0.000156504
2 0.0601562 0.321094 0.0578125 0.0359375 0.000156523
3 0.145313 0.282031 0.025 0.0828125 0.000157954
3 0.138281 0.151562 0.0546875 0.05625 0.000163233
3 0.136719 0.153125 0.0296875 0.078125 0.00016541
1 0.326562 0.00234375 0.03125 0.0046875 0.000166054
0 0.792188 0.416406 0.046875 0.114063 0.000168322
2 0.888281 0.889844 0.0265625 0.0921875 0.000172308
2 0.891406 0.924219 0.0296875 0.0953125 0.000174419
3 0.165625 0.971094 0.025 0.0578125 0.000176191
2 0.888281 0.892187 0.0703125 0.04375 0.000177271
3 0.167187 0.977344 0.053125 0.0421875 0.000183136
1 0.279687 0.00234375 0.0625 0.0046875 0.000188017
2 0.0632813 0.941406 0.0703125 0.0421875 0.00020039
2 0.0640625 0.939844 0.03125 0.0921875 0.000222977
3 0.853906 0.344531 0.0390625 0.0390625 0.000226132
2 0.853906 0.344531 0.0140625 0.0703125 0.000234659
1 0.764063 0.0015625 0.034375 0.003125 0.000245149
3 0.133594 0.126563 0.0484375 0.046875 0.000257261
1 0.213281 0.0015625 0.0421875 0.003125 0.000261543
1 0.650781 0.00390625 0.0734375 0.0078125 0.000266898
1 0.724219 0.0015625 0.0359375 0.003125 0.000274242
1 0.75 0.0015625 0.04375 0.003125 0.000280091
1 0.352344 0.00234375 0.0578125 0.0046875 0.000282312
3 0.850781 0.495313 0.0140625 0.059375 0.00030728
1 0.242969 0.00078125 0.0296875 0.0015625 0.000324094
3 0.133594 0.127344 0.0265625 0.0734375 0.000350355
3 0.851562 0.496094 0.0375 0.0328125 0.00036924
2 0.0640625 0.253125 0.0625 0.040625 0.000373297
1 0.425781 0.00234375 0.0546875 0.0046875 0.000389194
2 0.0640625 0.252344 0.03125 0.0765625 0.00039093
1 0.570312 0.003125 0.065625 0.00625 0.000391921
1 0.300781 0.00078125 0.0296875 0.0015625 0.000427792
1 0.500781 0.00234375 0.0578125 0.0046875 0.000478839
1 0.610156 0.0015625 0.0328125 0.003125 0.000492385
1 0.703906 0.0015625 0.0359375 0.003125 0.000536109
1 0.261719 0.00078125 0.0296875 0.0015625 0.000608052
1 0.280469 0.00078125 0.0296875 0.0015625 0.000621956
1 0.251563 0.0015625 0.0375 0.003125 0.000626821
1 0.6875 0.0015625 0.034375 0.003125 0.000628045
1 0.646875 0.0015625 0.034375 0.003125 0.000732416
1 0.530469 0.0015625 0.0328125 0.003125 0.000805855
1 0.673437 0.0015625 0.040625 0.003125 0.000854576
0 0.0507812 0.165625 0.0421875 0.09375 0.000891457
1 0.289062 0.0015625 0.0375 0.003125 0.000897179
0 0.558594 0.975781 0.0359375 0.0296875 0.000898442
1 0.635156 0.0015625 0.0421875 0.003125 0.000915064
1 0.569531 0.0015625 0.0328125 0.003125 0.000993088
1 0.495313 0.0015625 0.03125 0.003125 0.000993741
1 0.454688 0.0015625 0.03125 0.003125 0.0011173
1 0.595312 0.0015625 0.040625 0.003125 0.00119367
0 0.0648438 0.173438 0.0828125 0.1125 0.00123934
1 0.378125 0.0015625 0.03125 0.003125 0.00123997
1 0.555469 0.0015625 0.0390625 0.003125 0.00127149
1 0.414844 0.0015625 0.0296875 0.003125 0.00166048
1 0.48125 0.0015625 0.0375 0.003125 0.00166478
1 0.510938 0.0015625 0.03125 0.003125 0.00184716
1 0.364062 0.0015625 0.0375 0.003125 0.00191933
1 0.439063 0.0015625 0.0375 0.003125 0.00192013
1 0.320312 0.0015625 0.028125 0.003125 0.00192013
1 0.402344 0.0015625 0.0359375 0.003125 0.00195846
1 0.336719 0.0015625 0.0296875 0.003125 0.00198039
0 0.557813 0.9875 0.034375 0.021875 0.00365402
3 0.558594 0.788281 0.0296875 0.0109375 0.00513033
3 0.558594 0.827344 0.0296875 0.0234375 0.013555
0 0.557813 0.994531 0.03125 0.0109375 0.0957169
3 0.558594 0.792969 0.0296875 0.0109375 0.733906
2 0.558594 0.826563 0.0296875 0.025 0.84242
