3 0.133594 0.0835937 0.0421875 0.0859375 0.000100228
2 0.0585938 0.745313 0.0578125 0.028125 0.000101777
3 0.805469 0.932031 0.0171875 0.0203125 0.000102936
3 0.848437 0.578906 0.046875 0.0359375 0.000103803
2 0.0382813 0.930469 0.0453125 0.0984375 0.000104135
3 0.417969 0.440625 0.0421875 0.01875 0.000104416
0 0.505469 0.828125 0.0546875 0.0375 0.000104505
3 0.145313 0.1375 0.059375 0.05625 0.000104885
2 0.0351562 0.355469 0.0421875 0.0921875 0.000105022
2 0.0421875 0.239063 0.046875 0.103125 0.000105324
2 0.03125 0.590625 0.04375 0.09375 0.00010924
1 0.279687 0.00078125 0.025 0.0015625 0.000109714
2 0.151562 0.942969 0.03125 0.0890625 0.000110333
0 0.789062 0.492188 0.09375 0.075 0.000110428
0 0.792969 0.414062 0.0515625 0.121875 0.000111062
3 0.847656 0.578906 0.0171875 0.0671875 0.00011782
1 0.751562 0.0015625 0.040625 0.003125 0.000118389
1 0.6 0.103906 0.053125 0.0203125 0.000119277
2 0.153125 0.942187 0.065625 0.059375 0.000120274
2 0.0304688 0.514063 0.0421875 0.09375 0.000121062
2 0.795313 0.334375 0.046875 0.115625 0.000121186
0 0.542969 0.867969 0.0390625 0.0265625 0.000121578
2 0.0421875 0.278906 0.046875 0.0984375 0.000121637
1 0.28125 0.003125 0.065625 0.00625 0.000127124
2 0.0390625 0.822656 0.078125 0.0484375 0.000131756
2 0.0382813 0.667188 0.0765625 0.046875 0.000134781
2 0.885156 0.853125 0.0203125 0.0875 0.00013606
0 0.7875 0.799219 0.0625 0.129688 0.000136162
2 0.884375 0.854688 0.0625 0.040625 0.000137759
2 0.0617188 0.325 0.0671875 0.0375 0.000139044
2 0.0382813 0.629687 0.0765625 0.046875 0.000141549
2 0.0398437 0.398438 0.0796875 0.046875 0.000141827
0 0.789844 0.495313 0.0546875 0.121875 0.000142444
2 0.059375 0.434375 0.028125 0.06875 0.000143103
2 0.0617188 0.323438 0.0296875 0.0875 0.00014972
2 0.0328125 0.822656 0.04375 0.0953125 0.000151527
0 0.457031 0.536719 0.0515625 0.0484375 0.000151562
2 0.0382813 0.476562 0.0765625 0.046875 0.00015359
2 0.03125 0.667188 0.04375 0.09375 0.000157975
2 0.059375 0.4 0.05625 0.034375 0.000159075
3 0.785937 0.734375 0.015625 0.01875 0.000161021
0 0.0507812 0.116406 0.0359375 0.0984375 0.00016221
2 0.059375 0.436719 0.05625 0.0296875 0.000163307
0 0.5375 0.848437 0.05625 0.0625 0.000163602
3 0.851562 0.503906 0.015625 0.0671875 0.000163818
3 0.850781 0.503906 0.0421875 0.0359375 0.000166289
3 0.764063 0.128125 0.01875 0.025 0.000166641
0 0.454688 0.511719 0.0375 0.0484375 0.000167132
2 0.0414063 0.322656 0.0828125 0.0484375 0.000172433
2 0.0320312 0.630469 0.0453125 0.0953125 0.000173698
2 0.059375 0.397656 0.028125 0.0765625 0.000173851
2 0.0382813 0.746875 0.0765625 0.046875 0.000176426
2 0.0671875 0.251563 0.06875 0.04375 0.000178799
2 0.0648438 0.941406 0.0734375 0.0453125 0.000179176
2 0.0359375 0.398438 0.04375 0.090625 0.000179853
2 0.0390625 0.782812 0.078125 0.05 0.000183993
2 0.0679687 0.251563 0.0296875 0.090625 0.000184486
2 0.0648438 0.940625 0.0328125 0.1 0.000188076
3 0.767969 0.107813 0.0203125 0.01875 0.000189218
2 0.0328125 0.476562 0.04375 0.090625 0.000190823
1 0.702344 0.00078125 0.0265625 0.0015625 0.000191418
2 0.0382813 0.553125 0.0765625 0.046875 0.000193276
2 0.0703125 0.177344 0.06875 0.0484375 0.000194946
3 0.813281 0.104687 0.0703125 0.084375 0.000198019
2 0.0375 0.322656 0.04375 0.0921875 0.000200312
2 0.0703125 0.178125 0.03125 0.09375 0.000203563
2 0.890625 0.923437 0.06875 0.04375 0.00020602
1 0.25 0.0015625 0.0375 0.003125 0.000211048
2 0.0328125 0.746875 0.04375 0.090625 0.000211806
3 0.145313 0.210938 0.025 0.078125 0.000214559
0 0.05 0.115625 0.0625 0.05625 0.000215985
2 0.892187 0.921875 0.028125 0.090625 0.000227882
2 0.0328125 0.783594 0.04375 0.0953125 0.00023126
2 0.0320312 0.553906 0.0421875 0.0921875 0.000232897
3 0.767969 0.119531 0.0421875 0.0359375 0.000236381
1 0.565625 0.10625 0.05 0.01875 0.000243402
1 0.35625 0.0015625 0.05 0.003125 0.00024649
3 0.85 0.421875 0.015625 0.0625 0.000257324
2 0.059375 0.357812 0.028125 0.06875 0.000258601
2 0.059375 0.359375 0.05625 0.03125 0.00026062
3 0.147656 0.210156 0.0515625 0.0515625 0.000266191
2 0.872656 0.102344 0.0890625 0.139062 0.000273463
1 0.3 0.00078125 0.025 0.0015625 0.000274592
3 0.850781 0.421094 0.0421875 0.0328125 0.000286678
3 0.767187 0.119531 0.025 0.0546875 0.000287697
1 0.709375 0.0015625 0.040625 0.003125 0.000299752
2 0.434375 0.467187 0.0375 0.021875 0.00033839
1 0.288281 0.0015625 0.0390625 0.003125 0.000346525
1 0.43125 0.0015625 0.046875 0.003125 0.000351955
1 0.501562 0.0015625 0.053125 0.003125 0.000370577
1 0.657031 0.00234375 0.0546875 0.0046875 0.000376386
2 0.0632813 0.285156 0.0609375 0.0390625 0.000379469
2 0.0632813 0.285156 0.0265625 0.0796875 0.000392362
1 0.357812 0.00078125 0.025 0.0015625 0.000401363
1 0.578906 0.0015625 0.0546875 0.003125 0.000403882
3 0.341406 0.994531 0.0296875 0.0109375 0.000412129
0 0.539844 0.848437 0.0421875 0.034375 0.000426973
1 0.317187 0.00078125 0.025 0.0015625 0.000449737
1 0.336719 0.00078125 0.0234375 0.0015625 0.000461469
3 0.147656 0.278125 0.0203125 0.071875 0.000500878
3 0.785937 0.1375 0.040625 0.090625 0.000578788
3 0.149219 0.277344 0.0453125 0.0453125 0.000600054
1 0.685938 0.00078125 0.028125 0.0015625 0.000603862
1 0.607813 0.00078125 0.028125 0.0015625 0.000611897
1 0.646875 0.0015625 0.028125 0.003125 0.000623644
0 0.530469 0.774219 0.0390625 0.0328125 0.000695216
1 0.529688 0.00078125 0.028125 0.0015625 0.000720269
1 0.55625 0.994531 0.03125 0.0109375 0.000771705
1 0.377344 0.00078125 0.0265625 0.0015625 0.000788338
1 0.325 0.0015625 0.034375 0.003125 0.000819805
1 0.635938 0.0015625 0.0375 0.003125 0.000831926
1 0.395312 0.00078125 0.025 0.0015625 0.000842966
1 0.672656 0.0015625 0.0359375 0.003125 0.000880752
1 0.453125 0.00078125 0.028125 0.0015625 0.000973864
1 0.492188 0.00078125 0.028125 0.0015625 0.00105306
1 0.416406 0.00078125 0.0265625 0.0015625 0.00106253
1 0.365625 0.00078125 0.034375 0.0015625 0.00106761
1 0.570312 0.0015625 0.028125 0.003125 0.00109688
1 0.557031 0.0015625 0.0359375 0.003125 0.00124054
0 0.534375 0.817969 0.034375 0.0390625 0.00125284
1 0.592969 0.0015625 0.0359375 0.003125 0.00126867
1 0.516406 0.0015625 0.0359375 0.003125 0.00127593
0 0.536719 0.834375 0.0359375 0.0375 0.00131466
1 0.478906 0.0015625 0.0359375 0.003125 0.001374
1 0.403906 0.0015625 0.0328125 0.003125 0.00150844
1 0.440625 0.0015625 0.034375 0.003125 0.00153817
3 0.349219 0.996875 0.0265625 0.00625 0.00426768
0 0.532031 0.799219 0.0359375 0.0234375 0.00502033
1 0.561719 0.996875 0.0296875 0.00625 0.0739218
3 0.438281 0.4875 0.0359375 0.025 0.434884
0 0.530469 0.784375 0.0359375 0.025 0.763981
3 0.425781 0.454688 0.0296875 0.0125 0.767229
2 0.439063 0.488281 0.034375 0.0234375 0.8936
