1 0.7875 0.00234375 0.05 0.0046875 0.000100663
2 0.15625 0.94375 0.0375 0.096875 0.000102058
3 0.775781 0.44375 0.0234375 0.078125 0.000102758
3 0.179688 0.875 0.015625 0.028125 0.000103139
3 0.796094 0.423438 0.0484375 0.115625 0.000107446
3 0.135156 0.11875 0.0546875 0.05625 0.000109619
0 0.984375 0.0265625 0.025 0.053125 0.000109815
0 0.788281 0.553906 0.0921875 0.0734375 0.000110318
2 0.059375 0.357031 0.05625 0.0265625 0.000111175
0 0.373437 0.985156 0.059375 0.0296875 0.000112527
3 0.14375 0.285156 0.021875 0.0828125 0.000115692
2 0.157813 0.942969 0.075 0.0640625 0.000118642
3 0.171094 0.967969 0.0296875 0.0640625 0.0001189
0 0.86875 0.8875 0.06875 0.128125 0.000120702
3 0.145313 0.283594 0.053125 0.0546875 0.000121455
0 0.575781 0.959375 0.0453125 0.034375 0.000121795
3 0.40625 0.995313 0.028125 0.009375 0.000122025
3 0.173438 0.975781 0.065625 0.0484375 0.000123846
0 0.0648438 0.170312 0.0984375 0.14375 0.000124894
3 0.134375 0.120312 0.028125 0.08125 0.000125967
0 0.384375 0.994531 0.040625 0.0109375 0.000126935
1 0.221875 0.00078125 0.03125 0.0015625 0.000130385
0 0.614062 0.904688 0.05 0.040625 0.000131453
2 0.0617188 0.285937 0.0265625 0.08125 0.000133251
2 0.0601562 0.320312 0.0296875 0.071875 0.000133494
3 0.139062 0.154687 0.05625 0.059375 0.000133617
2 0.0617188 0.286719 0.0609375 0.0390625 0.000136587
1 0.721875 0.0046875 0.08125 0.009375 0.000139214
3 0.1375 0.155469 0.028125 0.0828125 0.000139341
3 0.6375 0.850781 0.028125 0.0515625 0.000140263
3 0.8375 0.105469 0.040625 0.0234375 0.000145321
2 0.0601562 0.321875 0.0609375 0.034375 0.000146044
0 0.789062 0.555469 0.05625 0.120312 0.000150791
1 0.177344 0.0015625 0.0421875 0.003125 0.000161012
1 0.275781 0.003125 0.0640625 0.00625 0.000165625
2 0.065625 0.942187 0.075 0.046875 0.000169266
1 0.202344 0.0015625 0.0296875 0.003125 0.000169541
2 0.065625 0.941406 0.03125 0.0984375 0.000185597
0 0.0484375 0.1 0.04375 0.090625 0.00019307
1 0.651563 0.00390625 0.075 0.0078125 0.000227565
1 0.764063 0.0015625 0.034375 0.003125 0.000247189
3 0.394531 0.995313 0.0265625 0.009375 0.000254669
1 0.353125 0.00234375 0.05625 0.0046875 0.000266759
2 0.626562 0.846094 0.046875 0.0484375 0.000282099
0 0.573438 0.9875 0.034375 0.021875 0.000332008
1 0.749219 0.0015625 0.0421875 0.003125 0.000339547
1 0.2125 0.0015625 0.040625 0.003125 0.000340807
1 0.571094 0.003125 0.0671875 0.00625 0.000386737
1 0.428125 0.00234375 0.05625 0.0046875 0.000401854
1 0.723437 0.0015625 0.034375 0.003125 0.00041285
3 0.632031 0.803125 0.0359375 0.01875 0.000456357
0 0.0523437 0.1625 0.0671875 0.05625 0.000462664
1 0.646875 0.0015625 0.034375 0.003125 0.000463678
1 0.499219 0.00234375 0.0578125 0.0046875 0.000472428
3 0.621875 0.849219 0.028125 0.0265625 0.000475645
1 0.6875 0.0015625 0.034375 0.003125 0.000487412
2 0.0625 0.251563 0.05625 0.0375 0.000497738
2 0.0625 0.251563 0.03125 0.06875 0.000508142
3 0.654688 0.8125 0.0375 0.03125 0.000526957
1 0.300781 0.0015625 0.0296875 0.003125 0.00054616
1 0.711719 0.0015625 0.0421875 0.003125 0.000566545
0 0.0515625 0.1625 0.04375 0.096875 0.000656122
0 0.560938 0.992188 0.046875 0.015625 0.000700723
1 0.25 0.0015625 0.0375 0.003125 0.000727714
1 0.675 0.0015625 0.040625 0.003125 0.000833575
1 0.569531 0.0015625 0.0328125 0.003125 0.00084869
1 0.607813 0.0015625 0.034375 0.003125 0.000862526
1 0.633594 0.0015625 0.0421875 0.003125 0.000900297
1 0.260156 0.0015625 0.0296875 0.003125 0.000922834
1 0.2875 0.0015625 0.0375 0.003125 0.000948431
1 0.59375 0.0015625 0.040625 0.003125 0.00118261
1 0.53125 0.0015625 0.03125 0.003125 0.00127826
1 0.454688 0.0015625 0.03125 0.003125 0.00128522
1 0.377344 0.0015625 0.0296875 0.003125 0.0013113
1 0.554688 0.0015625 0.040625 0.003125 0.00135869
1 0.492188 0.0015625 0.03125 0.003125 0.0013618
1 0.415625 0.0015625 0.03125 0.003125 0.00149263
1 0.339844 0.0015625 0.0296875 0.003125 0.00156728
1 0.327344 0.0015625 0.0359375 0.003125 0.00168398
1 0.516406 0.0015625 0.0390625 0.003125 0.00176916
1 0.478125 0.0015625 0.0375 0.003125 0.001809
1 0.402344 0.0015625 0.0359375 0.003125 0.0018434
1 0.440625 0.0015625 0.0375 0.003125 0.00197129
1 0.364062 0.0015625 0.0375 0.003125 0.00198708
1 0.571094 0.996094 0.0328125 0.0078125 0.00419346
0 0.573438 0.995313 0.03125 0.009375 0.00551461
3 0.628125 0.840625 0.034375 0.028125 0.299855
3 0.642969 0.809375 0.0265625 0.01875 0.78585
2 0.628906 0.841406 0.0328125 0.0265625 0.882454
