0 0.571875 0.74375 0.034375 0.04375 0.000100979
0 0.646875 0.563281 0.05 0.0390625 0.000101352
0 0.0679687 0.172656 0.0921875 0.142188 0.000102194
2 0.894531 0.735156 0.0296875 0.101562 0.000104255
1 0.08125 0.00390625 0.04375 0.0078125 0.000104355
3 0.816406 0.0921875 0.0359375 0.075 0.000105919
3 0.789062 0.119531 0.034375 0.0828125 0.000105964
3 0.229687 0.332031 0.01875 0.0546875 0.000106172
3 0.219531 0.953125 0.0234375 0.05 0.000108072
3 0.146094 0.308594 0.0265625 0.0828125 0.00010848
3 0.127344 0.090625 0.0578125 0.046875 0.000109002
2 0.157813 0.942187 0.071875 0.059375 0.000109142
2 0.890625 0.853125 0.078125 0.046875 0.000109431
1 0.724219 0.00078125 0.0296875 0.0015625 0.000109476
3 0.147656 0.307813 0.0609375 0.053125 0.000111283
1 0.732031 0.00390625 0.0703125 0.0078125 0.000114838
0 0.567187 0.766406 0.034375 0.0265625 0.00011605
2 0.89375 0.08125 0.05625 0.05625 0.000119492
3 0.766406 0.120312 0.0515625 0.0375 0.000123219
2 0.890625 0.8875 0.028125 0.096875 0.000123353
1 0.280469 0.00078125 0.0265625 0.0015625 0.000124124
2 0.892969 0.922656 0.0296875 0.0953125 0.000124332
3 0.139844 0.15 0.0296875 0.078125 0.000129568
1 0.213281 0.0015625 0.0421875 0.003125 0.000133204
3 0.835938 0.0875 0.021875 0.034375 0.000137491
3 0.172656 0.96875 0.0609375 0.05 0.00014206
1 0.241406 0.00078125 0.0265625 0.0015625 0.000144058
0 0.0539063 0.929688 0.0328125 0.028125 0.000144922
2 0.872656 0.882031 0.0953125 0.157813 0.000145771
1 0.75 0.0015625 0.040625 0.003125 0.000145918
2 0.059375 0.321094 0.028125 0.0734375 0.000146574
2 0.889063 0.889844 0.078125 0.0453125 0.000148083
3 0.170312 0.963281 0.025 0.0734375 0.000149095
3 0.1375 0.115625 0.053125 0.05625 0.000153537
3 0.714063 0.499219 0.025 0.0484375 0.000153619
3 0.141406 0.148438 0.0578125 0.053125 0.000160604
3 0.764844 0.120312 0.0296875 0.0625 0.000161278
3 0.136719 0.117188 0.0265625 0.078125 0.000161442
3 0.766406 0.129688 0.0203125 0.025 0.000169323
3 0.142188 0.2125 0.028125 0.08125 0.000171974
0 0.567187 0.810938 0.0375 0.03125 0.000173351
1 0.260156 0.00078125 0.0265625 0.0015625 0.000177602
3 0.817969 0.271875 0.0140625 0.025 0.000177824
2 0.894531 0.0804688 0.0265625 0.0953125 0.000179006
0 0.570312 0.901563 0.03125 0.05 0.000179837
2 0.0601562 0.321875 0.0578125 0.034375 0.00019985
2 0.0640625 0.939844 0.06875 0.0453125 0.000201921
2 0.0648438 0.938281 0.0296875 0.0953125 0.000207179
3 0.127344 0.090625 0.0328125 0.075 0.000207538
0 0.56875 0.9375 0.034375 0.0375 0.000214027
1 0.279687 0.00234375 0.05625 0.0046875 0.000219406
3 0.14375 0.211719 0.05625 0.0546875 0.000222972
2 0.0617188 0.285937 0.0578125 0.0375 0.00022633
2 0.0617188 0.285156 0.0265625 0.0765625 0.000235473
2 0.682031 0.525781 0.0359375 0.0296875 0.00023889
0 0.569531 0.834375 0.0296875 0.025 0.000240095
3 0.196875 0.759375 0.0125 0.01875 0.000241554
3 0.785937 0.145313 0.053125 0.109375 0.000273763
1 0.299219 0.00078125 0.0265625 0.0015625 0.000276841
1 0.711719 0.0015625 0.0421875 0.003125 0.000279603
2 0.0679687 0.252344 0.0296875 0.0859375 0.000282887
0 0.571094 0.853906 0.0328125 0.0484375 0.000283716
1 0.357031 0.0015625 0.0484375 0.003125 0.000297743
0 0.0492188 0.0851562 0.0421875 0.0859375 0.00029993
1 0.25 0.0015625 0.0375 0.003125 0.000326632
2 0.06875 0.251563 0.06875 0.040625 0.000329963
1 0.655469 0.003125 0.0640625 0.00625 0.000346623
0 0.583594 0.763281 0.0515625 0.0609375 0.00036205
1 0.428125 0.0015625 0.05 0.003125 0.000389731
1 0.578906 0.00234375 0.0609375 0.0046875 0.000395089
3 0.182031 0.75625 0.0171875 0.01875 0.000408325
1 0.646875 0.0015625 0.03125 0.003125 0.000432223
1 0.501562 0.0015625 0.053125 0.003125 0.000440397
1 0.686719 0.00078125 0.0296875 0.0015625 0.000440557
1 0.2875 0.0015625 0.0375 0.003125 0.000471726
1 0.567969 0.00078125 0.0296875 0.0015625 0.000475638
3 0.144531 0.278125 0.0203125 0.075 0.000484631
3 0.146094 0.277344 0.0453125 0.0484375 0.00054487
1 0.672656 0.0015625 0.0390625 0.003125 0.000597652
1 0.3375 0.00078125 0.025 0.0015625 0.000781449
1 0.610156 0.0015625 0.0296875 0.003125 0.000784302
1 0.490625 0.00078125 0.028125 0.0015625 0.000813489
1 0.633594 0.0015625 0.0390625 0.003125 0.000851729
0 0.572656 0.757812 0.0328125 0.028125 0.000879627
0 0.05 0.163281 0.040625 0.0953125 0.000890991
1 0.532812 0.00078125 0.028125 0.0015625 0.000939685
0 0.567187 0.825 0.040625 0.046875 0.00101395
1 0.596875 0.0015625 0.0375 0.003125 0.0010177
1 0.454688 0.0015625 0.028125 0.003125 0.00105146
0 0.569531 0.794531 0.0328125 0.0328125 0.00105324
1 0.5625 0.992188 0.03125 0.015625 0.00106564
1 0.326562 0.0015625 0.034375 0.003125 0.00107185
1 0.377344 0.00078125 0.0265625 0.0015625 0.00107917
1 0.554688 0.0015625 0.0375 0.003125 0.00113306
1 0.415625 0.00078125 0.028125 0.0015625 0.00117667
1 0.477344 0.0015625 0.0359375 0.003125 0.0013702
1 0.364844 0.0015625 0.0359375 0.003125 0.00138408
1 0.517969 0.0015625 0.0359375 0.003125 0.0014032
1 0.439844 0.0015625 0.0359375 0.003125 0.00152529
2 0.871875 0.101562 0.071875 0.109375 0.00156076
1 0.401563 0.0015625 0.034375 0.003125 0.00159259
2 0.700781 0.505469 0.0328125 0.0328125 0.0343593
1 0.563281 0.996094 0.0296875 0.0078125 0.0439578
3 0.690625 0.517969 0.034375 0.0359375 0.388564
0 0.571094 0.774219 0.0296875 0.0234375 0.754504
3 0.714844 0.49375 0.0234375 0.021875 0.797307
2 0.690625 0.517969 0.034375 0.0328125 0.85609
