1 0.711719 0.003125 0.0359375 0.00625 0.000100326
2 0.896094 0.114063 0.0640625 0.053125 0.000101525
2 0.0476562 0.239844 0.0484375 0.0921875 0.000103592
2 0.040625 0.316406 0.04375 0.0921875 0.000103946
3 0.855469 0.5 0.0171875 0.071875 0.000107166
2 0.892969 0.924219 0.0734375 0.0453125 0.000110919
3 0.776563 0.439063 0.025 0.071875 0.000111412
2 0.888281 0.814844 0.0265625 0.0953125 0.000112289
2 0.8875 0.817187 0.071875 0.046875 0.000112832
0 0.788281 0.485938 0.0546875 0.128125 0.000112839
2 0.0617188 0.286719 0.0609375 0.0390625 0.000113018
2 0.885938 0.658594 0.0625 0.0421875 0.000113855
2 0.882812 0.625 0.059375 0.04375 0.00011394
2 0.0609375 0.285156 0.028125 0.0796875 0.000114839
3 0.134375 0.122656 0.03125 0.0828125 0.000115018
2 0.885938 0.657031 0.021875 0.0890625 0.000115911
3 0.838281 0.111719 0.0359375 0.0671875 0.000119237
2 0.885156 0.779688 0.0671875 0.04375 0.000119913
2 0.059375 0.358594 0.059375 0.0296875 0.000121916
1 0.788281 0.00234375 0.0484375 0.0046875 0.000122528
2 0.885938 0.777344 0.025 0.0921875 0.000125533
1 0.176563 0.0015625 0.04375 0.003125 0.000127229
3 0.146094 0.250781 0.0265625 0.0796875 0.000127592
3 0.775 0.371094 0.025 0.0671875 0.000128387
0 0.983594 0.0242187 0.0234375 0.0484375 0.000128664
2 0.894531 0.921875 0.0296875 0.096875 0.000131882
2 0.890625 0.850781 0.025 0.0953125 0.00013525
3 0.147656 0.249219 0.0546875 0.0546875 0.000136068
1 0.717188 0.0046875 0.08125 0.009375 0.0001361
0 0.571875 0.863281 0.0375 0.0546875 0.000139798
0 0.56875 0.95 0.04375 0.0375 0.000140765
2 0.897656 0.1125 0.0296875 0.1 0.00014586
3 0.839063 0.108594 0.034375 0.0265625 0.000146721
2 0.882812 0.624219 0.021875 0.0859375 0.000147035
2 0.889063 0.852344 0.06875 0.0453125 0.000152507
3 0.778906 0.369531 0.0171875 0.0234375 0.000163334
3 0.353125 0.995313 0.028125 0.009375 0.000175271
2 0.791406 0.419531 0.0734375 0.0703125 0.000181423
1 0.279687 0.003125 0.0625 0.00625 0.000183148
3 0.76875 0.375 0.01875 0.021875 0.000185765
3 0.144531 0.28125 0.0234375 0.08125 0.000209163
3 0.792969 0.421875 0.0421875 0.109375 0.000224528
3 0.146875 0.279687 0.053125 0.053125 0.000226888
2 0.059375 0.320312 0.028125 0.06875 0.000235471
2 0.065625 0.939844 0.03125 0.0953125 0.000236917
2 0.873438 0.599219 0.09375 0.160938 0.000240713
2 0.059375 0.321094 0.05625 0.0328125 0.0002497
1 0.214844 0.0015625 0.0421875 0.003125 0.00025507
1 0.763281 0.0015625 0.0328125 0.003125 0.000255784
1 0.353125 0.00234375 0.059375 0.0046875 0.000259593
2 0.065625 0.941406 0.071875 0.0421875 0.000263448
1 0.724219 0.0015625 0.0359375 0.003125 0.000293271
1 0.65 0.00390625 0.071875 0.0078125 0.000296304
1 0.749219 0.0015625 0.0421875 0.003125 0.000325116
2 0.0632813 0.250781 0.0609375 0.0390625 0.000365654
2 0.0640625 0.250781 0.03125 0.0734375 0.000367706
1 0.280469 0.00078125 0.0296875 0.0015625 0.000376587
1 0.496875 0.00234375 0.059375 0.0046875 0.000434433
1 0.242969 0.00078125 0.0296875 0.0015625 0.000435985
1 0.573438 0.003125 0.065625 0.00625 0.000439762
1 0.427344 0.00234375 0.0546875 0.0046875 0.000457986
1 0.609375 0.0015625 0.034375 0.003125 0.000540189
1 0.648438 0.0015625 0.034375 0.003125 0.00056282
1 0.260938 0.00078125 0.028125 0.0015625 0.000586733
1 0.704687 0.0015625 0.034375 0.003125 0.000617354
1 0.300781 0.0015625 0.0296875 0.003125 0.000620459
0 0.558594 0.975 0.0359375 0.03125 0.000661233
1 0.251563 0.0015625 0.0375 0.003125 0.000719557
1 0.685938 0.0015625 0.034375 0.003125 0.000720517
2 0.557031 0.83125 0.0328125 0.028125 0.000729343
1 0.635938 0.0015625 0.040625 0.003125 0.000850846
1 0.53125 0.0015625 0.03125 0.003125 0.000877216
1 0.288281 0.0015625 0.0390625 0.003125 0.000912714
1 0.376563 0.0015625 0.03125 0.003125 0.000953097
1 0.673437 0.0015625 0.040625 0.003125 0.000978797
1 0.453125 0.00078125 0.03125 0.0015625 0.00109005
1 0.571094 0.0015625 0.0328125 0.003125 0.00121842
1 0.59375 0.0015625 0.040625 0.003125 0.00128448
1 0.492188 0.0015625 0.03125 0.003125 0.00137194
1 0.557031 0.0015625 0.0390625 0.003125 0.0014387
0 0.059375 0.171875 0.1 0.06875 0.00146833
1 0.478125 0.0015625 0.0375 0.003125 0.00158368
1 0.363281 0.0015625 0.0390625 0.003125 0.00159228
1 0.338281 0.0015625 0.0296875 0.003125 0.00167828
1 0.516406 0.0015625 0.0390625 0.003125 0.00168191
1 0.325781 0.0015625 0.0359375 0.003125 0.00170387
1 0.438281 0.0015625 0.0359375 0.003125 0.00218183
0 0.053125 0.166406 0.04375 0.0859375 0.00234201
1 0.404687 0.0015625 0.0375 0.003125 0.00243357
1 0.417188 0.0015625 0.03125 0.003125 0.00273531
0 0.558594 0.988281 0.0359375 0.0234375 0.002905
0 0.558594 0.994531 0.0328125 0.0109375 0.0648079
3 0.554688 0.822656 0.03125 0.0234375 0.450662
3 0.552344 0.786719 0.0296875 0.0109375 0.780868
2 0.554688 0.822656 0.03125 0.0234375 0.859566
