2 0.059375 0.553125 0.053125 0.03125 0.000100297
3 0.808594 0.396094 0.0203125 0.0796875 0.000100562
3 0.107813 0.158594 0.03125 0.0359375 0.0001009
2 0.0375 0.783594 0.04375 0.0921875 0.000101061
2 0.863281 0.924219 0.0296875 0.0828125 0.000101397
2 0.896094 0.117969 0.0296875 0.101562 0.0001025
0 0.558594 0.892187 0.0328125 0.04375 0.000102717
3 0.836719 0.141406 0.0640625 0.0484375 0.000102793
2 0.889063 0.891406 0.075 0.0453125 0.000104058
2 0.0601562 0.902344 0.0296875 0.0796875 0.000104232
2 0.059375 0.665625 0.053125 0.03125 0.000104401
0 0.440625 0.871875 0.075 0.13125 0.000105348
3 0.854688 0.542188 0.015625 0.071875 0.000105985
3 0.151562 0.248437 0.05625 0.05625 0.000106934
0 0.517969 0.651563 0.0796875 0.128125 0.000107568
2 0.059375 0.745313 0.053125 0.028125 0.000108392
2 0.886719 0.775 0.0234375 0.09375 0.000108443
2 0.0585938 0.784375 0.0546875 0.03125 0.000108664
2 0.885938 0.778125 0.065625 0.04375 0.000108728
2 0.1125 0.224219 0.03125 0.0328125 0.000109311
2 0.895312 0.196094 0.025 0.104687 0.000109613
1 0.221875 0.00078125 0.03125 0.0015625 0.000110064
3 0.985937 0.0492188 0.021875 0.0859375 0.000110983
2 0.0351562 0.589063 0.0453125 0.090625 0.000112163
2 0.040625 0.63125 0.08125 0.04375 0.00011233
1 0.786719 0.00234375 0.0484375 0.0046875 0.000112856
2 0.0375 0.359375 0.046875 0.096875 0.000113686
3 0.191406 0.2625 0.0234375 0.065625 0.000114734
2 0.871875 0.879687 0.096875 0.1625 0.000118228
3 0.166406 0.975781 0.0265625 0.0484375 0.000119554
2 0.059375 0.860937 0.028125 0.071875 0.000124798
2 0.059375 0.8625 0.059375 0.03125 0.000128198
3 0.865625 0.123438 0.040625 0.0875 0.000129888
2 0.854688 0.267188 0.053125 0.04375 0.000131481
1 0.202344 0.00078125 0.0296875 0.0015625 0.000132491
2 0.854688 0.265625 0.01875 0.084375 0.000133517
2 0.065625 0.288281 0.028125 0.0921875 0.000134319
0 0.558594 0.871094 0.0421875 0.0296875 0.000135395
2 0.040625 0.435937 0.08125 0.04375 0.000135829
3 0.107031 0.171875 0.0296875 0.034375 0.000136
2 0.0359375 0.63125 0.04375 0.0875 0.000136243
2 0.065625 0.289062 0.06875 0.04375 0.000137289
2 0.891406 0.923437 0.0703125 0.04375 0.000137658
3 0.161719 0.127344 0.0296875 0.0546875 0.000140613
2 0.8875 0.817969 0.065625 0.0453125 0.000141783
2 0.0398437 0.858594 0.0796875 0.0453125 0.000142611
3 0.167187 0.982813 0.053125 0.034375 0.000142841
2 0.0398437 0.742969 0.0796875 0.0421875 0.0001444
2 0.0601562 0.439844 0.0578125 0.0328125 0.000147897
0 0.984375 0.0242187 0.021875 0.0484375 0.000149958
2 0.888281 0.815625 0.0234375 0.09375 0.000151622
0 0.350781 0.89375 0.101562 0.06875 0.000154038
2 0.040625 0.317969 0.046875 0.0953125 0.000156388
2 0.114844 0.88125 0.0609375 0.15625 0.00015877
1 0.717969 0.0046875 0.0796875 0.009375 0.000159606
3 0.1625 0.994531 0.01875 0.0109375 0.000161008
2 0.0359375 0.742969 0.04375 0.0859375 0.000161527
2 0.841406 0.189844 0.0390625 0.0921875 0.000165161
1 0.176563 0.0015625 0.040625 0.003125 0.00016574
2 0.059375 0.4375 0.028125 0.078125 0.000165979
2 0.892187 0.921875 0.028125 0.09375 0.000169886
0 0.352344 0.89375 0.0671875 0.115625 0.000177291
2 0.0367187 0.435937 0.0453125 0.0875 0.000177766
3 0.836719 0.142969 0.0390625 0.0796875 0.000177946
3 0.1375 0.153125 0.028125 0.075 0.00017998
2 0.0359375 0.857031 0.04375 0.0890625 0.000186988
3 0.142969 0.215625 0.0265625 0.078125 0.000189922
1 0.278125 0.003125 0.0625 0.00625 0.000192964
2 0.0601562 0.4 0.0609375 0.03125 0.000194085
3 0.153906 0.311719 0.0265625 0.0796875 0.000199008
2 0.0601562 0.361719 0.0609375 0.0359375 0.000199468
3 0.139062 0.151562 0.053125 0.053125 0.00020186
2 0.0492188 0.242969 0.0890625 0.0484375 0.000208246
2 0.0601562 0.398438 0.0265625 0.075 0.00021077
3 0.15625 0.311719 0.059375 0.0515625 0.00021813
2 0.0664062 0.252344 0.0609375 0.0453125 0.000224938
2 0.0601562 0.360156 0.0296875 0.0796875 0.000234165
3 0.145313 0.214062 0.053125 0.053125 0.000253725
2 0.0671875 0.252344 0.028125 0.0859375 0.000257124
1 0.652344 0.00390625 0.0734375 0.0078125 0.000274791
3 0.390625 0.739062 0.03125 0.034375 0.000278688
2 0.0617188 0.324219 0.0640625 0.0390625 0.000279847
1 0.764063 0.0015625 0.034375 0.003125 0.000282222
2 0.0640625 0.941406 0.03125 0.0921875 0.000285165
2 0.0640625 0.942187 0.071875 0.040625 0.000287429
1 0.354688 0.00234375 0.05625 0.0046875 0.000288985
1 0.211719 0.0015625 0.0421875 0.003125 0.000303575
3 0.135937 0.122656 0.046875 0.0515625 0.000304142
3 0.135156 0.123438 0.0265625 0.071875 0.000317171
2 0.0617188 0.322656 0.0296875 0.0828125 0.000318041
2 0.0484375 0.241406 0.05 0.0921875 0.000327588
1 0.75 0.0015625 0.04375 0.003125 0.000348544
1 0.242969 0.00078125 0.0296875 0.0015625 0.00035141
3 0.151562 0.28125 0.021875 0.075 0.000386976
1 0.498437 0.00234375 0.059375 0.0046875 0.000390266
1 0.574219 0.003125 0.0671875 0.00625 0.000391132
1 0.724219 0.0015625 0.0359375 0.003125 0.000435355
3 0.153125 0.280469 0.046875 0.0484375 0.000444269
1 0.425781 0.00234375 0.0546875 0.0046875 0.000452218
1 0.609375 0.0015625 0.034375 0.003125 0.000468662
0 0.553125 0.907812 0.03125 0.025 0.000495617
1 0.280469 0.0015625 0.0296875 0.003125 0.00050006
0 0.551562 0.929688 0.0375 0.0375 0.000508124
1 0.710938 0.0015625 0.04375 0.003125 0.00053572
0 0.535156 0.747656 0.0390625 0.0296875 0.000567901
1 0.261719 0.00078125 0.0296875 0.0015625 0.000595002
1 0.300781 0.00078125 0.0296875 0.0015625 0.000599873
1 0.532812 0.0015625 0.03125 0.003125 0.000637818
1 0.685938 0.0015625 0.034375 0.003125 0.000678008
1 0.251563 0.0015625 0.0375 0.003125 0.000700572
1 0.636719 0.0015625 0.0421875 0.003125 0.000789287
0 0.542188 0.782812 0.034375 0.028125 0.000944427
1 0.667188 0.0015625 0.034375 0.003125 0.000946873
1 0.288281 0.0015625 0.0390625 0.003125 0.000948413
1 0.454688 0.0015625 0.03125 0.003125 0.000988711
1 0.492188 0.0015625 0.03125 0.003125 0.00102154
1 0.569531 0.0015625 0.0328125 0.003125 0.00102563
1 0.378125 0.0015625 0.03125 0.003125 0.00111609
1 0.59375 0.0015625 0.040625 0.003125 0.00112371
0 0.546875 0.823438 0.03125 0.04375 0.00123041
1 0.557031 0.0015625 0.0390625 0.003125 0.00141501
1 0.478125 0.0015625 0.0375 0.003125 0.00143038
3 0.0632813 0.174219 0.0765625 0.101562 0.00144071
1 0.517187 0.0015625 0.0375 0.003125 0.00153329
1 0.325781 0.0015625 0.0359375 0.003125 0.00167957
1 0.338281 0.0015625 0.0296875 0.003125 0.00171466
1 0.439063 0.0015625 0.0375 0.003125 0.00183564
1 0.364062 0.0015625 0.0375 0.003125 0.00191356
1 0.416406 0.0015625 0.0296875 0.003125 0.00209571
1 0.403906 0.0015625 0.0359375 0.003125 0.00228768
0 0.0546875 0.16875 0.040625 0.084375 0.00262396
0 0.546875 0.841406 0.034375 0.0296875 0.00308531
0 0.55625 0.990625 0.034375 0.01875 0.0105867
0 0.551562 0.892969 0.03125 0.0234375 0.0127773
0 0.549219 0.8625 0.0328125 0.028125 0.0134901
1 0.55625 0.996875 0.03125 0.00625 0.0261545
0 0.550781 0.879687 0.0265625 0.03125 0.0717485
3 0.407813 0.739062 0.034375 0.034375 0.308561
0 0.539062 0.7625 0.034375 0.025 0.748236
3 0.389844 0.766406 0.0265625 0.0203125 0.808226
2 0.407813 0.738281 0.034375 0.0328125 0.882812
