3 0.165625 0.96875 0.028125 0.0625 0.000102357
2 0.884375 0.777344 0.0625 0.0453125 0.000102987
2 0.059375 0.357812 0.059375 0.028125 0.00010537
3 0.161719 0.124219 0.0296875 0.0640625 0.000107034
2 0.886719 0.816406 0.0671875 0.0453125 0.000108665
1 0.222656 0.00078125 0.0296875 0.0015625 0.000108741
3 0.853906 0.305469 0.0484375 0.0421875 0.000110356
3 0.815625 0.442187 0.015625 0.021875 0.000110592
2 0.884375 0.775781 0.021875 0.0921875 0.000110905
3 0.146094 0.248437 0.0265625 0.08125 0.000113891
2 0.853125 0.304688 0.01875 0.075 0.000116287
3 0.773438 0.365625 0.04375 0.040625 0.000116807
2 0.889844 0.849219 0.0234375 0.0953125 0.000117429
3 0.108594 0.154687 0.0328125 0.034375 0.000118259
2 0.8875 0.814062 0.025 0.09375 0.000119416
2 0.0625 0.285937 0.028125 0.08125 0.000121704
2 0.0625 0.942187 0.071875 0.04375 0.000122416
3 0.146875 0.174219 0.0625 0.0546875 0.000122779
2 0.0617188 0.286719 0.0640625 0.0390625 0.000122857
3 0.147656 0.246875 0.0546875 0.05625 0.000126488
3 0.842969 0.0867188 0.0359375 0.0234375 0.000128062
1 0.721875 0.00546875 0.084375 0.0109375 0.000137742
2 0.0625 0.940625 0.03125 0.096875 0.000138546
2 0.888281 0.851562 0.0671875 0.04375 0.00013904
3 0.81875 0.578906 0.015625 0.0171875 0.000148477
3 0.140625 0.149219 0.034375 0.0828125 0.000150301
3 0.126563 0.090625 0.05625 0.04375 0.000153023
3 0.142188 0.147656 0.0625 0.0578125 0.000158424
2 0.0601562 0.317969 0.0296875 0.0703125 0.000161118
3 0.839844 0.107813 0.0359375 0.071875 0.00016658
0 0.571875 0.867188 0.0375 0.05 0.000167937
2 0.891406 0.923437 0.0703125 0.04375 0.000173492
3 0.1375 0.117969 0.046875 0.0578125 0.000177245
3 0.774219 0.365625 0.0234375 0.065625 0.000179376
2 0.0601562 0.319531 0.0578125 0.0328125 0.000193634
3 0.5375 0.779688 0.0375 0.01875 0.000198677
3 0.770312 0.36875 0.01875 0.01875 0.000202986
1 0.213281 0.0015625 0.0421875 0.003125 0.000204331
3 0.135937 0.119531 0.025 0.0796875 0.000204555
2 0.892969 0.921094 0.0296875 0.0921875 0.000208477
1 0.279687 0.00234375 0.0625 0.0046875 0.000219324
3 0.14375 0.278906 0.021875 0.0796875 0.000222742
1 0.65 0.0046875 0.075 0.009375 0.000229242
2 0.538281 0.779688 0.0390625 0.015625 0.000232867
3 0.146094 0.278125 0.0515625 0.053125 0.000248
0 0.0484375 0.115625 0.04375 0.09375 0.00026746
1 0.353906 0.00234375 0.0578125 0.0046875 0.000271508
1 0.761719 0.0015625 0.0328125 0.003125 0.000293183
0 0.0625 0.171094 0.09375 0.135937 0.000293835
3 0.126563 0.0914062 0.03125 0.0703125 0.000299217
1 0.726562 0.0015625 0.034375 0.003125 0.000343384
1 0.261719 0.00078125 0.0296875 0.0015625 0.000351486
1 0.571875 0.003125 0.065625 0.00625 0.000380454
1 0.426562 0.00234375 0.05625 0.0046875 0.00038991
1 0.498437 0.00234375 0.059375 0.0046875 0.000395367
1 0.240625 0.00078125 0.028125 0.0015625 0.000428904
2 0.0664062 0.251563 0.0296875 0.078125 0.000479813
1 0.74375 0.0015625 0.034375 0.003125 0.000480335
2 0.0671875 0.251563 0.0625 0.040625 0.000495308
1 0.713281 0.0015625 0.0421875 0.003125 0.000496379
1 0.648438 0.0015625 0.034375 0.003125 0.000503407
1 0.684375 0.0015625 0.034375 0.003125 0.00056947
1 0.609375 0.0015625 0.034375 0.003125 0.000578566
1 0.251563 0.0015625 0.0375 0.003125 0.000586112
1 0.299219 0.00078125 0.0296875 0.0015625 0.000643251
1 0.672656 0.0015625 0.0421875 0.003125 0.000770032
1 0.288281 0.0015625 0.0390625 0.003125 0.000825521
1 0.635938 0.0015625 0.04375 0.003125 0.000845801
1 0.492188 0.0015625 0.03125 0.003125 0.000894894
1 0.569531 0.0015625 0.0328125 0.003125 0.000929751
0 0.0492188 0.164062 0.0421875 0.09375 0.000977
0 0.555469 0.976562 0.0359375 0.03125 0.00101263
1 0.532031 0.0015625 0.0328125 0.003125 0.00107811
1 0.59375 0.0015625 0.040625 0.003125 0.00112475
1 0.377344 0.0015625 0.0296875 0.003125 0.00133196
1 0.555469 0.0015625 0.0390625 0.003125 0.00138719
1 0.415625 0.0015625 0.03125 0.003125 0.00147108
1 0.454688 0.0015625 0.03125 0.003125 0.00151175
1 0.477344 0.0015625 0.0390625 0.003125 0.00157368
1 0.338281 0.00078125 0.0296875 0.0015625 0.00160709
1 0.517187 0.0015625 0.0375 0.003125 0.00162901
1 0.325781 0.0015625 0.0359375 0.003125 0.00178412
0 0.555469 0.986719 0.0359375 0.0234375 0.00179115
1 0.439844 0.0015625 0.0359375 0.003125 0.0019097
1 0.364062 0.0015625 0.0375 0.003125 0.00194808
1 0.402344 0.0015625 0.0359375 0.003125 0.00201316
0 0.554688 0.994531 0.03125 0.0109375 0.123762
3 0.546875 0.824219 0.03125 0.0234375 0.448052
3 0.546094 0.7875 0.0296875 0.0125 0.789486
2 0.547656 0.824219 0.0296875 0.0234375 0.891268
