2 0.896875 0.0804688 0.025 0.101562 0.000100086
3 0.814844 0.814062 0.0140625 0.021875 0.000100179
2 0.110156 0.203906 0.0296875 0.0328125 0.0001007
0 0.782812 0.883594 0.071875 0.139062 0.000104044
2 0.0671875 0.217187 0.03125 0.090625 0.000104873
2 0.0390625 0.590625 0.078125 0.04375 0.000105989
3 0.765625 0.203125 0.015625 0.021875 0.000107887
2 0.797656 0.328906 0.0453125 0.114063 0.000109103
2 0.03125 0.822656 0.04375 0.0953125 0.000109853
3 0.189844 0.255469 0.0203125 0.0578125 0.000110459
2 0.0390625 0.513281 0.078125 0.0453125 0.000110764
3 0.778125 0.515625 0.04375 0.0375 0.000111124
2 0.0664062 0.217187 0.0703125 0.046875 0.000112739
3 0.804688 0.815625 0.015625 0.021875 0.000113314
3 0.785156 0.640625 0.0171875 0.021875 0.000115904
2 0.03125 0.472656 0.040625 0.0890625 0.000116812
2 0.0609375 0.320312 0.028125 0.08125 0.000118087
2 0.0328125 0.591406 0.04375 0.0890625 0.000121008
3 0.167969 0.967188 0.0265625 0.065625 0.000124653
3 0.338281 0.995313 0.0265625 0.009375 0.000124948
2 0.0601562 0.321875 0.0640625 0.0375 0.000125464
2 0.0328125 0.514063 0.04375 0.090625 0.000129574
3 0.14375 0.214062 0.028125 0.08125 0.000131999
2 0.0414063 0.321094 0.0828125 0.0453125 0.000133655
3 0.76875 0.221094 0.015625 0.0203125 0.000134269
3 0.170312 0.973437 0.0625 0.04375 0.000134701
3 0.144531 0.178906 0.0296875 0.0796875 0.000135192
3 0.811719 0.282031 0.0234375 0.0765625 0.00013709
3 0.777344 0.516406 0.0234375 0.0640625 0.00013887
3 0.851562 0.386719 0.04375 0.0359375 0.000140129
2 0.0648438 0.941406 0.0765625 0.0453125 0.000140728
3 0.851562 0.386719 0.015625 0.0671875 0.000140966
1 0.2125 0.0015625 0.04375 0.003125 0.00014555
2 0.0382813 0.783594 0.0765625 0.0484375 0.000146264
0 0.788281 0.646094 0.0921875 0.0734375 0.000146924
1 0.727344 0.00390625 0.0734375 0.0078125 0.000148151
0 0.550781 0.989062 0.0359375 0.021875 0.000149615
2 0.0453125 0.240625 0.090625 0.05 0.000150371
2 0.884375 0.853906 0.059375 0.0421875 0.00015219
3 0.852344 0.090625 0.0390625 0.09375 0.000156483
2 0.892187 0.925 0.071875 0.04375 0.000156626
3 0.801562 0.130469 0.025 0.0328125 0.000157065
2 0.885156 0.851562 0.0203125 0.0875 0.000162755
3 0.146094 0.247656 0.0265625 0.0796875 0.00016335
2 0.0648438 0.940625 0.0328125 0.1 0.000163625
2 0.0375 0.860937 0.075 0.046875 0.000163928
2 0.791406 0.496875 0.0796875 0.06875 0.000167068
2 0.0390625 0.397656 0.078125 0.0453125 0.000167833
2 0.0375 0.321094 0.04375 0.0921875 0.000168905
3 0.146094 0.177344 0.0578125 0.0546875 0.000169942
3 0.145313 0.211719 0.05625 0.0546875 0.000170608
2 0.872656 0.883594 0.0953125 0.160938 0.0001751
3 0.147656 0.245312 0.0515625 0.053125 0.000176018
2 0.892969 0.923437 0.0296875 0.09375 0.0001764
2 0.03125 0.784375 0.04375 0.09375 0.000178693
0 0.789062 0.649219 0.053125 0.120312 0.00018152
3 0.839844 0.0890625 0.0265625 0.03125 0.000184423
2 0.03125 0.861719 0.04375 0.0921875 0.000187328
3 0.853125 0.30625 0.04375 0.0375 0.000191107
2 0.852344 0.305469 0.0171875 0.0671875 0.000196985
2 0.059375 0.396875 0.028125 0.0625 0.00019759
1 0.559375 0.994531 0.03125 0.0109375 0.000199988
2 0.791406 0.499219 0.0453125 0.110937 0.000202697
1 0.764063 0.00078125 0.03125 0.0015625 0.000208071
2 0.0335938 0.398438 0.0421875 0.090625 0.00021179
0 0.05 0.111719 0.040625 0.0921875 0.000214492
2 0.0382813 0.707031 0.0765625 0.0453125 0.000216464
2 0.0445312 0.239844 0.0484375 0.0953125 0.000224817
3 0.125781 0.0914062 0.0578125 0.0484375 0.000226463
2 0.0617188 0.284375 0.0265625 0.078125 0.000232885
2 0.0625 0.285156 0.059375 0.0359375 0.000234467
2 0.0328125 0.707812 0.04375 0.090625 0.000237688
2 0.059375 0.399219 0.053125 0.0265625 0.000244001
0 0.0492188 0.111719 0.0640625 0.0546875 0.000244164
3 0.136719 0.117188 0.0234375 0.075 0.000248808
3 0.144531 0.307813 0.0234375 0.071875 0.000253928
1 0.353125 0.00234375 0.053125 0.0046875 0.000254622
3 0.138281 0.115625 0.0453125 0.053125 0.000269539
2 0.0648438 0.160938 0.101562 0.15 0.000276126
1 0.242188 0.00078125 0.028125 0.0015625 0.000277122
3 0.146094 0.278125 0.0234375 0.075 0.000277261
1 0.724219 0.0015625 0.0328125 0.003125 0.00027886
3 0.146875 0.307031 0.053125 0.0453125 0.000281695
3 0.169531 0.126563 0.0296875 0.0625 0.000281722
1 0.75 0.0015625 0.040625 0.003125 0.000283551
2 0.0648438 0.176563 0.0609375 0.046875 0.000291863
3 0.803125 0.113281 0.028125 0.0265625 0.000293837
2 0.0648438 0.177344 0.0328125 0.0796875 0.000300833
0 0.0554687 0.166406 0.0421875 0.0984375 0.000302395
1 0.28125 0.00234375 0.05625 0.0046875 0.000312183
3 0.148438 0.277344 0.05 0.0484375 0.000315203
0 0.0554687 0.166406 0.0671875 0.0578125 0.000319171
3 0.442187 0.552344 0.028125 0.0296875 0.000326067
1 0.260156 0.00078125 0.0265625 0.0015625 0.000341457
3 0.789062 0.147656 0.046875 0.0921875 0.000348914
1 0.655469 0.003125 0.0671875 0.00625 0.000362639
3 0.803125 0.122656 0.03125 0.0609375 0.000367593
0 0.535937 0.858594 0.034375 0.0390625 0.000382946
2 0.0664062 0.250781 0.0296875 0.0828125 0.000396259
1 0.428125 0.0015625 0.053125 0.003125 0.000401489
3 0.125781 0.0921875 0.0328125 0.075 0.000417424
2 0.0664062 0.250781 0.0640625 0.0421875 0.000418576
1 0.573438 0.00234375 0.0625 0.0046875 0.000430323
1 0.496094 0.0015625 0.0546875 0.003125 0.000448615
1 0.711719 0.0015625 0.0421875 0.003125 0.000454199
1 0.647656 0.0015625 0.0328125 0.003125 0.000486215
1 0.252344 0.0015625 0.0390625 0.003125 0.000504878
3 0.452344 0.546094 0.0453125 0.0234375 0.000575467
1 0.608594 0.0015625 0.0328125 0.003125 0.000597201
1 0.685938 0.0015625 0.03125 0.003125 0.000601036
0 0.545313 0.93125 0.0375 0.034375 0.000696855
1 0.3 0.00078125 0.028125 0.0015625 0.000711048
1 0.53125 0.0015625 0.03125 0.003125 0.000762724
1 0.289062 0.0015625 0.0375 0.003125 0.000802938
1 0.452344 0.0015625 0.0296875 0.003125 0.000857536
1 0.635938 0.0015625 0.040625 0.003125 0.000892258
1 0.673437 0.0015625 0.040625 0.003125 0.000943097
0 0.547656 0.974219 0.0328125 0.0265625 0.000953621
1 0.570312 0.0015625 0.03125 0.003125 0.00105006
1 0.59375 0.0015625 0.040625 0.003125 0.00113587
1 0.376563 0.0015625 0.028125 0.003125 0.00114455
1 0.338281 0.00078125 0.0265625 0.0015625 0.00118595
1 0.55625 0.0015625 0.0375 0.003125 0.00122221
0 0.539844 0.907031 0.0359375 0.0265625 0.00148374
1 0.364844 0.0015625 0.0359375 0.003125 0.00149925
1 0.325 0.0015625 0.034375 0.003125 0.00151287
1 0.478906 0.0015625 0.0359375 0.003125 0.00162768
1 0.515625 0.0015625 0.0375 0.003125 0.00171339
1 0.492969 0.0015625 0.0296875 0.003125 0.00174362
1 0.417188 0.0015625 0.028125 0.003125 0.00195396
1 0.404687 0.0015625 0.034375 0.003125 0.00213358
1 0.433594 0.0015625 0.0296875 0.003125 0.00229396
2 0.875781 0.104687 0.0671875 0.096875 0.00264629
1 0.547656 0.976562 0.0328125 0.021875 0.00356086
0 0.535937 0.886719 0.034375 0.0265625 0.00805617
1 0.551562 0.996875 0.03125 0.00625 0.0347925
3 0.458594 0.565625 0.0328125 0.034375 0.0794604
3 0.458594 0.575781 0.0359375 0.0234375 0.403623
0 0.533594 0.872656 0.0328125 0.0234375 0.757721
3 0.448438 0.54375 0.028125 0.0125 0.801582
2 0.459375 0.576563 0.034375 0.021875 0.862044
