2 0.882812 0.621094 0.05625 0.0421875 0.000100102
2 0.877344 0.73125 0.0921875 0.1625 0.000100247
2 0.880469 0.391406 0.0234375 0.0859375 0.000101758
2 0.885156 0.702344 0.0203125 0.0921875 0.000103722
3 0.845312 0.740625 0.015625 0.021875 0.000104183
2 0.895312 0.0789063 0.025 0.0953125 0.000104819
1 0.364844 0.00234375 0.0296875 0.0046875 0.000104965
0 0.553125 0.508594 0.03125 0.0421875 0.000106073
2 0.879687 0.500781 0.01875 0.0765625 0.000109871
3 0.166406 0.969531 0.0265625 0.0609375 0.000110366
3 0.167187 0.975781 0.05625 0.0421875 0.000113366
2 0.891406 0.849219 0.0234375 0.0953125 0.000114009
2 0.882812 0.61875 0.021875 0.084375 0.000114374
3 0.823438 0.0859375 0.01875 0.021875 0.000115253
2 0.878906 0.588281 0.0546875 0.0421875 0.000116347
2 0.890625 0.851562 0.065625 0.046875 0.00011836
1 0.7625 0.00078125 0.025 0.0015625 0.000118723
2 0.879687 0.502344 0.05625 0.0359375 0.000121609
0 0.0625 0.166406 0.09375 0.0921875 0.000121648
0 0.564844 0.936719 0.0328125 0.0515625 0.000122217
3 0.139062 0.150781 0.03125 0.0796875 0.000123259
2 0.8875 0.775781 0.059375 0.0453125 0.000123312
0 0.046875 0.110156 0.040625 0.0953125 0.000125745
3 0.146094 0.25 0.0265625 0.08125 0.000127266
3 0.807031 0.273438 0.0171875 0.01875 0.000130363
3 0.164062 0.124219 0.025 0.0515625 0.000131206
3 0.146875 0.248437 0.05625 0.05625 0.000133059
2 0.8875 0.773438 0.021875 0.090625 0.000133944
3 0.141406 0.149219 0.0578125 0.0546875 0.000140939
3 0.108594 0.15625 0.0296875 0.034375 0.000141742
1 0.2125 0.0015625 0.040625 0.003125 0.000144426
0 0.563281 0.535937 0.0578125 0.09375 0.000151308
2 0.883594 0.914844 0.0734375 0.129688 0.000152262
2 0.840625 0.10625 0.034375 0.0875 0.000152848
3 0.142188 0.21875 0.028125 0.078125 0.000153754
2 0.879687 0.585938 0.021875 0.078125 0.000159394
2 0.0648438 0.941406 0.0734375 0.0421875 0.000175037
2 0.0640625 0.941406 0.03125 0.0953125 0.000175748
3 0.141406 0.279687 0.0203125 0.08125 0.000179401
2 0.883594 0.7375 0.0546875 0.04375 0.000187787
3 0.144531 0.278906 0.0484375 0.0515625 0.000189694
1 0.742188 0.00078125 0.025 0.0015625 0.000189725
2 0.89375 0.921094 0.065625 0.0453125 0.000192108
3 0.144531 0.217187 0.0546875 0.053125 0.000192851
2 0.888281 0.813281 0.0578125 0.0453125 0.000194728
0 0.55625 0.8875 0.04375 0.0375 0.000199849
2 0.884375 0.65625 0.01875 0.075 0.000205519
2 0.885156 0.657812 0.0515625 0.0375 0.000208726
2 0.875781 0.110156 0.114063 0.0890625 0.000212755
1 0.703906 0.00078125 0.0265625 0.0015625 0.000216803
2 0.888281 0.811719 0.0234375 0.0859375 0.000218034
0 0.554688 0.955469 0.0375 0.0359375 0.000222453
2 0.895312 0.917969 0.028125 0.0921875 0.000222472
1 0.242188 0.00078125 0.025 0.0015625 0.000227647
2 0.884375 0.735937 0.021875 0.08125 0.000240544
3 0.0640625 0.165625 0.0875 0.128125 0.000241207
1 0.735156 0.00234375 0.0546875 0.0046875 0.000243761
1 0.278906 0.0015625 0.0515625 0.003125 0.000245809
1 0.35625 0.0015625 0.046875 0.003125 0.000273692
1 0.278906 0.00078125 0.0265625 0.0015625 0.000276471
2 0.0648438 0.251563 0.0296875 0.078125 0.000282567
0 0.55625 0.986719 0.034375 0.0203125 0.000282783
1 0.749219 0.0015625 0.0359375 0.003125 0.000285336
1 0.299219 0.00078125 0.0265625 0.0015625 0.000292002
1 0.653906 0.0015625 0.0546875 0.003125 0.000310562
2 0.0648438 0.251563 0.0640625 0.0375 0.000315214
3 0.557813 0.432031 0.03125 0.0171875 0.000316502
3 0.557031 0.421094 0.0421875 0.0484375 0.000318317
1 0.429688 0.0015625 0.046875 0.003125 0.000337973
2 0.547656 0.426562 0.0296875 0.021875 0.000353003
1 0.580469 0.0015625 0.0546875 0.003125 0.000366211
3 0.138281 0.122656 0.0453125 0.0453125 0.000366271
1 0.260156 0.00078125 0.0234375 0.0015625 0.000374924
1 0.503125 0.0015625 0.05 0.003125 0.000384044
1 0.724219 0.00078125 0.0265625 0.0015625 0.000416237
0 0.553906 0.757031 0.0359375 0.0265625 0.000439145
3 0.864062 0.113281 0.053125 0.114063 0.000443916
3 0.1375 0.123438 0.021875 0.071875 0.000446416
1 0.251563 0.0015625 0.034375 0.003125 0.000458587
3 0.550781 0.440625 0.0296875 0.021875 0.000478904
0 0.55625 0.86875 0.03125 0.025 0.000530095
1 0.685156 0.00078125 0.0265625 0.0015625 0.000533058
1 0.7125 0.0015625 0.0375 0.003125 0.000545633
1 0.286719 0.0015625 0.0359375 0.003125 0.000562385
0 0.0523437 0.161719 0.0421875 0.0953125 0.000609049
1 0.569531 0.0015625 0.0296875 0.003125 0.000668562
1 0.31875 0.00078125 0.025 0.0015625 0.000720129
1 0.609375 0.00078125 0.028125 0.0015625 0.000825271
1 0.671094 0.0015625 0.0359375 0.003125 0.000867774
1 0.339063 0.00078125 0.025 0.0015625 0.000877419
1 0.416406 0.0015625 0.0265625 0.003125 0.000894762
1 0.645312 0.00078125 0.028125 0.0015625 0.000914999
0 0.558594 0.767187 0.0328125 0.028125 0.00101901
1 0.557813 0.992969 0.028125 0.0140625 0.00105794
1 0.491406 0.00078125 0.0265625 0.0015625 0.00109586
1 0.453125 0.00078125 0.028125 0.0015625 0.00113163
1 0.328125 0.0015625 0.034375 0.003125 0.00121682
1 0.375781 0.00078125 0.0265625 0.0015625 0.00121988
1 0.633594 0.0015625 0.0359375 0.003125 0.00123242
1 0.555469 0.0015625 0.0359375 0.003125 0.00130728
3 0.838281 0.0875 0.0171875 0.025 0.00132253
1 0.596094 0.0015625 0.0359375 0.003125 0.00134355
1 0.53125 0.00078125 0.028125 0.0015625 0.00138511
1 0.478125 0.0015625 0.034375 0.003125 0.00161836
1 0.402344 0.0015625 0.0328125 0.003125 0.00164597
1 0.517969 0.00078125 0.0359375 0.0015625 0.00170599
1 0.364844 0.0015625 0.0328125 0.003125 0.00172838
1 0.440625 0.0015625 0.034375 0.003125 0.00179998
0 0.554688 0.828125 0.034375 0.040625 0.00340942
0 0.554688 0.847656 0.034375 0.0296875 0.00408222
0 0.553906 0.8125 0.0296875 0.040625 0.0044228
2 0.877344 0.103125 0.0515625 0.0875 0.00608495
1 0.557031 0.996875 0.0296875 0.00625 0.0373502
3 0.55 0.467187 0.03125 0.025 0.457808
3 0.55 0.432031 0.028125 0.0109375 0.766761
0 0.554688 0.774219 0.03125 0.0234375 0.7725
2 0.55 0.467187 0.03125 0.025 0.867106
