1 0.713281 0.003125 0.0359375 0.00625 0.00010069
1 0.182812 0.0015625 0.028125 0.003125 0.000101711
2 0.0640625 0.214844 0.06875 0.0421875 0.000104111
3 0.844531 0.142188 0.0390625 0.08125 0.00010492
2 0.8875 0.814844 0.025 0.0953125 0.000105147
3 0.754687 0.996094 0.025 0.0078125 0.00010788
0 0.0484375 0.103906 0.06875 0.0546875 0.000108022
3 0.164062 0.971094 0.028125 0.0578125 0.000109695
3 0.108594 0.153906 0.0296875 0.0359375 0.000109751
3 0.745313 0.996094 0.025 0.0078125 0.000110182
2 0.882031 0.585938 0.0234375 0.0875 0.000112799
3 0.873438 0.117969 0.040625 0.0890625 0.00011361
2 0.886719 0.775 0.0234375 0.09375 0.000114784
3 0.0671875 0.167969 0.1 0.145313 0.000115591
0 0.571875 0.947656 0.034375 0.0515625 0.000116169
2 0.886719 0.777344 0.0671875 0.0453125 0.000116295
0 0.789844 0.417188 0.0859375 0.075 0.000116304
3 0.161719 0.99375 0.0234375 0.0125 0.000117316
3 0.124219 0.0898438 0.0609375 0.0421875 0.00011788
3 0.166406 0.977344 0.0609375 0.0421875 0.00012047
0 0.984375 0.0242187 0.021875 0.0484375 0.000121276
2 0.0625 0.286719 0.0625 0.0390625 0.000126014
0 0.046875 0.0828125 0.04375 0.09375 0.000128597
3 0.146094 0.246094 0.0546875 0.0546875 0.000130535
3 0.141406 0.222656 0.0296875 0.0828125 0.00013252
2 0.0625 0.285156 0.028125 0.0828125 0.000133213
2 0.889844 0.85 0.0234375 0.09375 0.000134114
2 0.871094 0.589063 0.0921875 0.1625 0.000136427
1 0.785937 0.00234375 0.046875 0.0046875 0.000137983
0 0.790625 0.419531 0.05 0.120312 0.000144233
3 0.14375 0.221094 0.05625 0.0578125 0.000144986
1 0.723437 0.0046875 0.08125 0.009375 0.000148158
2 0.888281 0.851562 0.0671875 0.04375 0.000150542
2 0.878125 0.867969 0.090625 0.157813 0.000161674
2 0.059375 0.319531 0.028125 0.0703125 0.000172016
3 0.138281 0.152344 0.0296875 0.0796875 0.000175952
3 0.139062 0.150781 0.053125 0.0578125 0.000178665
2 0.0601562 0.321094 0.0578125 0.0328125 0.000182788
3 0.14375 0.277344 0.021875 0.0796875 0.000187301
3 0.136719 0.120312 0.0484375 0.046875 0.000191529
3 0.853125 0.460156 0.015625 0.0203125 0.000197439
1 0.279687 0.003125 0.0625 0.00625 0.000200254
3 0.124219 0.0898438 0.0328125 0.0703125 0.00020503
3 0.146094 0.276563 0.0515625 0.05 0.000208702
2 0.065625 0.941406 0.071875 0.0453125 0.000215017
1 0.213281 0.0015625 0.0421875 0.003125 0.000221365
3 0.852344 0.460938 0.0390625 0.034375 0.000222035
3 0.853125 0.460938 0.015625 0.0625 0.000227341
2 0.065625 0.940625 0.03125 0.096875 0.000233548
2 0.8875 0.657812 0.021875 0.084375 0.000235662
3 0.1375 0.121875 0.025 0.075 0.000239865
2 0.8875 0.660156 0.059375 0.0390625 0.000252351
1 0.65 0.00390625 0.071875 0.0078125 0.000258662
1 0.725 0.0015625 0.034375 0.003125 0.000265281
0 0.563281 0.971094 0.0390625 0.0328125 0.000275489
1 0.354688 0.00234375 0.05625 0.0046875 0.000298925
1 0.242188 0.00078125 0.028125 0.0015625 0.000310704
1 0.574219 0.003125 0.0640625 0.00625 0.000404598
1 0.745313 0.0015625 0.034375 0.003125 0.000419198
1 0.424219 0.00234375 0.0546875 0.0046875 0.000424797
1 0.5 0.00234375 0.059375 0.0046875 0.000442201
1 0.763281 0.0015625 0.0328125 0.003125 0.000448429
2 0.0648438 0.249219 0.0296875 0.0734375 0.000467685
0 0.0546875 0.167187 0.065625 0.05625 0.000481914
1 0.299219 0.00078125 0.0296875 0.0015625 0.000489279
2 0.0648438 0.25 0.0609375 0.0375 0.00051307
1 0.6875 0.0015625 0.034375 0.003125 0.000531779
1 0.704687 0.0015625 0.034375 0.003125 0.000554822
1 0.2625 0.00078125 0.028125 0.0015625 0.000579919
1 0.280469 0.00078125 0.0296875 0.0015625 0.00059059
1 0.648438 0.0015625 0.034375 0.003125 0.000631846
0 0.561719 0.988281 0.0359375 0.0234375 0.000664805
0 0.0539063 0.167187 0.0421875 0.096875 0.000695938
1 0.607813 0.0015625 0.034375 0.003125 0.000700924
1 0.253125 0.0015625 0.0375 0.003125 0.000727027
1 0.571094 0.0015625 0.0328125 0.003125 0.000730006
1 0.532031 0.0015625 0.0328125 0.003125 0.00086494
1 0.634375 0.0015625 0.040625 0.003125 0.000921969
1 0.673437 0.0015625 0.040625 0.003125 0.000923739
1 0.2875 0.0015625 0.0375 0.003125 0.00095055
1 0.49375 0.0015625 0.03125 0.003125 0.00111041
1 0.594531 0.0015625 0.0390625 0.003125 0.00117517
1 0.453125 0.0015625 0.03125 0.003125 0.00120274
1 0.557031 0.0015625 0.0390625 0.003125 0.00138163
3 0.575 0.783594 0.034375 0.0140625 0.00138852
1 0.378125 0.0015625 0.03125 0.003125 0.00144549
1 0.327344 0.0015625 0.0359375 0.003125 0.00157028
1 0.478906 0.0015625 0.0390625 0.003125 0.00168785
1 0.517187 0.0015625 0.0375 0.003125 0.00172938
1 0.338281 0.0015625 0.0296875 0.003125 0.0017307
1 0.415625 0.0015625 0.03125 0.003125 0.0019442
1 0.4375 0.0015625 0.0375 0.003125 0.0019664
1 0.365625 0.0015625 0.0375 0.003125 0.00218179
1 0.402344 0.0015625 0.0359375 0.003125 0.00234154
3 0.575781 0.826563 0.0296875 0.025 0.011472
0 0.5625 0.995313 0.03125 0.009375 0.0309651
3 0.577344 0.814844 0.0359375 0.0296875 0.0948627
2 0.578125 0.815625 0.034375 0.03125 0.122195
3 0.58125 0.792188 0.028125 0.0125 0.710242
2 0.576563 0.825781 0.03125 0.0234375 0.849969
