2 0.891406 0.814062 0.0765625 0.046875 0.000100257
2 0.891406 0.85 0.0265625 0.1 0.000101808
2 0.110937 0.205469 0.028125 0.0328125 0.000102104
2 0.891406 0.735937 0.0265625 0.1 0.000102307
0 0.628906 0.529688 0.0703125 0.071875 0.000104108
2 0.890625 0.509375 0.071875 0.04375 0.00010414
0 0.0484375 0.107813 0.065625 0.05625 0.000108183
3 0.782812 0.198437 0.015625 0.028125 0.000110166
3 0.795313 0.190625 0.046875 0.11875 0.00011084
3 0.145313 0.175 0.059375 0.05625 0.000111207
0 0.785156 0.33125 0.0640625 0.13125 0.000112391
0 0.560938 0.910937 0.034375 0.028125 0.000113207
2 0.890625 0.888281 0.028125 0.0984375 0.000113465
2 0.155469 0.942969 0.0328125 0.0921875 0.00011696
2 0.873438 0.924219 0.11875 0.0796875 0.000117013
3 0.164062 0.122656 0.028125 0.0703125 0.000118457
0 0.984375 0.0289063 0.025 0.0578125 0.000119539
3 0.782812 0.141406 0.025 0.0265625 0.000121406
3 0.775781 0.136719 0.0515625 0.0359375 0.000121552
2 0.891406 0.584375 0.0703125 0.046875 0.000122963
0 0.0476562 0.107031 0.0390625 0.0984375 0.000123343
2 0.892187 0.507031 0.025 0.0953125 0.000123971
2 0.846875 0.2 0.096875 0.1625 0.000124726
3 0.816406 0.271094 0.0140625 0.0234375 0.000126123
2 0.79375 0.252344 0.05 0.120312 0.000126923
2 0.891406 0.924219 0.0703125 0.0453125 0.000127122
2 0.04375 0.319531 0.04375 0.0859375 0.000127266
2 0.889844 0.851562 0.0765625 0.046875 0.000130853
2 0.892969 0.58125 0.0234375 0.1 0.000131788
2 0.0671875 0.214844 0.03125 0.0859375 0.000133637
3 0.875781 0.117969 0.0859375 0.151562 0.000135612
3 0.775 0.138281 0.03125 0.0578125 0.000136606
3 0.150781 0.314063 0.0609375 0.059375 0.000137686
2 0.889063 0.890625 0.075 0.046875 0.000137845
2 0.157031 0.942187 0.0703125 0.0625 0.000139327
3 0.140625 0.215625 0.028125 0.08125 0.000142861
1 0.401563 0.00234375 0.03125 0.0046875 0.000142876
1 0.2125 0.0015625 0.04375 0.003125 0.000145824
1 0.729688 0.00390625 0.071875 0.0078125 0.000148
2 0.892969 0.922656 0.0296875 0.0953125 0.000149251
3 0.148438 0.315625 0.028125 0.0875 0.000150603
0 0.550781 0.867969 0.0453125 0.0359375 0.00015444
2 0.0679687 0.214062 0.0703125 0.04375 0.000156468
0 0.86875 0.648438 0.071875 0.13125 0.000163038
0 0.86875 0.497656 0.0625 0.120312 0.000165439
0 0.596875 0.625781 0.05625 0.0578125 0.000171795
3 0.769531 0.136719 0.0265625 0.0203125 0.000174726
2 0.0648438 0.940625 0.0703125 0.04375 0.000178496
3 0.142969 0.214062 0.0546875 0.05625 0.000180612
2 0.0640625 0.2875 0.0625 0.0375 0.000185484
3 0.128125 0.090625 0.05625 0.05 0.00018794
2 0.0632813 0.286719 0.0265625 0.0828125 0.000190653
2 0.0640625 0.939062 0.03125 0.096875 0.000195619
2 0.875 0.88125 0.0875 0.153125 0.000198075
0 0.557813 0.957031 0.034375 0.0328125 0.000199967
1 0.241406 0.00078125 0.0265625 0.0015625 0.000212084
3 0.769531 0.196875 0.0171875 0.01875 0.000224919
2 0.0609375 0.320312 0.028125 0.075 0.000225184
0 0.559375 0.988281 0.034375 0.0203125 0.000226979
2 0.630469 0.589844 0.0609375 0.0828125 0.000227111
2 0.0609375 0.321875 0.059375 0.034375 0.000232128
0 0.0539063 0.164844 0.0703125 0.0578125 0.000238568
3 0.798437 0.122656 0.03125 0.0671875 0.000238876
1 0.261719 0.00078125 0.0265625 0.0015625 0.000241455
3 0.622656 0.591406 0.0390625 0.0546875 0.000244366
3 0.138281 0.115625 0.0265625 0.075 0.000245717
3 0.139062 0.114063 0.05 0.053125 0.000258854
1 0.724219 0.0015625 0.0328125 0.003125 0.000266563
1 0.282813 0.00234375 0.05625 0.0046875 0.000289484
0 0.6125 0.64375 0.059375 0.034375 0.000291023
0 0.561719 0.885938 0.0328125 0.028125 0.000303534
1 0.353906 0.0015625 0.0515625 0.003125 0.000304073
0 0.0539063 0.164844 0.0421875 0.101562 0.000310004
2 0.06875 0.250781 0.028125 0.0828125 0.000311612
1 0.750781 0.0015625 0.0421875 0.003125 0.000317553
1 0.763281 0.00078125 0.0296875 0.0015625 0.000330184
3 0.128125 0.0914062 0.03125 0.0765625 0.000362887
2 0.06875 0.251563 0.065625 0.040625 0.000374473
1 0.426562 0.0015625 0.053125 0.003125 0.000375545
1 0.652344 0.003125 0.0640625 0.00625 0.000385458
0 0.564844 0.935938 0.0359375 0.034375 0.000414632
0 0.567187 0.892969 0.03125 0.0484375 0.000420705
1 0.252344 0.0015625 0.0359375 0.003125 0.000449234
1 0.502344 0.0015625 0.0546875 0.003125 0.000463491
3 0.142969 0.279687 0.0203125 0.075 0.00046935
1 0.298438 0.00078125 0.028125 0.0015625 0.000474762
1 0.577344 0.00234375 0.0609375 0.0046875 0.000483313
3 0.7875 0.139844 0.046875 0.0921875 0.000483532
1 0.711719 0.0015625 0.0421875 0.003125 0.000517274
3 0.145313 0.278906 0.046875 0.0484375 0.000546672
1 0.646875 0.0015625 0.03125 0.003125 0.000569468
1 0.288281 0.0015625 0.0390625 0.003125 0.000680901
1 0.685938 0.0015625 0.03125 0.003125 0.000686987
0 0.561719 0.871094 0.0328125 0.0265625 0.000718322
1 0.571875 0.0015625 0.03125 0.003125 0.000743495
1 0.35625 0.00078125 0.028125 0.0015625 0.000790728
1 0.607813 0.0015625 0.03125 0.003125 0.000902638
1 0.672656 0.0015625 0.0390625 0.003125 0.000930427
1 0.491406 0.0015625 0.0296875 0.003125 0.000947573
2 0.875781 0.10625 0.0703125 0.10625 0.00100235
1 0.378125 0.0015625 0.028125 0.003125 0.00105132
1 0.633594 0.0015625 0.0390625 0.003125 0.0010549
1 0.455469 0.0015625 0.0296875 0.003125 0.00108034
0 0.564062 0.860937 0.03125 0.03125 0.00109641
1 0.530469 0.0015625 0.0296875 0.003125 0.00118923
0 0.561719 0.840625 0.0328125 0.028125 0.00124192
1 0.596094 0.0015625 0.0390625 0.003125 0.00127361
1 0.414062 0.00078125 0.028125 0.0015625 0.00128531
1 0.557031 0.0015625 0.0390625 0.003125 0.0013718
1 0.338281 0.00078125 0.0265625 0.0015625 0.00144976
1 0.555469 0.99375 0.0296875 0.0125 0.00148963
1 0.326562 0.0015625 0.034375 0.003125 0.00151033
1 0.478906 0.0015625 0.0359375 0.003125 0.00160885
1 0.517187 0.0015625 0.0375 0.003125 0.00171285
1 0.441406 0.0015625 0.0359375 0.003125 0.00172061
1 0.364844 0.0015625 0.0359375 0.003125 0.00174648
1 0.396094 0.00078125 0.0296875 0.0015625 0.00186488
3 0.65625 0.546875 0.028125 0.0375 0.00223584
0 0.564062 0.80625 0.03125 0.025 0.00393382
3 0.647656 0.560938 0.0328125 0.03125 0.0109617
0 0.563281 0.828125 0.0296875 0.021875 0.0135195
1 0.559375 0.996875 0.028125 0.00625 0.08356
3 0.642969 0.570312 0.0328125 0.034375 0.438607
0 0.563281 0.819531 0.0296875 0.0234375 0.76904
3 0.660937 0.547656 0.025 0.0234375 0.836226
2 0.642187 0.570312 0.034375 0.034375 0.876814
