2 0.888281 0.739062 0.0671875 0.04375 0.000101694
3 0.775 0.408594 0.025 0.0703125 0.000103787
3 0.138281 0.149219 0.0578125 0.0578125 0.000103817
1 0.785937 0.00234375 0.046875 0.0046875 0.000104071
3 0.792969 0.417969 0.0796875 0.0734375 0.000104816
3 0.1375 0.115625 0.053125 0.059375 0.000105397
3 0.105469 0.135156 0.0296875 0.0359375 0.000106268
2 0.89375 0.921875 0.03125 0.096875 0.000106796
2 0.889063 0.274219 0.071875 0.0453125 0.000107442
2 0.0632813 0.178125 0.0390625 0.075 0.000107737
2 0.885938 0.701563 0.06875 0.04375 0.000110486
2 0.0617188 0.285156 0.0609375 0.0359375 0.00011127
2 0.0617188 0.284375 0.0265625 0.078125 0.000112278
3 0.783594 0.334375 0.0203125 0.021875 0.000112434
1 0.721875 0.00546875 0.084375 0.0109375 0.00011313
2 0.8875 0.816406 0.06875 0.0453125 0.000114593
2 0.884375 0.665625 0.065625 0.04375 0.000115681
3 0.838281 0.191406 0.0390625 0.0890625 0.000117058
2 0.886719 0.7 0.0234375 0.09375 0.000117862
0 0.789844 0.4875 0.0515625 0.125 0.000119362
3 0.135937 0.117969 0.028125 0.0828125 0.00012021
2 0.889844 0.886719 0.0296875 0.0984375 0.000120881
2 0.890625 0.271875 0.025 0.09375 0.000120927
2 0.0625 0.177344 0.06875 0.0421875 0.000121641
2 0.888281 0.814062 0.0265625 0.09375 0.000121667
3 0.108594 0.153125 0.0296875 0.034375 0.000122447
2 0.888281 0.889063 0.0765625 0.046875 0.000123601
2 0.876562 0.729688 0.096875 0.1625 0.000124065
3 0.851562 0.83125 0.025 0.078125 0.000130209
2 0.883594 0.664062 0.0234375 0.0875 0.000131266
2 0.586719 0.840625 0.0328125 0.021875 0.000132306
0 0.576563 0.955469 0.03125 0.0453125 0.000133938
0 0.571875 0.982031 0.034375 0.0234375 0.000134249
3 0.14375 0.250781 0.025 0.0796875 0.000145873
3 0.79375 0.420312 0.046875 0.115625 0.00014777
2 0.888281 0.778906 0.0234375 0.0921875 0.000150711
2 0.8875 0.780469 0.065625 0.0453125 0.000154874
3 0.125781 0.0867188 0.0359375 0.0734375 0.000158227
3 0.146094 0.248437 0.0515625 0.053125 0.000160893
3 0.180469 0.810156 0.0171875 0.0234375 0.000162952
2 0.885156 0.622656 0.0609375 0.0390625 0.000163953
2 0.885156 0.621094 0.0203125 0.0859375 0.000165141
0 0.0492188 0.108594 0.0671875 0.0546875 0.000165897
0 0.0492188 0.108594 0.0421875 0.0953125 0.000179103
2 0.0648438 0.940625 0.0703125 0.04375 0.000190681
2 0.059375 0.320312 0.028125 0.065625 0.000199975
2 0.0640625 0.939844 0.03125 0.0953125 0.000205174
3 0.173438 0.978906 0.053125 0.0421875 0.000205226
3 0.172656 0.971875 0.0234375 0.05625 0.000213361
2 0.059375 0.321094 0.05625 0.0296875 0.000244501
1 0.28125 0.00234375 0.059375 0.0046875 0.000250101
1 0.725 0.0015625 0.034375 0.003125 0.0002529
1 0.213281 0.0015625 0.0421875 0.003125 0.000254943
0 0.570312 0.971094 0.040625 0.0328125 0.000258253
1 0.649219 0.00390625 0.0703125 0.0078125 0.000260349
0 0.0523437 0.163281 0.0703125 0.0578125 0.000265343
1 0.353906 0.00234375 0.0546875 0.0046875 0.000286631
2 0.894531 0.150781 0.0234375 0.0921875 0.000335984
1 0.750781 0.0015625 0.0421875 0.003125 0.000337645
1 0.763281 0.0015625 0.0328125 0.003125 0.000349995
2 0.89375 0.152344 0.059375 0.0453125 0.000353933
0 0.0523437 0.163281 0.0421875 0.101562 0.000358116
1 0.260938 0.00078125 0.028125 0.0015625 0.000372731
2 0.0625 0.248437 0.028125 0.071875 0.000424001
1 0.428906 0.00234375 0.0546875 0.0046875 0.00043422
1 0.240625 0.00078125 0.028125 0.0015625 0.000439473
2 0.0625 0.249219 0.059375 0.0390625 0.000445912
1 0.574219 0.003125 0.0640625 0.00625 0.000446164
1 0.499219 0.00234375 0.0578125 0.0046875 0.000446476
1 0.711719 0.0015625 0.0421875 0.003125 0.000477412
2 0.572656 0.860156 0.0515625 0.0515625 0.000486887
1 0.648438 0.0015625 0.034375 0.003125 0.000569717
1 0.685938 0.0015625 0.034375 0.003125 0.000606114
1 0.300781 0.00078125 0.0296875 0.0015625 0.000609355
1 0.251563 0.0015625 0.0375 0.003125 0.000612545
1 0.53125 0.0015625 0.03125 0.003125 0.000617609
1 0.609375 0.0015625 0.034375 0.003125 0.000666174
1 0.289062 0.0015625 0.0375 0.003125 0.000805466
1 0.671875 0.0015625 0.040625 0.003125 0.00082955
1 0.635156 0.0015625 0.0421875 0.003125 0.000852754
1 0.416406 0.0015625 0.0296875 0.003125 0.00103494
1 0.49375 0.0015625 0.03125 0.003125 0.00132457
1 0.338281 0.00078125 0.0296875 0.0015625 0.00136127
1 0.592969 0.0015625 0.0390625 0.003125 0.00137604
1 0.516406 0.0015625 0.0390625 0.003125 0.0014518
1 0.569531 0.0015625 0.0328125 0.003125 0.00145395
1 0.557031 0.0015625 0.0390625 0.003125 0.00151717
1 0.377344 0.0015625 0.0296875 0.003125 0.00161738
1 0.326562 0.0015625 0.034375 0.003125 0.0017414
1 0.402344 0.0015625 0.0359375 0.003125 0.00189398
1 0.453906 0.00078125 0.0296875 0.0015625 0.00192256
1 0.364062 0.0015625 0.0375 0.003125 0.00193085
1 0.478125 0.0015625 0.0375 0.003125 0.00201364
1 0.441406 0.0015625 0.0359375 0.003125 0.00212435
0 0.567969 0.991406 0.0328125 0.0171875 0.00303172
0 0.571094 0.994531 0.0296875 0.0109375 0.0249869
1 0.571875 0.995313 0.03125 0.009375 0.0258314
3 0.582812 0.816406 0.03125 0.0234375 0.224325
3 0.58125 0.846875 0.03125 0.025 0.390581
3 0.585156 0.810938 0.0296875 0.0125 0.759848
2 0.580469 0.846094 0.0296875 0.0234375 0.862774
