1 0.719531 0.00546875 0.0859375 0.0109375 0.000101112
2 0.157031 0.942969 0.0703125 0.0640625 0.000101915
3 0.173438 0.974219 0.065625 0.0515625 0.000102987
2 0.851562 0.383594 0.01875 0.0765625 0.000103742
3 0.171094 0.965625 0.0296875 0.06875 0.00010414
3 0.841406 0.182031 0.0640625 0.0515625 0.000108623
3 0.507031 0.995313 0.0296875 0.009375 0.000108702
1 0.0820312 0.00390625 0.0421875 0.0078125 0.000109691
3 0.764844 0.339844 0.0296875 0.0203125 0.000109794
3 0.164062 0.158594 0.03125 0.0703125 0.000112003
2 0.059375 0.357812 0.053125 0.025 0.000120044
3 0.839844 0.145313 0.0390625 0.08125 0.000120283
3 0.140625 0.150781 0.059375 0.0578125 0.000121982
0 0.0476562 0.1125 0.0421875 0.096875 0.000122399
3 0.146094 0.25 0.0265625 0.08125 0.000124179
3 0.146875 0.248437 0.053125 0.05625 0.000126947
3 0.139062 0.152344 0.03125 0.0828125 0.000129003
2 0.891406 0.234375 0.0734375 0.04375 0.000131554
3 0.798437 0.18125 0.040625 0.021875 0.00013533
1 0.175781 0.0015625 0.0421875 0.003125 0.000136073
2 0.0601562 0.317969 0.0296875 0.0671875 0.00013647
2 0.892187 0.232812 0.025 0.09375 0.00013963
3 0.784375 0.179688 0.040625 0.021875 0.000156201
0 0.541406 0.991406 0.0640625 0.0171875 0.000164462
2 0.0601562 0.319531 0.0578125 0.0328125 0.000171504
3 0.136719 0.120312 0.0578125 0.046875 0.00017258
0 0.585938 0.988281 0.0375 0.0203125 0.000201867
1 0.278125 0.003125 0.0625 0.00625 0.000203332
2 0.0664062 0.941406 0.0734375 0.0453125 0.000207087
2 0.0664062 0.941406 0.0328125 0.0984375 0.000209106
3 0.692187 0.855469 0.028125 0.0203125 0.00021625
1 0.763281 0.0015625 0.0328125 0.003125 0.000216358
3 0.840625 0.183594 0.034375 0.0828125 0.000220873
1 0.214844 0.0015625 0.0421875 0.003125 0.00023263
1 0.725 0.0015625 0.034375 0.003125 0.00024217
1 0.646094 0.00390625 0.0734375 0.0078125 0.000249675
3 0.136719 0.122656 0.0296875 0.0734375 0.000256353
1 0.750781 0.0015625 0.0421875 0.003125 0.000297296
1 0.355469 0.00234375 0.0578125 0.0046875 0.000298277
0 0.0640625 0.166406 0.090625 0.126563 0.000362565
2 0.0625 0.250781 0.03125 0.0703125 0.00037595
2 0.0625 0.250781 0.059375 0.0359375 0.00040119
1 0.574219 0.003125 0.0671875 0.00625 0.000402834
1 0.710938 0.0015625 0.04375 0.003125 0.000429721
1 0.499219 0.00234375 0.0609375 0.0046875 0.000437691
1 0.425 0.00234375 0.05625 0.0046875 0.000441092
1 0.242188 0.00078125 0.028125 0.0015625 0.000477164
1 0.6875 0.0015625 0.034375 0.003125 0.000517632
1 0.260938 0.00078125 0.028125 0.0015625 0.00059501
1 0.300781 0.00078125 0.0296875 0.0015625 0.000625191
1 0.610156 0.0015625 0.0328125 0.003125 0.000625456
1 0.250781 0.0015625 0.0359375 0.003125 0.000660222
1 0.569531 0.0015625 0.0328125 0.003125 0.000720832
1 0.671875 0.0015625 0.040625 0.003125 0.000755375
1 0.532031 0.0015625 0.0328125 0.003125 0.00083759
1 0.288281 0.0015625 0.0390625 0.003125 0.000889283
1 0.635156 0.0015625 0.0421875 0.003125 0.00096572
1 0.49375 0.0015625 0.03125 0.003125 0.00103222
0 0.583594 0.994531 0.0359375 0.0109375 0.00106185
1 0.339844 0.0015625 0.0296875 0.003125 0.00113597
1 0.555469 0.0015625 0.0390625 0.003125 0.00116222
1 0.595312 0.0015625 0.040625 0.003125 0.00120996
0 0.0507812 0.1625 0.0421875 0.090625 0.00122939
1 0.317969 0.00078125 0.0296875 0.0015625 0.00125689
1 0.454688 0.0015625 0.03125 0.003125 0.00142927
1 0.517187 0.0015625 0.040625 0.003125 0.00151783
1 0.376563 0.0015625 0.03125 0.003125 0.00154451
1 0.327344 0.0015625 0.0359375 0.003125 0.00158272
1 0.415625 0.0015625 0.03125 0.003125 0.00160154
1 0.478125 0.0015625 0.0375 0.003125 0.00170217
1 0.364844 0.0015625 0.0359375 0.003125 0.00194586
1 0.440625 0.0015625 0.0375 0.003125 0.00207403
1 0.401563 0.0015625 0.0375 0.003125 0.00214074
1 0.585938 0.995313 0.03125 0.009375 0.00459362
2 0.686719 0.86875 0.0265625 0.028125 0.0104726
3 0.682031 0.869531 0.0296875 0.0328125 0.179237
3 0.670313 0.884375 0.034375 0.034375 0.392953
3 0.692969 0.8625 0.0234375 0.025 0.843323
2 0.667969 0.884375 0.0328125 0.034375 0.887236
