3 0.158594 0.3125 0.0328125 0.08125 0.000101112
3 0.792188 0.283594 0.053125 0.117188 0.000101565
2 0.861719 0.825781 0.0953125 0.164062 0.000102099
0 0.0476562 0.107813 0.0421875 0.09375 0.000102371
3 0.150781 0.250781 0.0546875 0.0578125 0.000102601
0 0.0585938 0.633594 0.0296875 0.0671875 0.000103346
0 0.792188 0.811719 0.059375 0.123438 0.000103707
0 0.79375 0.879687 0.059375 0.125 0.00010442
3 0.738281 0.296875 0.0265625 0.059375 0.000104928
2 0.317969 0.716406 0.0421875 0.0515625 0.000105289
2 0.889844 0.890625 0.0265625 0.09375 0.000105291
3 0.7375 0.296094 0.046875 0.0359375 0.000105667
2 0.065625 0.219531 0.034375 0.0890625 0.000106819
2 0.889063 0.892187 0.075 0.040625 0.000107479
1 0.08125 0.0046875 0.04375 0.009375 0.000107655
2 0.885156 0.819531 0.0671875 0.0421875 0.000110167
2 0.846094 0.383594 0.0203125 0.0734375 0.000112696
1 0.202344 0.00078125 0.0296875 0.0015625 0.000113795
0 0.0585938 0.673437 0.0296875 0.065625 0.000113998
0 0.0585938 0.711719 0.0296875 0.0671875 0.000114291
3 0.1625 0.126563 0.028125 0.05 0.000116005
3 0.160156 0.3125 0.0703125 0.05 0.000117296
3 0.182031 0.985937 0.0171875 0.015625 0.00011834
2 0.0421875 0.357031 0.084375 0.0484375 0.000119999
3 0.0671875 0.560156 0.071875 0.142188 0.000120674
0 0.261719 0.83125 0.0265625 0.065625 0.000121139
3 0.8375 0.114844 0.0375 0.0734375 0.00012223
2 0.110937 0.205469 0.03125 0.0328125 0.000123136
3 0.783594 0.526563 0.0140625 0.021875 0.00012435
3 0.814062 0.470313 0.01875 0.08125 0.000126404
1 0.7875 0.0015625 0.046875 0.003125 0.000127391
3 0.182031 0.992969 0.0171875 0.0140625 0.00012831
3 0.142188 0.929688 0.021875 0.065625 0.000128883
2 0.0601562 0.439063 0.0609375 0.034375 0.00013572
3 0.769531 0.526563 0.0171875 0.015625 0.000135784
2 0.0609375 0.363281 0.065625 0.0359375 0.000136067
3 0.165625 0.994531 0.01875 0.0109375 0.000136617
1 0.178125 0.0015625 0.04375 0.003125 0.000138607
2 0.885156 0.817969 0.0234375 0.0890625 0.000139055
1 0.326562 0.00234375 0.03125 0.0046875 0.000139826
3 0.322656 0.697656 0.0296875 0.0296875 0.000139828
3 0.142969 0.928906 0.0421875 0.0453125 0.000140549
3 0.108594 0.15625 0.0296875 0.034375 0.000141343
2 0.065625 0.945312 0.0375 0.0875 0.000142382
0 0.984375 0.0242187 0.025 0.0484375 0.000143043
2 0.896875 0.1125 0.03125 0.1 0.000143751
3 0.14375 0.214844 0.028125 0.0765625 0.000144102
2 0.06875 0.253125 0.03125 0.096875 0.000144724
3 0.139844 0.150781 0.0296875 0.0765625 0.000145083
3 0.194531 0.991406 0.0359375 0.0140625 0.000145483
1 0.720312 0.0046875 0.08125 0.009375 0.000145497
2 0.065625 0.944531 0.078125 0.0390625 0.000146066
2 0.06875 0.253906 0.071875 0.0484375 0.000149978
2 0.890625 0.928906 0.075 0.0421875 0.000150236
2 0.0476562 0.244531 0.0890625 0.0671875 0.000153179
2 0.0609375 0.361719 0.03125 0.0828125 0.00015631
2 0.0382813 0.357031 0.0484375 0.0953125 0.000159583
2 0.110937 0.225 0.03125 0.034375 0.000163173
2 0.891406 0.927344 0.0296875 0.0921875 0.000167058
3 0.141406 0.149219 0.0546875 0.0546875 0.000167661
2 0.0601562 0.436719 0.0296875 0.0796875 0.000168343
0 0.328125 0.814844 0.059375 0.0546875 0.00016923
0 0.510156 0.678906 0.0546875 0.101562 0.000185607
0 0.549219 0.907031 0.0359375 0.0265625 0.000186707
3 0.145313 0.214062 0.053125 0.053125 0.000200156
3 0.0585938 0.658594 0.0578125 0.123438 0.000200559
2 0.0648438 0.2875 0.0640625 0.04375 0.000204078
2 0.0601562 0.400781 0.0609375 0.0328125 0.000205892
3 0.0671875 0.833594 0.059375 0.123438 0.000208139
2 0.046875 0.242188 0.05 0.1 0.000213546
2 0.0640625 0.286719 0.028125 0.0890625 0.000213557
1 0.28125 0.00234375 0.059375 0.0046875 0.000214165
2 0.0953125 0.929688 0.071875 0.1375 0.000217028
2 0.848437 0.282031 0.090625 0.160938 0.000217318
2 0.0632813 0.324219 0.0671875 0.0390625 0.00022034
3 0.065625 0.170312 0.090625 0.13125 0.000220854
1 0.213281 0.0015625 0.0421875 0.003125 0.000232016
2 0.0601562 0.399219 0.0296875 0.0765625 0.000243872
0 0.555469 0.948438 0.0359375 0.0375 0.000247285
1 0.763281 0.0015625 0.0328125 0.003125 0.000269398
2 0.0632813 0.322656 0.0296875 0.0859375 0.000271661
3 0.059375 0.739062 0.05625 0.11875 0.000272889
1 0.646875 0.00390625 0.071875 0.0078125 0.000278555
0 0.486719 0.807031 0.0671875 0.0953125 0.000282301
3 0.135156 0.124219 0.0484375 0.0484375 0.000283561
1 0.353906 0.00234375 0.0578125 0.0046875 0.000291231
3 0.139844 0.894531 0.0234375 0.0546875 0.000295164
3 0.139844 0.89375 0.0421875 0.0375 0.000326103
3 0.152344 0.280469 0.0234375 0.0765625 0.000328495
3 0.153906 0.279687 0.0484375 0.05 0.00036012
1 0.749219 0.0015625 0.0421875 0.003125 0.00036944
3 0.135156 0.125781 0.0265625 0.0734375 0.000376532
1 0.428125 0.00234375 0.053125 0.0046875 0.000410858
1 0.571875 0.003125 0.065625 0.00625 0.00043443
1 0.242188 0.00078125 0.028125 0.0015625 0.000449363
1 0.725 0.0015625 0.034375 0.003125 0.000480198
1 0.5 0.00234375 0.05625 0.0046875 0.000492873
0 0.558594 0.988281 0.0359375 0.0234375 0.000506753
1 0.260156 0.00078125 0.0265625 0.0015625 0.000548251
1 0.49375 0.0015625 0.03125 0.003125 0.000560676
0 0.535937 0.828906 0.0375 0.0484375 0.000561172
0 0.519531 0.747656 0.0390625 0.0296875 0.000562238
0 0.55 0.890625 0.040625 0.03125 0.000587537
1 0.711719 0.0015625 0.0421875 0.003125 0.000600926
1 0.685938 0.0015625 0.034375 0.003125 0.000610158
1 0.607031 0.0015625 0.0328125 0.003125 0.00063564
1 0.250781 0.0015625 0.0359375 0.003125 0.000641407
1 0.648438 0.0015625 0.034375 0.003125 0.000662906
0 0.542188 0.878125 0.05 0.046875 0.000684894
1 0.300781 0.00078125 0.0296875 0.0015625 0.000719589
0 0.540625 0.860156 0.034375 0.0234375 0.000773164
1 0.573438 0.0015625 0.034375 0.003125 0.000820909
1 0.289062 0.0015625 0.0375 0.003125 0.000873409
1 0.672656 0.0015625 0.0421875 0.003125 0.000905201
1 0.635156 0.0015625 0.0421875 0.003125 0.000914692
0 0.053125 0.164062 0.040625 0.090625 0.00102627
2 0.294531 0.708594 0.0296875 0.0328125 0.00104528
1 0.415625 0.0015625 0.03125 0.003125 0.00107257
0 0.5375 0.860156 0.040625 0.0515625 0.00108674
1 0.3375 0.0015625 0.028125 0.003125 0.00108762
3 0.299219 0.73125 0.0265625 0.040625 0.00127703
1 0.377344 0.0015625 0.0296875 0.003125 0.00136659
1 0.557031 0.0015625 0.0390625 0.003125 0.00151281
0 0.542969 0.871094 0.0359375 0.0234375 0.00167971
1 0.5875 0.0015625 0.034375 0.003125 0.00169683
1 0.517187 0.0015625 0.0375 0.003125 0.00169952
1 0.478125 0.0015625 0.0375 0.003125 0.00170087
0 0.527344 0.796875 0.0390625 0.046875 0.00170161
1 0.31875 0.0015625 0.028125 0.003125 0.00170948
1 0.529688 0.0015625 0.03125 0.003125 0.00172636
1 0.364844 0.0015625 0.0359375 0.003125 0.00173048
1 0.454688 0.0015625 0.03125 0.003125 0.00174504
1 0.440625 0.0015625 0.0375 0.003125 0.00196191
1 0.402344 0.0015625 0.0359375 0.003125 0.00201291
1 0.558594 0.992969 0.0296875 0.0140625 0.00255087
0 0.517187 0.757812 0.040625 0.028125 0.0105976
1 0.560938 0.996875 0.03125 0.00625 0.0274407
0 0.525 0.78125 0.0375 0.025 0.0331693
3 0.292969 0.722656 0.0328125 0.0328125 0.188061
0 0.520312 0.767187 0.040625 0.028125 0.738134
3 0.271094 0.738281 0.0234375 0.0265625 0.834584
2 0.3 0.717969 0.03125 0.0328125 0.895022
