2 0.1125 0.920313 0.025 0.025 0.000100316
3 0.76875 0.299219 0.015625 0.0234375 0.000100669
2 0.85625 0.921094 0.05625 0.0515625 0.000102177
2 0.885938 0.892969 0.028125 0.0921875 0.000103058
3 0.167187 0.99375 0.021875 0.0125 0.000103981
0 0.559375 0.953906 0.0375 0.0390625 0.000104373
3 0.853125 0.585156 0.01875 0.0703125 0.000104782
3 0.147656 0.211719 0.0578125 0.0578125 0.000104875
2 0.0648438 0.179688 0.0640625 0.05 0.000108481
2 0.111719 0.203906 0.0296875 0.0328125 0.000108968
2 0.792969 0.564062 0.0859375 0.075 0.000109099
2 0.889063 0.927344 0.075 0.0421875 0.000109854
3 0.14375 0.914062 0.046875 0.046875 0.000110872
3 0.114844 0.9 0.107813 0.090625 0.0001118
2 0.04375 0.239844 0.05 0.104687 0.00011269
0 0.985156 0.0234375 0.0234375 0.046875 0.000113469
3 0.767187 0.278906 0.015625 0.0234375 0.000114413
2 0.0414063 0.280469 0.0484375 0.0984375 0.000115
3 0.142188 0.146094 0.03125 0.0796875 0.000115405
3 0.140625 0.885156 0.021875 0.0671875 0.000116123
3 0.147656 0.248437 0.0265625 0.08125 0.000117127
0 0.358594 0.676562 0.0515625 0.0375 0.000117162
3 0.146094 0.178125 0.0296875 0.078125 0.000117558
1 0.788281 0.00234375 0.0484375 0.0046875 0.000118915
2 0.0648438 0.907031 0.0296875 0.0671875 0.000119389
1 0.182812 0.00078125 0.028125 0.0015625 0.000119912
2 0.05 0.163281 0.05 0.0953125 0.000120412
2 0.110156 0.153125 0.0328125 0.034375 0.000122653
3 0.059375 0.578125 0.0625 0.13125 0.000123871
2 0.889844 0.925781 0.0296875 0.0921875 0.00012544
0 0.513281 0.68125 0.0546875 0.103125 0.000126199
3 0.359375 0.675781 0.05625 0.0328125 0.000126695
3 0.855469 0.615625 0.0171875 0.071875 0.000128119
3 0.15 0.247656 0.053125 0.0546875 0.00013252
3 0.855469 0.615625 0.0453125 0.034375 0.000132849
2 0.0648438 0.180469 0.0328125 0.0859375 0.000132995
3 0.357812 0.676562 0.03125 0.05625 0.000133876
3 0.0601562 0.660937 0.0578125 0.125 0.000134428
0 0.790625 0.882812 0.0625 0.13125 0.000135216
3 0.854688 0.807031 0.015625 0.0203125 0.000137522
3 0.81875 0.813281 0.015625 0.0234375 0.000139077
2 0.792969 0.567187 0.0515625 0.11875 0.000139418
3 0.125781 0.090625 0.0296875 0.075 0.000140481
3 0.833594 0.153125 0.0359375 0.084375 0.000141331
3 0.141406 0.883594 0.0421875 0.0453125 0.000143632
3 0.14375 0.144531 0.059375 0.0546875 0.00014365
2 0.0601562 0.400781 0.0609375 0.0328125 0.000146912
2 0.855469 0.921094 0.0265625 0.0765625 0.000149345
2 0.0421875 0.358594 0.084375 0.0484375 0.00015146
2 0.0609375 0.361719 0.065625 0.0359375 0.000152607
3 0.147656 0.177344 0.0546875 0.0546875 0.000153741
1 0.721094 0.0046875 0.0796875 0.009375 0.000155923
0 0.554688 0.889844 0.04375 0.0359375 0.000160879
2 0.0601562 0.398438 0.0296875 0.078125 0.000169719
2 0.0664062 0.2875 0.0671875 0.04375 0.000172406
2 0.0664062 0.286719 0.0296875 0.0921875 0.000175374
2 0.0609375 0.360156 0.03125 0.0828125 0.000198142
0 0.0476562 0.10625 0.0390625 0.090625 0.000200175
0 0.567187 0.939062 0.0375 0.034375 0.000206468
0 0.046875 0.10625 0.0625 0.053125 0.00021094
2 0.0382813 0.357812 0.0484375 0.09375 0.000213811
2 0.85 0.280469 0.090625 0.160938 0.000222848
1 0.279687 0.00234375 0.059375 0.0046875 0.000223747
2 0.0617188 0.324219 0.0640625 0.0390625 0.000233084
0 0.789062 0.726562 0.0875 0.071875 0.000237762
1 0.211719 0.0015625 0.0421875 0.003125 0.000251492
1 0.763281 0.0015625 0.0328125 0.003125 0.000270743
1 0.648438 0.00390625 0.071875 0.0078125 0.000279094
0 0.789062 0.728125 0.053125 0.115625 0.000280637
2 0.0617188 0.322656 0.0296875 0.0828125 0.000289971
1 0.354688 0.00234375 0.05625 0.0046875 0.000296359
0 0.544531 0.839063 0.0390625 0.025 0.000303979
2 0.0679687 0.250781 0.0640625 0.0453125 0.000304726
3 0.115625 0.900781 0.065625 0.142188 0.000305401
2 0.071875 0.942969 0.03125 0.0953125 0.00030661
3 0.151562 0.278906 0.025 0.0734375 0.000309207
2 0.0679687 0.250781 0.0296875 0.0890625 0.000318371
3 0.153906 0.277344 0.0515625 0.0484375 0.000351132
2 0.0726563 0.942969 0.0734375 0.0421875 0.000358174
1 0.749219 0.0015625 0.0421875 0.003125 0.000368601
1 0.422656 0.00234375 0.0546875 0.0046875 0.000377891
1 0.242188 0.00078125 0.028125 0.0015625 0.000398326
1 0.5 0.00234375 0.059375 0.0046875 0.000398543
1 0.725 0.0015625 0.034375 0.003125 0.000439183
1 0.576563 0.003125 0.0625 0.00625 0.000486917
2 0.0640625 0.16875 0.09375 0.140625 0.00048878
2 0.297656 0.653125 0.0390625 0.0625 0.000515351
0 0.0539063 0.167187 0.0390625 0.09375 0.000525651
1 0.647656 0.0015625 0.0359375 0.003125 0.000527234
0 0.544531 0.865625 0.0421875 0.053125 0.000538527
0 0.551562 0.873438 0.03125 0.021875 0.000541946
1 0.280469 0.00078125 0.0296875 0.0015625 0.000546295
0 0.528906 0.747656 0.0421875 0.0296875 0.000570623
2 0.322656 0.636719 0.0515625 0.0953125 0.000572295
1 0.711719 0.0015625 0.0421875 0.003125 0.00057706
1 0.685938 0.0015625 0.034375 0.003125 0.000590356
1 0.260938 0.00078125 0.028125 0.0015625 0.000648855
1 0.300781 0.00078125 0.0296875 0.0015625 0.000652019
3 0.136719 0.119531 0.0421875 0.0484375 0.000712432
1 0.251563 0.0015625 0.0375 0.003125 0.000744392
1 0.610156 0.0015625 0.0328125 0.003125 0.00081193
1 0.532812 0.0015625 0.03125 0.003125 0.000813262
0 0.542188 0.816406 0.034375 0.0484375 0.000818358
0 0.548437 0.857031 0.034375 0.0265625 0.000822482
1 0.672656 0.0015625 0.0421875 0.003125 0.000862579
1 0.633594 0.0015625 0.0421875 0.003125 0.000893001
2 0.310156 0.667188 0.0359375 0.04375 0.000915236
1 0.49375 0.0015625 0.03125 0.003125 0.000941225
1 0.453906 0.0015625 0.0296875 0.003125 0.000955558
1 0.2875 0.0015625 0.0375 0.003125 0.000984439
1 0.569531 0.0015625 0.0328125 0.003125 0.00105638
0 0.538281 0.797656 0.0328125 0.0453125 0.00109929
1 0.378125 0.0015625 0.03125 0.003125 0.0011775
1 0.594531 0.0015625 0.0390625 0.003125 0.00142147
1 0.338281 0.0015625 0.0296875 0.003125 0.00148821
1 0.478906 0.0015625 0.0390625 0.003125 0.00151919
1 0.325781 0.0015625 0.0359375 0.003125 0.0015562
1 0.557031 0.0015625 0.0390625 0.003125 0.00156613
1 0.517969 0.0015625 0.0390625 0.003125 0.00167086
1 0.364844 0.0015625 0.0359375 0.003125 0.00180712
1 0.438281 0.0015625 0.0359375 0.003125 0.00186816
1 0.5625 0.992969 0.03125 0.0140625 0.00190186
1 0.415625 0.0015625 0.03125 0.003125 0.00199989
1 0.402344 0.0015625 0.0359375 0.003125 0.00215463
0 0.528906 0.758594 0.0390625 0.0265625 0.0163139
0 0.534375 0.780469 0.034375 0.0234375 0.031184
1 0.564844 0.996094 0.0296875 0.0078125 0.0548366
0 0.532031 0.76875 0.0390625 0.025 0.733929
3 0.272656 0.665625 0.0171875 0.028125 0.823888
2 0.305469 0.657031 0.0265625 0.0328125 0.857721
