0 0.344531 0.432813 0.0203125 0.021875 0.000100694
2 0.046875 0.285937 0.0375 0.0375 0.000101196
2 0.0492188 0.65625 0.0359375 0.034375 0.000101396
3 0.0929687 0.148438 0.0578125 0.059375 0.000101837
1 0.01875 0.009375 0.034375 0.01875 0.000101896
1 0.174219 0.08125 0.0359375 0.034375 0.000101948
1 0.339844 0.315625 0.0203125 0.009375 0.000102661
3 0.0984375 0.769531 0.05625 0.0578125 0.000102749
0 0.342187 0.591406 0.0125 0.0171875 0.000104013
3 0.0992187 0.184375 0.0546875 0.05625 0.000104068
1 0.211719 0.00546875 0.0671875 0.0109375 0.000104685
2 0.0484375 0.861719 0.040625 0.0421875 0.000104814
1 0.971875 0.960156 0.05625 0.0203125 0.00010548
3 0.0929687 0.335938 0.0515625 0.05 0.000107204
3 0.0984375 0.186719 0.028125 0.0796875 0.000109117
3 0.0976562 0.771094 0.0296875 0.0828125 0.000110131
0 0.344531 0.453906 0.0203125 0.0171875 0.000110688
3 0.0921875 0.336719 0.025 0.0765625 0.000110904
2 0.0476562 0.226562 0.0421875 0.040625 0.00011111
3 0.0929687 0.15 0.0296875 0.084375 0.000112991
2 0.0453125 0.822656 0.04375 0.0421875 0.000113238
1 0.738281 0.00703125 0.0984375 0.0140625 0.000113449
3 0.792969 0.602344 0.0359375 0.0359375 0.000114506
0 0.338281 0.446875 0.0328125 0.03125 0.000114782
1 0.347656 0.303906 0.0203125 0.0109375 0.000115698
0 0.357812 0.433594 0.05 0.123438 0.000116823
1 0.158594 0.907812 0.0484375 0.078125 0.000117179
2 0.0484375 0.692187 0.0375 0.0375 0.00011992
2 0.986719 0.329688 0.0265625 0.046875 0.000120428
3 0.967969 0.165625 0.0640625 0.128125 0.000121914
2 0.0460938 0.785156 0.0421875 0.0453125 0.000122303
2 0.046875 0.746094 0.04375 0.0421875 0.000123023
0 0.340625 0.624219 0.0125 0.0171875 0.000125682
2 0.046875 0.209375 0.040625 0.040625 0.000129268
0 0.355469 0.432031 0.0890625 0.0703125 0.000130009
1 0.527344 0.767969 0.0609375 0.0234375 0.000131391
3 0.836719 0.192188 0.0703125 0.046875 0.00013345
2 0.0476562 0.153125 0.0390625 0.040625 0.000134701
3 0.0984375 0.69375 0.0375 0.046875 0.000135085
0 0.338281 0.446094 0.0171875 0.0546875 0.00013516
1 0.635156 0.0078125 0.0921875 0.015625 0.000136011
3 0.096875 0.694531 0.01875 0.0671875 0.000136049
1 0.565625 0.375 0.04375 0.01875 0.000137182
1 0.0195312 0.947656 0.0390625 0.0171875 0.000138277
0 0.339063 0.607813 0.01875 0.046875 0.00013939
2 0.05 0.673437 0.0375 0.0375 0.000140961
3 0.836719 0.192188 0.0390625 0.071875 0.000141824
2 0.0460938 0.766406 0.0421875 0.0421875 0.00014183
1 0.354688 0.3 0.0375 0.015625 0.000142472
2 0.0476562 0.882812 0.0421875 0.040625 0.000143172
2 0.0476562 0.728125 0.0421875 0.040625 0.000144776
0 0.338281 0.607813 0.0359375 0.025 0.000146207
1 0.35 0.311719 0.01875 0.0078125 0.000146764
2 0.9875 0.310937 0.025 0.046875 0.000151647
2 0.0476562 0.901563 0.0421875 0.040625 0.000152519
2 0.0460938 0.842188 0.0421875 0.04375 0.000153011
0 0.353906 0.604688 0.0171875 0.01875 0.000154368
2 0.0484375 0.171875 0.040625 0.040625 0.000156221
1 0.260938 0.003125 0.0375 0.00625 0.000156454
2 0.0476562 0.266406 0.0390625 0.0390625 0.000158079
1 0.667969 0.0046875 0.0640625 0.009375 0.000162109
1 0.45 0.00234375 0.046875 0.0046875 0.000162528
1 0.0859375 0.903125 0.08125 0.05625 0.000166852
3 0.09375 0.6625 0.015625 0.059375 0.000167199
3 0.09375 0.661719 0.03125 0.0421875 0.000168174
1 0.617188 0.00625 0.04375 0.0125 0.000178253
3 0.0921875 0.292188 0.05 0.053125 0.000182011
1 0.617188 0.003125 0.0375 0.00625 0.000183403
3 0.9875 0.161719 0.025 0.0890625 0.000189828
1 0.248437 0.003125 0.059375 0.00625 0.000191994
3 0.090625 0.294531 0.025 0.0765625 0.000196728
0 0.339844 0.419531 0.0171875 0.0484375 0.000208364
0 0.339063 0.419531 0.034375 0.0265625 0.000211014
0 0.65625 0.86875 0.053125 0.08125 0.000212276
2 0.046875 0.190625 0.040625 0.040625 0.000215933
0 0.34375 0.603906 0.0125 0.0171875 0.000219117
2 0.0476562 0.247656 0.0390625 0.0390625 0.000229618
0 0.338281 0.451562 0.0109375 0.01875 0.000236784
1 0.0867188 0.902344 0.0453125 0.0828125 0.00024541
1 0.713281 0.00390625 0.0609375 0.0078125 0.000250682
1 0.745313 0.00390625 0.0625 0.0078125 0.00025566
1 0.363281 0.00625 0.0921875 0.0125 0.000260213
1 0.634375 0.0820312 0.034375 0.0515625 0.000263986
1 0.285156 0.003125 0.0609375 0.00625 0.000282977
0 0.6625 0.860156 0.04375 0.0296875 0.000289166
1 0.510156 0.00625 0.0921875 0.0125 0.000290147
3 0.827344 0.565625 0.0359375 0.028125 0.000328751
1 0.330469 0.003125 0.0609375 0.00625 0.000363317
0 0.342187 0.419531 0.0125 0.0203125 0.000388246
1 0.570312 0.003125 0.04375 0.00625 0.000430458
1 0.415625 0.00546875 0.084375 0.0109375 0.00043533
1 0.601562 0.003125 0.040625 0.00625 0.00047007
3 0.971875 0.364062 0.05625 0.10625 0.000475539
1 0.474219 0.003125 0.0640625 0.00625 0.000525185
1 0.617188 0.00390625 0.059375 0.0078125 0.000623361
3 0.084375 0.128906 0.034375 0.0640625 0.000624844
1 0.365625 0.003125 0.0625 0.00625 0.000692261
0 0.339063 0.4375 0.0125 0.01875 0.000711574
1 0.569531 0.00546875 0.0765625 0.0109375 0.000734014
1 0.522656 0.003125 0.0609375 0.00625 0.000775412
1 0.43125 0.003125 0.0625 0.00625 0.000856636
1 0.4 0.003125 0.0625 0.00625 0.000858791
1 0.0296875 0.94375 0.059375 0.1125 0.00120537
1 0.0148437 0.958594 0.0296875 0.0171875 0.00163619
1 0.582812 0.003125 0.053125 0.00625 0.00186273
1 0.553906 0.00234375 0.0578125 0.0046875 0.00228195
0 0.657812 0.880469 0.04375 0.0296875 0.00391132
1 0.0171875 0.952344 0.034375 0.0140625 0.0247585
0 0.653906 0.903125 0.0421875 0.028125 0.0254416
0 0.653125 0.922656 0.040625 0.0296875 0.146996
3 0.807813 0.592188 0.0375 0.0375 0.199701
1 0.650781 0.944531 0.0390625 0.0203125 0.288443
0 0.650781 0.94375 0.0390625 0.021875 0.403579
0 0.651563 0.933594 0.040625 0.0265625 0.415457
1 0.652344 0.955469 0.0359375 0.0109375 0.685279
3 0.832812 0.573438 0.03125 0.028125 0.874696
2 0.807031 0.592188 0.0390625 0.0375 0.882222
