3 0.614062 0.158594 0.090625 0.0390625 0.000100244
1 0.5125 0.785156 0.071875 0.0609375 0.000100833
2 0.0484375 0.728125 0.04375 0.0375 0.000101076
0 0.630469 0.799219 0.0578125 0.0703125 0.000101697
1 0.621094 0.003125 0.0359375 0.00625 0.000101822
3 0.0984375 0.770312 0.028125 0.084375 0.000104395
3 0.840625 0.58125 0.034375 0.075 0.000105745
2 0.0453125 0.822656 0.04375 0.0421875 0.000107833
1 0.335938 0.489062 0.015625 0.009375 0.000108276
1 0.738281 0.00703125 0.0984375 0.0140625 0.000109789
3 0.0945313 0.367188 0.0203125 0.078125 0.000110333
0 0.642969 0.422656 0.0734375 0.101562 0.000114502
2 0.0476562 0.841406 0.0421875 0.0421875 0.000115805
2 0.0484375 0.901563 0.04375 0.040625 0.000117008
1 0.232812 0.93125 0.05 0.025 0.00011719
2 0.0476562 0.746875 0.0421875 0.040625 0.000120278
2 0.0460938 0.882812 0.0421875 0.040625 0.000120293
2 0.0476562 0.785156 0.0421875 0.0421875 0.000120439
1 0.550781 0.00625 0.0453125 0.0125 0.000121273
1 0.641406 0.957812 0.0390625 0.021875 0.000121816
2 0.05 0.672656 0.0375 0.0359375 0.000123956
1 0.604688 0.003125 0.0375 0.00625 0.000124326
2 0.0492188 0.655469 0.0359375 0.0359375 0.000125013
1 0.574219 0.009375 0.0671875 0.01875 0.000126889
2 0.046875 0.244531 0.040625 0.0421875 0.000127599
1 0.628906 0.0078125 0.0421875 0.015625 0.000132277
1 0.607031 0.758594 0.0765625 0.0296875 0.000133679
1 0.5875 0.003125 0.0375 0.00625 0.000133824
2 0.0460938 0.189063 0.0421875 0.04375 0.00013779
1 0.485938 0.00234375 0.04375 0.0046875 0.000145009
2 0.046875 0.133594 0.04375 0.0421875 0.00014548
1 0.563281 0.003125 0.0390625 0.00625 0.000148203
2 0.0453125 0.321094 0.0375 0.0390625 0.000148413
3 0.096875 0.652344 0.034375 0.0453125 0.000148583
3 0.0960938 0.653125 0.0171875 0.0625 0.000150996
3 0.851562 0.6 0.065625 0.040625 0.000152352
1 0.338281 0.485156 0.0171875 0.0109375 0.00015271
1 0.560156 0.571875 0.0578125 0.021875 0.000154786
1 0.627344 0.100781 0.0359375 0.0609375 0.00015481
1 0.5875 0.00703125 0.04375 0.0140625 0.000155618
1 0.375 0.00234375 0.04375 0.0046875 0.000155814
1 0.455469 0.00234375 0.0453125 0.0046875 0.000157623
2 0.0460938 0.264844 0.0421875 0.0421875 0.000159292
1 0.084375 0.904688 0.084375 0.05625 0.000164067
1 0.548437 0.003125 0.040625 0.00625 0.000164218
2 0.0460938 0.152344 0.0421875 0.0421875 0.000166672
0 0.666406 0.479688 0.0390625 0.05625 0.000176805
2 0.046875 0.170312 0.040625 0.04375 0.000179255
0 0.6625 0.413281 0.040625 0.0265625 0.000182882
1 0.749219 0.0046875 0.0640625 0.009375 0.000183032
3 0.0921875 0.61875 0.01875 0.059375 0.000183589
1 0.667188 0.0046875 0.0625 0.009375 0.000187148
3 0.0921875 0.617969 0.034375 0.0421875 0.00018904
0 0.634375 0.351562 0.08125 0.11875 0.000190969
2 0.0460938 0.225 0.0421875 0.04375 0.000191584
0 0.64375 0.874219 0.05625 0.0328125 0.000192836
2 0.0460938 0.767187 0.0421875 0.040625 0.000198169
1 0.713281 0.0046875 0.0640625 0.009375 0.00020034
3 0.857031 0.586719 0.0703125 0.107813 0.000204303
1 0.353906 0.00625 0.0921875 0.0125 0.000204523
1 0.974219 0.959375 0.0515625 0.01875 0.000214637
2 0.0453125 0.285937 0.040625 0.04375 0.00021488
1 0.494531 0.00546875 0.0859375 0.0109375 0.000215346
1 0.522656 0.770312 0.0515625 0.01875 0.000224665
1 0.342969 0.31875 0.0171875 0.009375 0.000226881
0 0.663281 0.591406 0.0390625 0.0546875 0.000227913
3 0.851562 0.600781 0.0375 0.0671875 0.000228598
1 0.630469 0.8 0.0609375 0.05 0.000231229
0 0.660156 0.652344 0.0546875 0.0421875 0.000236752
1 0.285937 0.003125 0.059375 0.00625 0.000241759
2 0.046875 0.207813 0.040625 0.04375 0.000243658
1 0.084375 0.904688 0.046875 0.084375 0.000258656
1 0.01875 0.947656 0.0375 0.0203125 0.000263608
1 0.420312 0.00546875 0.0875 0.0109375 0.000266617
3 0.621094 0.160156 0.0484375 0.0265625 0.00029994
0 0.6625 0.396094 0.040625 0.0265625 0.000304052
1 0.327344 0.00234375 0.0609375 0.0046875 0.000307318
0 0.638281 0.939062 0.0390625 0.028125 0.000341038
1 0.513281 0.003125 0.0609375 0.00625 0.000362664
0 0.6625 0.342969 0.05 0.0390625 0.000394278
1 0.396094 0.003125 0.0609375 0.00625 0.000402564
1 0.438281 0.003125 0.0609375 0.00625 0.000418114
0 0.663281 0.330469 0.0453125 0.0296875 0.000423522
1 0.472656 0.003125 0.0609375 0.00625 0.000430433
1 0.628125 0.00390625 0.059375 0.0078125 0.000448833
1 0.361719 0.00234375 0.0578125 0.0046875 0.000449947
0 0.667188 0.573438 0.040625 0.034375 0.000456332
1 0.550781 0.00390625 0.0609375 0.0078125 0.000513055
0 0.657031 0.736719 0.0453125 0.0328125 0.000541624
1 0.586719 0.00390625 0.0578125 0.0078125 0.000552553
0 0.639844 0.910937 0.0421875 0.03125 0.000617606
0 0.655469 0.773438 0.0515625 0.05 0.000714762
0 0.675 0.45 0.040625 0.028125 0.000720946
0 0.648438 0.678906 0.0625 0.0671875 0.000830756
0 0.669531 0.56875 0.0453125 0.078125 0.00108398
0 0.677344 0.478906 0.0453125 0.0359375 0.00114717
0 0.664062 0.690625 0.04375 0.03125 0.00131123
0 0.674219 0.528906 0.0421875 0.0265625 0.0014691
0 0.677344 0.433594 0.0390625 0.0453125 0.00147378
0 0.667969 0.3625 0.0453125 0.03125 0.00205656
0 0.661719 0.674219 0.0453125 0.0328125 0.00219177
3 0.0882813 0.128125 0.0328125 0.065625 0.00221548
0 0.671094 0.5375 0.0578125 0.05 0.00236463
1 0.0140625 0.957812 0.028125 0.015625 0.00281472
0 0.673437 0.507812 0.04375 0.040625 0.00304508
1 0.034375 0.95 0.06875 0.05625 0.00392521
0 0.671094 0.55625 0.0390625 0.03125 0.00615918
1 0.638281 0.950781 0.0390625 0.0171875 0.00649947
0 0.658594 0.711719 0.0421875 0.0265625 0.00708942
0 0.671875 0.421094 0.040625 0.0296875 0.00775016
0 0.669531 0.383594 0.0421875 0.0296875 0.0276361
1 0.0171875 0.953125 0.034375 0.0125 0.0358482
0 0.672656 0.401563 0.0390625 0.034375 0.135803
3 0.630469 0.194531 0.0453125 0.0265625 0.368627
3 0.621875 0.167187 0.040625 0.01875 0.731684
0 0.660156 0.701563 0.0421875 0.03125 0.782826
1 0.635938 0.955469 0.0375 0.0109375 0.795843
2 0.632031 0.196094 0.0421875 0.0234375 0.847438
