2 0.979688 0.321875 0.0375 0.04375 0.000100236
3 0.0835937 0.696094 0.0765625 0.0578125 0.000100788
2 0.0476562 0.321875 0.0359375 0.0375 0.000101334
1 0.640625 0.003125 0.0375 0.00625 0.000107438
2 0.046875 0.9 0.04375 0.040625 0.000108175
0 0.602344 0.607031 0.0515625 0.0328125 0.000109358
1 0.349219 0.323438 0.0203125 0.0125 0.000110994
2 0.0492188 0.709375 0.0421875 0.040625 0.000111699
0 0.602344 0.60625 0.0296875 0.05625 0.000112004
1 0.560938 0.572656 0.053125 0.0203125 0.000112487
0 0.635156 0.650781 0.0703125 0.117188 0.000113474
1 0.0890625 0.903906 0.0875 0.0578125 0.000113673
2 0.0484375 0.746875 0.04375 0.040625 0.000115509
0 0.353125 0.585156 0.0875 0.0671875 0.000115709
2 0.05 0.691406 0.0375 0.0359375 0.000115926
1 0.3375 0.467969 0.015625 0.0140625 0.000116179
1 0.158594 0.909375 0.0484375 0.078125 0.000117132
3 0.084375 0.696875 0.05 0.096875 0.000117896
3 0.0898438 0.364062 0.0484375 0.05 0.00011804
1 0.607031 0.003125 0.0421875 0.00625 0.000118102
2 0.046875 0.189063 0.040625 0.04375 0.000119945
1 0.649219 0.00859375 0.0984375 0.0171875 0.00012018
0 0.339844 0.614844 0.0140625 0.0203125 0.000121571
0 0.613281 0.63125 0.0546875 0.034375 0.00012385
1 0.248437 0.00390625 0.0625 0.0078125 0.000125256
1 0.526563 0.766406 0.05625 0.0234375 0.000126013
2 0.0484375 0.301562 0.040625 0.040625 0.000126246
3 0.0898438 0.365625 0.0234375 0.075 0.000128798
3 0.0960938 0.324219 0.0484375 0.0515625 0.000129085
0 0.594531 0.654688 0.0609375 0.1125 0.000129991
2 0.046875 0.784375 0.04375 0.04375 0.000131884
2 0.0445312 0.861719 0.0421875 0.0421875 0.000132115
0 0.65 0.850781 0.040625 0.0546875 0.00013379
2 0.046875 0.728125 0.04375 0.040625 0.000137654
2 0.046875 0.170312 0.040625 0.04375 0.0001386
3 0.0945313 0.660937 0.0140625 0.05625 0.000138956
3 0.0953125 0.326562 0.021875 0.078125 0.000139532
1 0.327344 0.928125 0.0359375 0.021875 0.000142118
0 0.342969 0.596094 0.0140625 0.0171875 0.000144278
0 0.6125 0.630469 0.034375 0.0578125 0.000145309
1 0.746094 0.00625 0.0703125 0.0125 0.000147353
3 0.0960938 0.660937 0.0296875 0.040625 0.000149065
2 0.0460938 0.842188 0.0421875 0.04375 0.000149188
1 0.4125 0.00234375 0.046875 0.0046875 0.000151074
1 0.290625 0.93125 0.0375 0.021875 0.000153865
1 0.626562 0.0078125 0.04375 0.015625 0.000156909
2 0.046875 0.766406 0.04375 0.0421875 0.000159659
3 0.0828125 0.154687 0.096875 0.13125 0.000163115
0 0.339844 0.420312 0.0140625 0.021875 0.000164171
2 0.0460938 0.88125 0.0421875 0.040625 0.000165037
2 0.046875 0.283594 0.040625 0.0421875 0.000166786
3 0.986719 0.1625 0.0265625 0.0875 0.000169065
3 0.0960938 0.146875 0.0609375 0.0625 0.000170209
2 0.0515625 0.673437 0.0375 0.0375 0.000174603
2 0.0460938 0.207813 0.0421875 0.04375 0.000176933
1 0.0890625 0.903125 0.046875 0.0875 0.000179001
3 0.0960938 0.149219 0.0328125 0.0859375 0.000179561
2 0.0476562 0.263281 0.0421875 0.0421875 0.000180202
1 0.665625 0.0046875 0.065625 0.009375 0.000183142
1 0.532031 0.003125 0.0453125 0.00625 0.000186226
0 0.353906 0.435156 0.0421875 0.107813 0.000188023
0 0.604688 0.609375 0.025 0.028125 0.000189626
0 0.342187 0.4375 0.01875 0.021875 0.000190434
1 0.357812 0.00703125 0.096875 0.0140625 0.000191325
3 0.0976562 0.69375 0.0171875 0.0625 0.000198081
1 0.624219 0.003125 0.0390625 0.00625 0.000203141
1 0.707031 0.00546875 0.0640625 0.0109375 0.000205062
3 0.0984375 0.692187 0.034375 0.04375 0.00021431
2 0.046875 0.153906 0.040625 0.0421875 0.000219309
1 0.635156 0.0828125 0.0359375 0.053125 0.000234959
1 0.288281 0.003125 0.0609375 0.00625 0.000243126
0 0.338281 0.421875 0.0296875 0.028125 0.000243334
2 0.046875 0.245312 0.040625 0.04375 0.000244601
0 0.352344 0.435156 0.0734375 0.0609375 0.000259793
0 0.6 0.635156 0.03125 0.0546875 0.000263085
0 0.339063 0.421094 0.015625 0.0484375 0.000275043
2 0.046875 0.226562 0.040625 0.04375 0.000275064
1 0.422656 0.00625 0.0921875 0.0125 0.000277127
1 0.650781 0.957031 0.0390625 0.0078125 0.000310632
1 0.503906 0.00625 0.0890625 0.0125 0.000333904
1 0.326562 0.003125 0.0625 0.00625 0.000339296
0 0.345313 0.444531 0.021875 0.0203125 0.000340265
1 0.56875 0.00703125 0.0875 0.0140625 0.000350058
0 0.651563 0.866406 0.04375 0.0296875 0.000351445
1 0.564062 0.003125 0.04375 0.00625 0.000375439
0 0.351562 0.603125 0.01875 0.015625 0.000376292
3 0.0929687 0.132031 0.0234375 0.0359375 0.000397146
0 0.342187 0.604688 0.015625 0.040625 0.000400408
0 0.602344 0.642969 0.0265625 0.0265625 0.000403951
1 0.346875 0.314844 0.01875 0.0078125 0.000430936
0 0.339063 0.45 0.0125 0.015625 0.000439582
1 0.625781 0.0046875 0.0609375 0.009375 0.000464412
0 0.342187 0.605469 0.028125 0.0234375 0.000490817
1 0.360156 0.003125 0.0640625 0.00625 0.000495508
0 0.655469 0.907812 0.0546875 0.05625 0.000530961
1 0.475781 0.003125 0.0609375 0.00625 0.000561483
0 0.338281 0.449219 0.0203125 0.0234375 0.00058972
1 0.439063 0.003125 0.0625 0.00625 0.00060403
1 0.397656 0.003125 0.0640625 0.00625 0.000614259
1 0.340625 0.31875 0.01875 0.009375 0.00066783
0 0.601562 0.629687 0.028125 0.028125 0.000715775
3 0.0898438 0.127344 0.0359375 0.0703125 0.000732291
1 0.513281 0.003125 0.0609375 0.00625 0.000739017
1 0.582812 0.00390625 0.059375 0.0078125 0.000839558
1 0.03125 0.942187 0.0625 0.115625 0.00100721
1 0.549219 0.003125 0.0609375 0.00625 0.0010524
1 0.0148437 0.958594 0.0296875 0.0171875 0.00129765
1 0.634375 0.954687 0.040625 0.0125 0.00136767
1 0.01875 0.950781 0.0375 0.0265625 0.00161326
0 0.342187 0.605469 0.0125 0.0171875 0.00168886
0 0.338281 0.442969 0.0109375 0.0171875 0.00205042
2 0.882812 0.604688 0.034375 0.0625 0.00232661
1 0.65625 0.960156 0.046875 0.0140625 0.0105965
0 0.650781 0.879687 0.0421875 0.028125 0.0150522
1 0.0171875 0.953125 0.034375 0.0125 0.0176639
0 0.648438 0.899219 0.04375 0.0296875 0.136305
0 0.645312 0.94375 0.0375 0.028125 0.159865
0 0.646094 0.926562 0.0390625 0.025 0.206641
1 0.646875 0.949219 0.0375 0.0140625 0.316081
3 0.875 0.61875 0.028125 0.040625 0.410002
0 0.646094 0.911719 0.0390625 0.0296875 0.626809
1 0.645312 0.954687 0.0375 0.009375 0.7706
3 0.903125 0.613281 0.01875 0.0359375 0.831936
2 0.874219 0.619531 0.0265625 0.0421875 0.899421
