3 0.226562 0.551562 0.028125 0.071875 0.000100259
3 0.225781 0.789062 0.0265625 0.075 0.000100873
3 0.225 0.596094 0.025 0.0703125 0.000101214
2 0.232812 0.907812 0.0375 0.084375 0.000103991
1 0.686719 0.00234375 0.0421875 0.0046875 0.000104141
3 0.228906 0.474219 0.0578125 0.0453125 0.000105942
2 0.0109375 0.151562 0.01875 0.096875 0.000106514
2 0.885938 0.189844 0.03125 0.0296875 0.000108145
1 0.979688 0.01875 0.034375 0.0375 0.000108728
2 0.890625 0.240625 0.06875 0.05 0.000110952
3 0.764844 0.149219 0.0546875 0.0453125 0.000112794
3 0.228125 0.669531 0.046875 0.0421875 0.000113013
3 0.285156 0.884375 0.0234375 0.06875 0.000113824
3 0.279687 0.382812 0.025 0.06875 0.000114181
1 0.285156 0.00546875 0.0828125 0.0109375 0.000114308
2 0.225781 0.826563 0.0484375 0.046875 0.00011694
1 0.0132813 0.583594 0.0265625 0.164062 0.000117487
1 0.0984375 0.171094 0.0375 0.0140625 0.000118292
1 0.0265625 0.003125 0.034375 0.00625 0.000119546
1 0.127344 0.2125 0.0828125 0.03125 0.000123087
3 0.225781 0.827344 0.0453125 0.0578125 0.000123143
3 0.26875 0.15 0.05625 0.046875 0.000124058
1 0.0117188 0.964063 0.0234375 0.028125 0.000124629
3 0.275781 0.676562 0.0203125 0.05625 0.000125553
2 0.228125 0.639063 0.046875 0.046875 0.000127322
3 0.161719 0.258594 0.0828125 0.107813 0.000128196
3 0.302344 0.409375 0.0203125 0.040625 0.000129442
3 0.26875 0.150781 0.03125 0.0703125 0.000129843
1 0.0125 0.503906 0.025 0.164062 0.000130703
3 0.277344 0.55 0.0359375 0.040625 0.000132806
2 0.0171875 0.1875 0.034375 0.05 0.000138865
3 0.0109375 0.0875 0.021875 0.078125 0.000140128
2 0.228125 0.405469 0.0625 0.0484375 0.000140723
2 0.229687 0.519531 0.05625 0.0453125 0.0001416
1 0.34375 0.0046875 0.075 0.009375 0.00014235
2 0.0101562 0.185937 0.0171875 0.09375 0.000147374
3 0.276563 0.551562 0.01875 0.059375 0.000148083
3 0.213281 0.260938 0.0203125 0.03125 0.00015025
3 0.228125 0.476562 0.03125 0.075 0.00015279
2 0.288281 0.899219 0.0421875 0.107813 0.000153038
1 0.339844 0.00234375 0.0390625 0.0046875 0.000154823
2 0.910156 0.280469 0.0609375 0.0359375 0.000158712
2 0.910937 0.170312 0.028125 0.090625 0.000160878
3 0.227344 0.670313 0.0265625 0.065625 0.000162872
3 0.230469 0.976562 0.0703125 0.046875 0.000165566
1 0.669531 0.003125 0.0484375 0.00625 0.000167528
2 0.225 0.828125 0.025 0.078125 0.000169807
1 0.380469 0.00234375 0.0390625 0.0046875 0.000172513
3 0.228906 0.970312 0.0390625 0.059375 0.000177732
0 0.614844 0.957031 0.0328125 0.0328125 0.000178032
0 0.617969 0.89375 0.0453125 0.034375 0.000180341
2 0.225 0.863281 0.05 0.0453125 0.000183166
2 0.892187 0.207813 0.071875 0.053125 0.000185557
2 0.909375 0.278125 0.028125 0.078125 0.000188525
3 0.227344 0.407031 0.0359375 0.0796875 0.000190752
1 0.649219 0.00234375 0.0421875 0.0046875 0.000198163
1 0.630469 0.00234375 0.0421875 0.0046875 0.000203525
3 0.282031 0.432813 0.0359375 0.096875 0.000204873
3 0.764063 0.150781 0.03125 0.0734375 0.000206288
2 0.227344 0.640625 0.0265625 0.071875 0.000212615
2 0.405469 0.003125 0.0453125 0.00625 0.000214716
1 0.635156 0.00390625 0.0734375 0.0078125 0.000214975
2 0.717969 0.5625 0.0328125 0.03125 0.000218278
1 0.321094 0.00234375 0.0390625 0.0046875 0.000220063
2 0.228906 0.520312 0.0328125 0.071875 0.000220634
1 0.610156 0.00234375 0.0421875 0.0046875 0.000222549
2 0.320312 0.00234375 0.0375 0.0046875 0.000224824
1 0.365625 0.00234375 0.046875 0.0046875 0.000227305
3 0.761719 0.166406 0.0171875 0.0234375 0.000233275
1 0.572656 0.00234375 0.0421875 0.0046875 0.00023804
1 0.45625 0.00234375 0.04375 0.0046875 0.000253506
1 0.550781 0.00234375 0.0421875 0.0046875 0.000256237
2 0.942969 0.914062 0.0765625 0.153125 0.00025943
2 0.91875 0.974219 0.078125 0.0484375 0.000261237
1 0.424219 0.00390625 0.0703125 0.0078125 0.00026694
2 0.63125 0.003125 0.046875 0.00625 0.00027176
2 0.736719 0.561719 0.0421875 0.0390625 0.000271929
3 0.223438 0.865625 0.028125 0.071875 0.000277942
1 0.591406 0.00234375 0.0421875 0.0046875 0.000280211
2 0.919531 0.961719 0.0359375 0.0765625 0.000290388
2 0.594531 0.003125 0.0484375 0.00625 0.000303559
1 0.436719 0.00234375 0.0421875 0.0046875 0.000308565
1 0.477344 0.00234375 0.0421875 0.0046875 0.000312829
2 0.891406 0.20625 0.0296875 0.1 0.000317775
1 0.419531 0.00234375 0.0390625 0.0046875 0.000331391
0 0.614844 0.867969 0.0328125 0.0265625 0.000335197
1 0.559375 0.003125 0.06875 0.00625 0.00039488
2 0.553125 0.00234375 0.046875 0.0046875 0.000401688
2 0.441406 0.00234375 0.0484375 0.0046875 0.000418405
2 0.532031 0.00234375 0.0421875 0.0046875 0.000431453
1 0.404687 0.00234375 0.04375 0.0046875 0.000443729
1 0.613281 0.989062 0.0328125 0.015625 0.00046926
1 0.496875 0.00234375 0.040625 0.0046875 0.000482083
1 0.532031 0.00234375 0.0421875 0.0046875 0.000482725
1 0.514844 0.00234375 0.0421875 0.0046875 0.000581941
1 0.490625 0.003125 0.0625 0.00625 0.000621468
2 0.480469 0.00234375 0.0453125 0.0046875 0.000635824
2 0.878125 0.241406 0.090625 0.148438 0.000662874
2 0.913281 0.207031 0.0515625 0.0390625 0.000698959
2 0.515625 0.00234375 0.046875 0.0046875 0.000744798
0 0.614844 0.785156 0.0328125 0.0265625 0.000777785
0 0.615625 0.849219 0.0375 0.0328125 0.00103548
3 0.728906 0.535156 0.0359375 0.0453125 0.00105574
2 0.913281 0.20625 0.0265625 0.071875 0.00114553
0 0.614844 0.821875 0.0328125 0.028125 0.00162582
2 0.739844 0.542188 0.0296875 0.034375 0.0025771
1 0.614844 0.995313 0.0296875 0.00625 0.120917
3 0.726562 0.553906 0.03125 0.0328125 0.402313
0 0.615625 0.802344 0.03125 0.0234375 0.710198
3 0.75 0.529688 0.021875 0.021875 0.808875
2 0.726562 0.553125 0.034375 0.03125 0.897476
