0 0.140625 0.138281 0.046875 0.0515625 0.00010035
1 0.0992187 0.189844 0.0390625 0.0140625 0.000100489
3 0.221875 0.716406 0.021875 0.0640625 0.000100538
3 0.909375 0.895312 0.025 0.05625 0.000103973
2 0.196094 0.960938 0.0734375 0.04375 0.000105172
1 0.1 0.171094 0.040625 0.0140625 0.000105439
1 0.0125 0.503125 0.025 0.1625 0.000105516
2 0.907031 0.353906 0.0265625 0.0734375 0.000106354
2 0.924219 0.649219 0.0671875 0.148438 0.000106431
3 0.90625 0.546094 0.025 0.0515625 0.000107491
2 0.8875 0.349219 0.01875 0.0859375 0.000108493
2 0.0179687 0.186719 0.0359375 0.0484375 0.000108927
1 0.710156 0.003125 0.0515625 0.00625 0.000109456
2 0.910937 0.279687 0.028125 0.090625 0.000111554
0 0.139844 0.08125 0.0359375 0.090625 0.000112686
0 0.885938 0.621875 0.021875 0.084375 0.000113268
2 0.0101562 0.185937 0.0171875 0.096875 0.000114733
0 0.616406 0.764063 0.0328125 0.0625 0.000116147
1 0.0132813 0.583594 0.0265625 0.164062 0.000116337
2 0.909375 0.321094 0.059375 0.0421875 0.000118219
1 0.217969 0.003125 0.0484375 0.00625 0.000119924
2 0.228125 0.44375 0.053125 0.046875 0.00012001
2 0.221094 0.827344 0.0234375 0.0703125 0.000123193
3 0.221875 0.667188 0.040625 0.040625 0.000124163
3 0.229687 0.902344 0.028125 0.0734375 0.000124464
3 0.90625 0.546875 0.046875 0.025 0.000125178
1 0.125 0.210156 0.046875 0.0609375 0.000125317
2 0.221094 0.559375 0.0421875 0.040625 0.000126944
3 0.930469 0.508594 0.0671875 0.145313 0.000127046
3 0.0179687 0.0875 0.0359375 0.04375 0.000128035
0 0.886719 0.539062 0.0453125 0.053125 0.000128506
1 0.0117188 0.963281 0.0234375 0.0265625 0.000128805
2 0.227344 0.938281 0.0703125 0.123438 0.000130019
2 0.910937 0.244531 0.028125 0.0890625 0.000132638
3 0.221875 0.521094 0.025 0.0640625 0.000132909
2 0.220313 0.598437 0.021875 0.059375 0.000133628
2 0.226562 0.3625 0.05625 0.04375 0.000135072
0 0.885938 0.539062 0.01875 0.078125 0.000137988
3 0.225 0.477344 0.046875 0.0421875 0.000138437
1 0.258594 0.00234375 0.0515625 0.0046875 0.000138872
3 0.220313 0.746875 0.040625 0.0375 0.000142828
3 0.226562 0.363281 0.053125 0.0515625 0.000142989
2 0.888281 0.140625 0.0390625 0.04375 0.000149288
0 0.603906 0.954687 0.0359375 0.0375 0.000150205
1 0.125781 0.211719 0.0859375 0.0328125 0.000150923
0 0.153125 0.0890625 0.03125 0.034375 0.000151574
3 0.660937 0.682813 0.05 0.084375 0.000152336
0 0.608594 0.911719 0.0328125 0.0234375 0.000153732
2 0.225 0.869531 0.028125 0.0765625 0.000156037
2 0.221094 0.794531 0.0390625 0.0421875 0.000164437
3 0.925781 0.721875 0.0796875 0.1 0.000165239
2 0.909375 0.317969 0.028125 0.0828125 0.000165955
0 0.889844 0.155469 0.0390625 0.0859375 0.000168202
3 0.785937 0.140625 0.034375 0.01875 0.000173281
3 0.221094 0.669531 0.0234375 0.0609375 0.00017424
3 0.220313 0.748438 0.021875 0.059375 0.000175356
0 0.141406 0.120312 0.0296875 0.084375 0.000177043
2 0.225781 0.364844 0.0296875 0.0734375 0.000179047
3 0.0109375 0.0875 0.021875 0.075 0.000181051
0 0.607031 0.85625 0.0359375 0.03125 0.000183401
2 0.978906 0.974219 0.0421875 0.0421875 0.000185868
3 0.624219 0.678125 0.0328125 0.03125 0.000188159
2 0.227344 0.444531 0.0296875 0.0734375 0.000197326
2 0.91875 0.975 0.075 0.046875 0.000199277
2 0.221094 0.560156 0.0234375 0.0640625 0.000199293
3 0.224219 0.478906 0.0265625 0.0640625 0.000206003
3 0.623438 0.699219 0.034375 0.0484375 0.00020669
1 0.686719 0.00234375 0.0421875 0.0046875 0.000212403
2 0.226562 0.40625 0.046875 0.04375 0.000221063
2 0.926562 0.722656 0.065625 0.145313 0.000223488
2 0.91875 0.9625 0.034375 0.075 0.000229877
3 0.648438 0.689844 0.03125 0.0265625 0.00023095
2 0.866406 0.255469 0.0984375 0.157813 0.00023294
2 0.9875 0.967188 0.025 0.065625 0.000238592
1 0.592969 0.99375 0.0390625 0.009375 0.000247899
2 0.220313 0.796094 0.021875 0.0640625 0.000249937
2 0.222656 0.639844 0.0234375 0.0609375 0.000251056
0 0.609375 0.899219 0.034375 0.0484375 0.000260232
0 0.60625 0.784375 0.034375 0.040625 0.000271111
0 0.161719 0.260938 0.0734375 0.09375 0.000276017
2 0.296094 0.003125 0.0484375 0.00625 0.000278862
1 0.630469 0.00234375 0.0421875 0.0046875 0.00028267
1 0.289844 0.0046875 0.0703125 0.009375 0.000290302
2 0.667969 0.00234375 0.0421875 0.0046875 0.000303483
1 0.339844 0.0046875 0.0671875 0.009375 0.000311666
1 0.649219 0.00234375 0.0421875 0.0046875 0.000319344
2 0.225781 0.407813 0.0265625 0.06875 0.000320893
1 0.66875 0.003125 0.04375 0.00625 0.000333559
1 0.363281 0.00234375 0.0421875 0.0046875 0.000334089
1 0.632031 0.003125 0.0671875 0.00625 0.000354366
2 0.45625 0.00234375 0.04375 0.0046875 0.000383514
0 0.608594 0.9375 0.0328125 0.034375 0.000385167
2 0.417969 0.00234375 0.0421875 0.0046875 0.000405847
1 0.397656 0.00234375 0.0421875 0.0046875 0.000411739
3 0.224219 0.978125 0.0546875 0.040625 0.00042246
1 0.457812 0.00234375 0.04375 0.0046875 0.000430066
1 0.419531 0.003125 0.0421875 0.00625 0.000430123
1 0.420312 0.00390625 0.06875 0.0078125 0.00044598
1 0.609375 0.00234375 0.04375 0.0046875 0.000449488
2 0.379687 0.00234375 0.040625 0.0046875 0.000454727
2 0.571875 0.00234375 0.04375 0.0046875 0.000466789
3 0.223438 0.974219 0.03125 0.0515625 0.000470834
1 0.571875 0.003125 0.04375 0.00625 0.000476348
1 0.38125 0.00234375 0.040625 0.0046875 0.000478226
2 0.632031 0.00234375 0.0453125 0.0046875 0.000486225
1 0.514063 0.00234375 0.04375 0.0046875 0.000517252
2 0.338281 0.00234375 0.0390625 0.0046875 0.000539168
1 0.592188 0.003125 0.04375 0.00625 0.000542571
1 0.438281 0.00234375 0.0421875 0.0046875 0.000577727
0 0.607031 0.871875 0.0359375 0.03125 0.000592433
0 0.60625 0.839063 0.03125 0.046875 0.000625203
2 0.592188 0.00234375 0.046875 0.0046875 0.000656419
2 0.534375 0.00234375 0.04375 0.0046875 0.000664015
2 0.363281 0.00234375 0.0453125 0.0046875 0.000678492
2 0.947656 0.910156 0.0703125 0.142188 0.000678779
1 0.476562 0.00234375 0.04375 0.0046875 0.000689619
1 0.494531 0.00234375 0.0421875 0.0046875 0.000780877
1 0.560938 0.003125 0.0625 0.00625 0.000794906
2 0.494531 0.00234375 0.0421875 0.0046875 0.000812535
2 0.402344 0.00234375 0.0453125 0.0046875 0.00091453
2 0.442187 0.003125 0.046875 0.00625 0.000927885
1 0.49375 0.003125 0.0625 0.00625 0.000958198
2 0.555469 0.003125 0.0453125 0.00625 0.000981311
2 0.517187 0.00234375 0.046875 0.0046875 0.00126133
2 0.321094 0.00234375 0.0390625 0.0046875 0.00134711
2 0.479688 0.00234375 0.04375 0.0046875 0.0013739
1 0.605469 0.99375 0.0296875 0.0125 0.00165388
0 0.60625 0.797656 0.034375 0.0265625 0.0030717
0 0.60625 0.817969 0.03125 0.0234375 0.00461598
1 0.60625 0.996875 0.028125 0.00625 0.0826917
2 0.633594 0.676562 0.0359375 0.034375 0.38551
3 0.639844 0.678125 0.0328125 0.034375 0.450026
0 0.607031 0.807031 0.0328125 0.0234375 0.750722
