1 0.0117188 0.503906 0.0234375 0.164062 0.000100867
2 0.813281 0.541406 0.0265625 0.0890625 0.000101713
3 0.782031 0.407813 0.0140625 0.028125 0.000103623
3 0.216406 0.355469 0.0265625 0.0265625 0.000105859
2 0.709375 0.003125 0.053125 0.00625 0.000107326
3 0.232031 0.410937 0.0390625 0.08125 0.000110191
0 0.1375 0.180469 0.028125 0.0703125 0.000110703
2 0.93125 0.420312 0.071875 0.153125 0.000111079
3 0.830469 0.804688 0.0140625 0.021875 0.000115138
3 0.275 0.475781 0.021875 0.0609375 0.000116381
3 0.222656 0.707031 0.0359375 0.0484375 0.000116643
2 0.225 0.333594 0.034375 0.0796875 0.000119104
2 0.813281 0.472656 0.0234375 0.0828125 0.000119928
3 0.228906 0.475781 0.0546875 0.0421875 0.000121778
2 0.0179687 0.186719 0.0359375 0.0484375 0.000123795
3 0.770312 0.545313 0.021875 0.01875 0.000123828
1 0.0117188 0.963281 0.0234375 0.0265625 0.000125043
2 0.0101562 0.185156 0.0171875 0.0953125 0.000125043
2 0.222656 0.707031 0.0390625 0.0421875 0.000125635
0 0.576563 0.839063 0.04375 0.06875 0.000127687
2 0.796875 0.410937 0.078125 0.06875 0.000129682
3 0.783594 0.661719 0.0171875 0.0296875 0.000132892
3 0.01875 0.0875 0.0375 0.04375 0.000134917
2 0.223438 0.873438 0.028125 0.071875 0.000137997
1 0.126563 0.174219 0.046875 0.0640625 0.000141756
2 0.227344 0.520312 0.0546875 0.04375 0.00014249
3 0.775781 0.550781 0.0265625 0.0734375 0.000145433
1 0.70625 0.003125 0.046875 0.00625 0.000148549
3 0.244531 0.485156 0.0578125 0.142188 0.000151512
3 0.221094 0.825 0.0390625 0.040625 0.000152473
3 0.796094 0.5625 0.0515625 0.103125 0.000157288
1 0.286719 0.00546875 0.0796875 0.0109375 0.000157761
0 0.607813 0.952344 0.046875 0.0359375 0.000158476
1 0.125781 0.209375 0.0453125 0.05625 0.00016026
2 0.221875 0.707812 0.021875 0.0625 0.000164493
2 0.230469 0.441406 0.0640625 0.0484375 0.000167633
1 0.360938 0.00234375 0.040625 0.0046875 0.000170277
1 0.345313 0.0046875 0.075 0.009375 0.000172494
2 0.978906 0.973437 0.0421875 0.040625 0.000174496
2 0.225 0.553125 0.046875 0.040625 0.00017547
3 0.224219 0.898438 0.0421875 0.040625 0.000176133
3 0.228906 0.477344 0.0296875 0.0703125 0.000176178
1 0.689062 0.003125 0.04375 0.00625 0.000186538
3 0.221875 0.826563 0.021875 0.059375 0.000187374
2 0.797656 0.646094 0.0546875 0.107813 0.000189518
3 0.797656 0.4125 0.0484375 0.103125 0.000190699
3 0.0117188 0.0882813 0.0234375 0.0765625 0.000195998
3 0.258594 0.184375 0.0546875 0.05 0.000203535
3 0.227344 0.521094 0.0296875 0.0703125 0.000208477
3 0.222656 0.633594 0.0359375 0.0453125 0.000212808
1 0.630469 0.003125 0.0453125 0.00625 0.000214617
1 0.38125 0.00234375 0.040625 0.0046875 0.0002167
2 0.9875 0.967188 0.025 0.065625 0.000224767
3 0.223438 0.900781 0.021875 0.0640625 0.00023345
1 0.125781 0.210938 0.0859375 0.028125 0.000238442
1 0.553125 0.003125 0.04375 0.00625 0.000244808
2 0.224219 0.555469 0.0265625 0.0640625 0.00025151
2 0.221875 0.635156 0.021875 0.0578125 0.000266081
2 0.229687 0.442969 0.0375 0.0796875 0.000267734
1 0.667969 0.003125 0.0453125 0.00625 0.00027035
2 0.322656 0.00234375 0.0390625 0.0046875 0.000270585
1 0.422656 0.0046875 0.0734375 0.009375 0.000270978
2 0.917969 0.974219 0.0734375 0.0484375 0.00027183
1 0.323438 0.00234375 0.040625 0.0046875 0.000273271
2 0.221875 0.59375 0.0375 0.0375 0.000295914
1 0.399219 0.00234375 0.0421875 0.0046875 0.000300421
1 0.65 0.003125 0.04375 0.00625 0.000319295
1 0.417969 0.003125 0.0421875 0.00625 0.000323183
2 0.670313 0.003125 0.046875 0.00625 0.000327204
2 0.947656 0.901563 0.0734375 0.15 0.00033493
1 0.439063 0.00234375 0.04375 0.0046875 0.000335442
2 0.917969 0.9625 0.0359375 0.075 0.00033649
1 0.635156 0.00390625 0.0703125 0.0078125 0.000345665
1 0.609375 0.003125 0.04375 0.00625 0.00034675
1 0.574219 0.003125 0.0453125 0.00625 0.000368173
2 0.363281 0.00234375 0.0453125 0.0046875 0.000374487
2 0.221094 0.594531 0.0203125 0.0578125 0.000381376
1 0.475781 0.00234375 0.0421875 0.0046875 0.00039375
2 0.53125 0.00234375 0.04375 0.0046875 0.000404931
2 0.338281 0.00234375 0.0390625 0.0046875 0.000405864
2 0.403906 0.00234375 0.0484375 0.0046875 0.000406962
3 0.221875 0.983594 0.05625 0.0328125 0.00040716
1 0.457031 0.00234375 0.0421875 0.0046875 0.000418768
2 0.495313 0.00234375 0.04375 0.0046875 0.000419032
2 0.632031 0.003125 0.0484375 0.00625 0.000421454
1 0.339844 0.00234375 0.0390625 0.0046875 0.000432407
3 0.282813 0.364062 0.040625 0.09375 0.000442677
1 0.592188 0.003125 0.04375 0.00625 0.000450631
3 0.221875 0.978906 0.03125 0.0421875 0.000451412
1 0.496094 0.00234375 0.0421875 0.0046875 0.00047369
1 0.532031 0.003125 0.0453125 0.00625 0.000474552
1 0.494531 0.00390625 0.0671875 0.0078125 0.000561996
2 0.59375 0.003125 0.046875 0.00625 0.00056387
2 0.441406 0.003125 0.0484375 0.00625 0.000567713
1 0.564062 0.00390625 0.06875 0.0078125 0.000585437
1 0.515625 0.003125 0.04375 0.00625 0.000610712
2 0.557031 0.003125 0.0484375 0.00625 0.000645941
2 0.479688 0.003125 0.046875 0.00625 0.000754887
2 0.221875 0.679688 0.021875 0.05625 0.000766936
2 0.517187 0.003125 0.046875 0.00625 0.000775769
3 0.549219 0.729688 0.0359375 0.021875 0.000938759
0 0.6 0.973437 0.040625 0.03125 0.00119145
2 0.55 0.760156 0.034375 0.0265625 0.0014802
3 0.539844 0.742969 0.0296875 0.0140625 0.00420447
0 0.600781 0.988281 0.0359375 0.0203125 0.00730307
0 0.602344 0.994531 0.0328125 0.0109375 0.0796902
3 0.551562 0.772656 0.034375 0.0234375 0.425035
3 0.541406 0.738281 0.0296875 0.0109375 0.797016
2 0.550781 0.772656 0.0328125 0.0234375 0.862063
