3 0.773438 0.405469 0.025 0.0765625 0.000100417
1 0.0984375 0.2125 0.0375 0.0125 0.000101131
2 0.0179687 0.1875 0.0359375 0.05 0.000101184
2 0.0101562 0.185937 0.0171875 0.096875 0.00010392
2 0.814844 0.385156 0.0234375 0.0890625 0.000104065
1 0.725781 0.00234375 0.0453125 0.0046875 0.00010489
3 0.279687 0.445312 0.021875 0.065625 0.000105212
1 0.702344 0.00390625 0.0828125 0.0078125 0.000106127
3 0.236719 0.415625 0.0671875 0.15 0.000106216
3 0.273438 0.514844 0.021875 0.0578125 0.000106907
2 0.814062 0.620313 0.025 0.096875 0.000106928
0 0.884375 0.342969 0.01875 0.0796875 0.000108501
2 0.978125 0.973437 0.04375 0.040625 0.000108909
1 0.260938 0.003125 0.05 0.00625 0.0001092
0 0.884375 0.34375 0.053125 0.0375 0.000110687
3 0.230469 0.515625 0.0546875 0.04375 0.000111793
3 0.773438 0.628125 0.025 0.071875 0.000111795
2 0.819531 0.303125 0.0265625 0.09375 0.000112132
2 0.795313 0.417969 0.08125 0.0734375 0.00011514
2 0.228125 0.902344 0.028125 0.0796875 0.000115425
1 0.126563 0.174219 0.046875 0.0671875 0.000118389
3 0.786719 0.254687 0.0265625 0.021875 0.000118728
3 0.220313 0.714844 0.021875 0.0609375 0.000120914
3 0.76875 0.619531 0.021875 0.0203125 0.000123134
2 0.223438 0.642187 0.040625 0.04375 0.000123473
3 0.774219 0.445312 0.0265625 0.075 0.000124547
2 0.227344 0.440625 0.0578125 0.046875 0.000126734
2 0.8125 0.5 0.021875 0.090625 0.000130307
1 0.0117188 0.963281 0.0234375 0.0265625 0.000130462
0 0.138281 0.178906 0.0296875 0.0671875 0.000131886
2 0.222656 0.753906 0.0234375 0.0703125 0.000133676
2 0.230469 0.948438 0.0328125 0.071875 0.000136519
2 0.928125 0.339844 0.06875 0.151562 0.000137298
2 0.988281 0.966406 0.0234375 0.0671875 0.000138317
3 0.24375 0.488281 0.059375 0.145313 0.00014193
3 0.285156 0.435156 0.0453125 0.104687 0.00014229
2 0.223438 0.592188 0.0375 0.040625 0.000142786
3 0.258594 0.185156 0.0578125 0.0421875 0.000144568
3 0.224219 0.592188 0.0359375 0.046875 0.000149575
2 0.707812 0.003125 0.05 0.00625 0.000150228
2 0.225781 0.408594 0.0578125 0.0484375 0.000163301
3 0.24375 0.877344 0.05625 0.148438 0.00016413
2 0.296875 0.00234375 0.05 0.0046875 0.000164248
3 0.230469 0.516406 0.0296875 0.0703125 0.000165276
3 0.223438 0.64375 0.025 0.0625 0.000165748
1 0.707031 0.003125 0.0453125 0.00625 0.000165958
3 0.795313 0.419531 0.05 0.110937 0.000166483
0 0.597656 0.964844 0.0390625 0.0484375 0.000167254
3 0.226562 0.980469 0.0625 0.0390625 0.000171244
3 0.0171875 0.0882813 0.034375 0.0421875 0.000172371
3 0.257812 0.185937 0.03125 0.071875 0.000177033
2 0.228125 0.484375 0.05625 0.046875 0.000178617
1 0.125781 0.209375 0.0453125 0.059375 0.000179241
2 0.226562 0.441406 0.03125 0.0765625 0.000184997
3 0.225781 0.975 0.0359375 0.05 0.000185163
1 0.648438 0.003125 0.04375 0.00625 0.000203348
2 0.223438 0.592969 0.021875 0.0609375 0.000204323
2 0.223438 0.783594 0.040625 0.0421875 0.000213153
3 0.223438 0.785156 0.0375 0.0484375 0.000219709
1 0.342969 0.0046875 0.0703125 0.009375 0.000226114
1 0.670313 0.003125 0.04375 0.00625 0.000233905
1 0.29375 0.0046875 0.075 0.009375 0.000236636
1 0.3625 0.00234375 0.040625 0.0046875 0.000238774
1 0.125781 0.211719 0.0859375 0.0296875 0.000239584
2 0.921875 0.973437 0.078125 0.05 0.000241761
2 0.222656 0.828906 0.0421875 0.0453125 0.000248695
3 0.0109375 0.0890625 0.021875 0.071875 0.000249201
2 0.225781 0.410156 0.0328125 0.0765625 0.000255912
2 0.222656 0.785156 0.0234375 0.0640625 0.000282894
1 0.45625 0.00234375 0.04375 0.0046875 0.000295958
1 0.6375 0.00390625 0.06875 0.0078125 0.000296918
2 0.227344 0.485156 0.0328125 0.0734375 0.000297864
2 0.671875 0.003125 0.046875 0.00625 0.000302089
2 0.921875 0.960156 0.0375 0.0796875 0.000313728
1 0.590625 0.003125 0.04375 0.00625 0.000317316
1 0.688281 0.00234375 0.0421875 0.0046875 0.000325436
1 0.399219 0.00234375 0.0421875 0.0046875 0.000330966
1 0.417188 0.00390625 0.06875 0.0078125 0.000340848
1 0.571094 0.003125 0.0453125 0.00625 0.000346289
2 0.570312 0.003125 0.04375 0.00625 0.000346548
1 0.379687 0.00234375 0.040625 0.0046875 0.000382757
1 0.515625 0.00234375 0.04375 0.0046875 0.000398149
2 0.221875 0.830469 0.021875 0.0703125 0.000437775
2 0.225 0.5625 0.028125 0.065625 0.000444005
2 0.338281 0.00234375 0.0390625 0.0046875 0.000464291
1 0.628125 0.003125 0.04375 0.00625 0.000469413
2 0.225781 0.869531 0.0265625 0.0734375 0.000475124
2 0.6125 0.003125 0.04375 0.00625 0.000475794
2 0.632031 0.003125 0.0453125 0.00625 0.000490533
1 0.436719 0.00234375 0.0421875 0.0046875 0.000498494
1 0.494531 0.00234375 0.0421875 0.0046875 0.000514993
1 0.477344 0.00234375 0.0421875 0.0046875 0.00052784
2 0.363281 0.00234375 0.0453125 0.0046875 0.000551955
1 0.419531 0.00234375 0.0421875 0.0046875 0.000637596
2 0.41875 0.00234375 0.040625 0.0046875 0.000648868
1 0.498437 0.00390625 0.065625 0.0078125 0.000671219
2 0.440625 0.00234375 0.046875 0.0046875 0.000681822
1 0.561719 0.00390625 0.0640625 0.0078125 0.000684622
2 0.59375 0.003125 0.046875 0.00625 0.000686033
2 0.534375 0.003125 0.04375 0.00625 0.000723991
2 0.480469 0.00234375 0.0453125 0.0046875 0.000742346
2 0.403906 0.00234375 0.0453125 0.0046875 0.000798196
0 0.603906 0.989062 0.0359375 0.01875 0.000945985
2 0.322656 0.003125 0.0390625 0.00625 0.000947494
2 0.553125 0.003125 0.046875 0.00625 0.000980659
2 0.51875 0.003125 0.046875 0.00625 0.00115149
2 0.55 0.801562 0.0375 0.025 0.00381571
0 0.605469 0.995313 0.0328125 0.009375 0.0143562
1 0.605469 0.995313 0.0328125 0.009375 0.0259948
3 0.552344 0.810156 0.0359375 0.0234375 0.341673
3 0.540625 0.778125 0.03125 0.0125 0.789204
2 0.551562 0.810938 0.034375 0.025 0.861227
