1 0.671094 0.003125 0.0515625 0.00625 0.000102352
1 0.0984375 0.213281 0.0375 0.0109375 0.000102528
3 0.792188 0.940625 0.053125 0.090625 0.000102698
1 0.0132813 0.583594 0.0265625 0.164062 0.000103098
2 0.875781 0.164844 0.107813 0.160938 0.000103206
3 0.236719 0.407813 0.0640625 0.146875 0.000103282
2 0.815625 0.808594 0.059375 0.0484375 0.000103408
3 0.225 0.673437 0.040625 0.053125 0.000103526
1 0.0992187 0.190625 0.0390625 0.0125 0.000104833
1 0.125781 0.176563 0.0484375 0.065625 0.000105115
2 0.815625 0.845312 0.025 0.096875 0.000105373
1 0.379687 0.00234375 0.0375 0.0046875 0.000106674
2 0.228125 0.942187 0.0375 0.075 0.000107145
3 0.226562 0.478125 0.05625 0.04375 0.0001073
2 0.872656 0.771094 0.0921875 0.154687 0.000108405
1 0.648438 0.00234375 0.040625 0.0046875 0.000108689
0 0.626562 0.721875 0.053125 0.065625 0.000109836
2 0.817969 0.76875 0.0578125 0.046875 0.000110103
2 0.892969 0.214062 0.0234375 0.0625 0.000110105
3 0.228906 0.358594 0.0359375 0.0765625 0.000110176
1 0.0125 0.503906 0.025 0.164062 0.000111139
0 0.141406 0.148438 0.0359375 0.071875 0.000111872
3 0.94375 0.904688 0.1125 0.09375 0.000113569
1 0.3375 0.0046875 0.075 0.009375 0.000115959
1 0.28125 0.00546875 0.084375 0.0109375 0.000115974
2 0.0179687 0.1875 0.0359375 0.05 0.000116682
3 0.224219 0.864844 0.0265625 0.0765625 0.000118196
2 0.900781 0.114844 0.0328125 0.0984375 0.000119174
3 0.282031 0.427344 0.0390625 0.101562 0.000120056
2 0.910937 0.203125 0.03125 0.09375 0.000121324
2 0.0101562 0.185937 0.0171875 0.096875 0.00012211
1 0.0117188 0.964063 0.0234375 0.028125 0.000122868
3 0.225 0.978906 0.071875 0.0421875 0.000123646
2 0.894531 0.214844 0.0515625 0.0296875 0.000124303
3 0.890625 0.0882813 0.040625 0.0890625 0.000125046
2 0.816406 0.807031 0.0234375 0.0953125 0.000128702
2 0.81875 0.767969 0.025 0.0921875 0.00012941
3 0.224219 0.973437 0.0390625 0.053125 0.000129689
1 0.617969 0.989062 0.0359375 0.01875 0.000131229
1 0.572656 0.00234375 0.0421875 0.0046875 0.000131649
3 0.226562 0.711719 0.040625 0.0515625 0.000133255
2 0.225781 0.710938 0.0421875 0.04375 0.000134425
3 0.777344 0.173438 0.0140625 0.03125 0.000137262
3 0.855469 0.496875 0.0296875 0.040625 0.00013832
3 0.0117188 0.0867188 0.0234375 0.0765625 0.000139808
1 0.3375 0.00234375 0.0375 0.0046875 0.000142233
3 0.226562 0.480469 0.03125 0.0703125 0.000143805
2 0.225 0.55625 0.046875 0.04375 0.000144187
2 0.223438 0.629687 0.040625 0.04375 0.000146501
3 0.223438 0.629687 0.0375 0.05 0.000146541
3 0.264062 0.154687 0.05625 0.05 0.000146748
3 0.164062 0.255469 0.078125 0.107813 0.000147666
2 0.223438 0.675 0.025 0.06875 0.000149549
3 0.797656 0.13125 0.0921875 0.15 0.000150888
2 0.914062 0.133594 0.028125 0.0953125 0.000156285
2 0.985937 0.0867188 0.028125 0.0921875 0.000156485
0 0.628906 0.666406 0.0453125 0.0296875 0.000162069
0 0.629687 0.69375 0.053125 0.075 0.000164975
1 0.125781 0.210156 0.0453125 0.0546875 0.000166476
2 0.224219 0.785156 0.0421875 0.0453125 0.000167025
3 0.263281 0.155469 0.0296875 0.0734375 0.000167366
2 0.225781 0.826563 0.0484375 0.046875 0.000171404
1 0.632031 0.003125 0.0484375 0.00625 0.000176206
2 0.225 0.711719 0.025 0.0671875 0.000177346
0 0.625 0.742969 0.040625 0.0296875 0.000181672
1 0.610156 0.00234375 0.0421875 0.0046875 0.000182549
1 0.455469 0.00234375 0.0421875 0.0046875 0.000183476
2 0.921094 0.171094 0.0703125 0.0453125 0.000183909
3 0.285156 0.286719 0.0484375 0.107813 0.000187687
2 0.228125 0.411719 0.065625 0.0484375 0.000188517
1 0.419531 0.00234375 0.0390625 0.0046875 0.000191215
1 0.6375 0.003125 0.075 0.00625 0.000191779
3 0.876562 0.500781 0.03125 0.0234375 0.00019225
1 0.361719 0.00234375 0.0453125 0.0046875 0.00019727
3 0.224219 0.558594 0.0265625 0.0671875 0.000199579
0 0.627344 0.735156 0.0328125 0.0265625 0.000203078
2 0.222656 0.630469 0.0234375 0.0671875 0.000208303
1 0.424219 0.003125 0.0703125 0.00625 0.000210347
1 0.321875 0.00234375 0.0375 0.0046875 0.000210859
1 0.475 0.00234375 0.040625 0.0046875 0.000217756
3 0.28125 0.35625 0.0375 0.096875 0.000219331
1 0.126563 0.2125 0.084375 0.028125 0.00022174
2 0.320312 0.00234375 0.0375 0.0046875 0.000222229
1 0.532812 0.00234375 0.040625 0.0046875 0.000226665
0 0.626562 0.711719 0.040625 0.0265625 0.000233025
2 0.222656 0.786719 0.0234375 0.0703125 0.00024156
2 0.920313 0.16875 0.03125 0.09375 0.000244204
2 0.813281 0.885156 0.0609375 0.0453125 0.000247854
1 0.557031 0.00234375 0.0484375 0.0046875 0.000257154
1 0.591406 0.00234375 0.0421875 0.0046875 0.000260874
2 0.949219 0.904688 0.0703125 0.15 0.000264628
2 0.225781 0.827344 0.0265625 0.0734375 0.000264738
2 0.227344 0.413281 0.0359375 0.0796875 0.000271956
2 0.814062 0.882812 0.025 0.090625 0.000271998
1 0.496094 0.00234375 0.0390625 0.0046875 0.00027233
1 0.442187 0.00234375 0.046875 0.0046875 0.000291332
2 0.822656 0.259375 0.0640625 0.040625 0.000299425
0 0.63125 0.6 0.034375 0.046875 0.000299618
1 0.514063 0.00234375 0.040625 0.0046875 0.000312338
2 0.223438 0.748438 0.025 0.06875 0.000322755
1 0.404687 0.00234375 0.04375 0.0046875 0.00033931
2 0.480469 0.00234375 0.0453125 0.0046875 0.000351579
2 0.516406 0.00234375 0.0453125 0.0046875 0.000361142
2 0.824219 0.257812 0.0265625 0.084375 0.000362218
1 0.566406 0.003125 0.0703125 0.00625 0.000372691
2 0.914844 0.973437 0.0734375 0.046875 0.000373606
2 0.223438 0.517187 0.028125 0.065625 0.000443137
2 0.225 0.599219 0.025 0.0671875 0.000462734
2 0.914062 0.9625 0.0375 0.075 0.000465403
1 0.491406 0.003125 0.0671875 0.00625 0.00046685
0 0.652344 0.515625 0.0421875 0.028125 0.000705786
0 0.635156 0.648438 0.0359375 0.028125 0.00109031
3 0.892187 0.205469 0.071875 0.0578125 0.00153189
2 0.891406 0.20625 0.0890625 0.05 0.00176477
0 0.655469 0.546094 0.0453125 0.0484375 0.00217996
3 0.86875 0.502344 0.0375 0.0609375 0.00231489
0 0.638281 0.625 0.0296875 0.025 0.0032381
0 0.635156 0.636719 0.0328125 0.0234375 0.00435313
3 0.857813 0.478906 0.028125 0.0265625 0.00534723
0 0.642969 0.589844 0.0328125 0.0296875 0.00883368
0 0.642969 0.573438 0.0328125 0.046875 0.0124566
0 0.639063 0.614844 0.03125 0.0265625 0.0158026
0 0.651563 0.526563 0.0375 0.025 0.0183915
0 0.639844 0.604688 0.0359375 0.025 0.0194139
1 0.617188 0.995313 0.03125 0.00625 0.102853
0 0.647656 0.55 0.0328125 0.025 0.122702
3 0.836719 0.471094 0.0328125 0.0328125 0.463452
0 0.650781 0.539062 0.0359375 0.025 0.705093
3 0.866406 0.489844 0.0234375 0.0265625 0.781894
2 0.836719 0.471094 0.0328125 0.0328125 0.872577
