3 0.224219 0.407813 0.0390625 0.05 0.000100115
3 0.221875 0.597656 0.01875 0.0546875 0.000100208
1 0.0984375 0.189844 0.040625 0.0109375 0.000100364
3 0.223438 0.444531 0.021875 0.0671875 0.000101085
3 0.258594 0.15 0.0578125 0.046875 0.000102176
1 0.720312 0.003125 0.06875 0.00625 0.000102813
1 0.0132813 0.583594 0.0265625 0.164062 0.000104128
3 0.222656 0.517969 0.0390625 0.0390625 0.000104212
1 0.726562 0.00234375 0.0375 0.0046875 0.000105919
3 0.257031 0.150781 0.0265625 0.0765625 0.000107997
1 0.028125 0.003125 0.03125 0.00625 0.000110489
2 0.51875 0.003125 0.0375 0.00625 0.00011199
3 0.925781 0.591406 0.0671875 0.148438 0.000112681
3 0.221875 0.946094 0.053125 0.107813 0.000114044
0 0.886719 0.65625 0.0171875 0.084375 0.000115215
3 0.925781 0.521875 0.0703125 0.146875 0.000115725
3 0.217187 0.902344 0.0375 0.0328125 0.000116123
1 0.0109375 0.964063 0.021875 0.025 0.000116262
1 0.979688 0.974219 0.040625 0.0453125 0.000117048
3 0.224219 0.478125 0.0421875 0.040625 0.000119228
2 0.978125 0.974219 0.04375 0.0359375 0.000120727
0 0.614844 0.779688 0.0296875 0.025 0.00012077
3 0.221094 0.557813 0.0203125 0.0625 0.000121406
0 0.890625 0.590625 0.040625 0.05625 0.000122355
1 0.124219 0.208594 0.0453125 0.0578125 0.00012511
0 0.617969 0.753906 0.0421875 0.0296875 0.000125506
1 0.127344 0.174219 0.0890625 0.0328125 0.000132036
0 0.142969 0.125 0.0265625 0.0875 0.000134953
2 0.9875 0.96875 0.025 0.0625 0.000139335
2 0.810938 0.811719 0.025 0.0859375 0.00013954
3 0.222656 0.51875 0.0203125 0.059375 0.000141916
0 0.619531 0.854688 0.0390625 0.03125 0.000142011
1 0.282031 0.0046875 0.0671875 0.009375 0.000144188
3 0.216406 0.903906 0.0203125 0.0515625 0.000146119
1 0.127344 0.174219 0.0484375 0.0609375 0.000148241
2 0.224219 0.408594 0.0234375 0.0671875 0.000148574
1 0.928906 0.729688 0.0640625 0.15 0.000151941
3 0.223438 0.479688 0.021875 0.065625 0.000159375
0 0.890625 0.591406 0.015625 0.0828125 0.000160085
1 0.711719 0.00234375 0.0453125 0.0046875 0.000163749
0 0.617188 0.826563 0.03125 0.025 0.000165028
3 0.925 0.65625 0.071875 0.103125 0.000165172
3 0.688281 0.238281 0.0453125 0.0328125 0.000166933
0 0.621875 0.853125 0.053125 0.0625 0.000168529
2 0.633594 0.00234375 0.0421875 0.0046875 0.000170386
1 0.345313 0.003125 0.059375 0.00625 0.000171677
0 0.146875 0.122656 0.025 0.0265625 0.000174468
0 0.642969 0.330469 0.0484375 0.0359375 0.000174696
1 0.641406 0.00234375 0.0609375 0.0046875 0.000189167
1 0.6875 0.00234375 0.0375 0.0046875 0.000194204
1 0.125 0.209375 0.0875 0.028125 0.000194591
3 0.217969 0.983594 0.0515625 0.0296875 0.000195523
0 0.611719 0.507812 0.0421875 0.0375 0.000197499
3 0.217969 0.978906 0.0265625 0.0421875 0.000204652
0 0.138281 0.0851562 0.0328125 0.0890625 0.000221742
0 0.617188 0.660937 0.040625 0.03125 0.000227835
2 0.925 0.657031 0.059375 0.145313 0.000247289
1 0.41875 0.00234375 0.034375 0.0046875 0.000262384
0 0.614844 0.638281 0.0359375 0.0265625 0.000272516
1 0.430469 0.00234375 0.0578125 0.0046875 0.000279359
1 0.649219 0.00234375 0.0359375 0.0046875 0.000281205
0 0.617188 0.8 0.075 0.05625 0.000284697
1 0.379687 0.00234375 0.034375 0.0046875 0.000285598
1 0.671875 0.00234375 0.04375 0.0046875 0.000288634
0 0.619531 0.805469 0.0484375 0.101562 0.000322249
3 0.015625 0.0875 0.03125 0.04375 0.000322831
2 0.913281 0.972656 0.0671875 0.0421875 0.000335686
1 0.609375 0.00234375 0.0375 0.0046875 0.000343434
1 0.56875 0.00234375 0.059375 0.0046875 0.00035001
2 0.219531 0.942969 0.0203125 0.0546875 0.000365292
2 0.571875 0.00234375 0.0375 0.0046875 0.000366368
1 0.632031 0.00234375 0.0421875 0.0046875 0.000374498
1 0.495313 0.00234375 0.05625 0.0046875 0.00037465
1 0.321094 0.00234375 0.0328125 0.0046875 0.000390532
2 0.9125 0.965625 0.03125 0.06875 0.000398334
1 0.3625 0.0015625 0.040625 0.003125 0.000402248
2 0.321094 0.00234375 0.0328125 0.0046875 0.000404313
1 0.571875 0.00234375 0.0375 0.0046875 0.00042054
1 0.338281 0.00234375 0.0328125 0.0046875 0.000427542
0 0.614844 0.525 0.0328125 0.028125 0.000436438
1 0.494531 0.00234375 0.0359375 0.0046875 0.000440897
3 0.0101562 0.0882813 0.0203125 0.0703125 0.000445553
1 0.439063 0.00234375 0.0375 0.0046875 0.000493466
1 0.590625 0.00234375 0.0375 0.0046875 0.000503051
1 0.474219 0.00234375 0.0359375 0.0046875 0.000506156
1 0.404687 0.00234375 0.040625 0.0046875 0.000530604
0 0.617969 0.814062 0.0328125 0.028125 0.000555697
2 0.592969 0.00234375 0.0421875 0.0046875 0.00057423
2 0.686719 0.240625 0.0328125 0.025 0.000582343
0 0.614844 0.799219 0.0296875 0.0234375 0.000584514
1 0.551562 0.00234375 0.0375 0.0046875 0.000590766
1 0.534375 0.00234375 0.0375 0.0046875 0.000612565
2 0.442187 0.00234375 0.040625 0.0046875 0.000735001
1 0.517969 0.00234375 0.0421875 0.0046875 0.000756748
2 0.55625 0.00234375 0.040625 0.0046875 0.000831042
2 0.454688 0.00234375 0.0375 0.0046875 0.000863993
2 0.476562 0.00234375 0.040625 0.0046875 0.000890592
3 0.672656 0.257031 0.0328125 0.0265625 0.000911262
0 0.617188 0.616406 0.0375 0.0515625 0.000964186
0 0.613281 0.622656 0.0296875 0.0234375 0.000989292
0 0.614062 0.607031 0.03125 0.0265625 0.00150234
1 0.625781 0.994531 0.0296875 0.0109375 0.00197939
0 0.614062 0.575781 0.03125 0.0296875 0.00331296
0 0.614062 0.564062 0.03125 0.03125 0.00494241
1 0.622656 0.996875 0.0265625 0.00625 0.115528
3 0.671094 0.271875 0.0328125 0.03125 0.43049
0 0.614062 0.546094 0.03125 0.0234375 0.725905
3 0.683594 0.242188 0.0265625 0.01875 0.832447
2 0.671094 0.272656 0.0328125 0.0296875 0.890975
