3 0.14375 0.123438 0.028125 0.090625 0.00010085
2 0.0179687 0.1875 0.0359375 0.05 0.000101576
3 0.242969 0.490625 0.107813 0.084375 0.000101848
3 0.226562 0.325 0.05 0.04375 0.000101872
1 0.0125 0.584375 0.025 0.1625 0.000103733
2 0.225 0.403125 0.05625 0.04375 0.00010404
1 0.0125 0.503906 0.025 0.164062 0.000105927
2 0.0101562 0.185937 0.0171875 0.096875 0.000106495
1 0.126563 0.172656 0.046875 0.0671875 0.000106565
0 0.617969 0.896094 0.0484375 0.0328125 0.000107051
0 0.139844 0.142188 0.0296875 0.075 0.000108338
2 0.926562 0.800781 0.06875 0.148438 0.000109131
1 0.521875 0.103125 0.059375 0.021875 0.00011129
1 0.339063 0.00234375 0.034375 0.0046875 0.000111659
3 0.275 0.329688 0.021875 0.0625 0.000112378
0 0.897656 0.0875 0.0296875 0.034375 0.00011312
1 0.28125 0.00546875 0.08125 0.0109375 0.00011376
0 0.614062 0.641406 0.05625 0.0296875 0.000113907
2 0.222656 0.750781 0.0234375 0.0703125 0.000117231
2 0.871875 0.732813 0.096875 0.1625 0.000118819
2 0.909375 0.132812 0.028125 0.09375 0.00011963
0 0.614844 0.958594 0.0296875 0.0421875 0.000120229
1 0.378906 0.00234375 0.0359375 0.0046875 0.000121333
1 0.346094 0.0046875 0.0703125 0.009375 0.000123296
3 0.263281 0.151562 0.0578125 0.05 0.000123577
1 0.0125 0.964063 0.025 0.028125 0.000124343
2 0.9875 0.967188 0.025 0.065625 0.000124958
2 0.224219 0.673437 0.0421875 0.04375 0.000126615
3 0.2625 0.151562 0.028125 0.075 0.000130201
3 0.26875 0.183594 0.05 0.0421875 0.000131841
0 0.888281 0.300781 0.0171875 0.0734375 0.000131887
0 0.609375 0.682031 0.053125 0.0359375 0.000133016
3 0.274219 0.560938 0.0203125 0.053125 0.00013401
1 0.319531 0.00234375 0.0359375 0.0046875 0.000134819
1 0.4875 0.103906 0.05625 0.0203125 0.000135728
2 0.225 0.634375 0.040625 0.04375 0.000139754
2 0.884375 0.709375 0.05 0.04375 0.000141202
1 0.882031 0.163281 0.0765625 0.0359375 0.000141294
3 0.225 0.404687 0.028125 0.075 0.000142658
0 0.888281 0.301562 0.0453125 0.0375 0.0001456
2 0.226562 0.596094 0.046875 0.0453125 0.000146119
1 0.125781 0.210938 0.0453125 0.05625 0.000146476
3 0.225781 0.327344 0.0265625 0.0703125 0.00014781
2 0.635156 0.00234375 0.0421875 0.0046875 0.000148625
2 0.226562 0.446875 0.05 0.046875 0.000149561
0 0.614844 0.9875 0.0359375 0.01875 0.000150715
3 0.224219 0.891406 0.0515625 0.0390625 0.000160164
0 0.628125 0.698438 0.053125 0.1 0.000162136
3 0.917188 0.73125 0.075 0.1 0.000162149
2 0.884375 0.709375 0.021875 0.078125 0.000165536
2 0.228125 0.365625 0.059375 0.046875 0.000167784
2 0.240625 0.878125 0.053125 0.15 0.000168094
2 0.908594 0.205469 0.0578125 0.0390625 0.000168965
3 0.26875 0.185156 0.028125 0.0671875 0.0001695
1 0.417969 0.00234375 0.0359375 0.0046875 0.000171163
2 0.224219 0.675781 0.0234375 0.0671875 0.00017308
2 0.909375 0.171094 0.0625 0.0421875 0.000173884
0 0.658594 0.526563 0.0453125 0.0375 0.000177093
3 0.24375 0.492188 0.05625 0.140625 0.000178353
0 0.614062 0.850781 0.046875 0.0640625 0.000182341
2 0.222656 0.946875 0.0765625 0.046875 0.000183069
3 0.224219 0.89375 0.0265625 0.065625 0.000183255
3 0.942187 0.909375 0.115625 0.09375 0.000183879
1 0.609375 0.00234375 0.040625 0.0046875 0.000191533
2 0.884375 0.221875 0.09375 0.15 0.000198225
2 0.224219 0.635938 0.0234375 0.065625 0.000201657
3 0.0179687 0.0890625 0.0359375 0.04375 0.00020333
3 0.764844 0.128125 0.0203125 0.025 0.000203683
1 0.364844 0.00234375 0.0453125 0.0046875 0.000204707
2 0.227344 0.940625 0.0671875 0.11875 0.000204954
1 0.127344 0.2125 0.0828125 0.028125 0.000208235
2 0.225781 0.596875 0.0265625 0.06875 0.000210365
3 0.225781 0.973437 0.0671875 0.0375 0.000212446
2 0.908594 0.203125 0.0265625 0.08125 0.000221382
1 0.667188 0.00234375 0.0375 0.0046875 0.000222976
0 0.885156 0.0773437 0.0484375 0.0421875 0.000227604
2 0.226562 0.449219 0.028125 0.0734375 0.000229838
2 0.228125 0.367188 0.03125 0.075 0.00023209
2 0.223438 0.789062 0.040625 0.046875 0.000236164
1 0.553125 0.00234375 0.040625 0.0046875 0.00023811
2 0.229687 0.871875 0.053125 0.05 0.000239937
2 0.910156 0.169531 0.0296875 0.0859375 0.000240631
1 0.43125 0.003125 0.065625 0.00625 0.000242043
2 0.91875 0.732813 0.0625 0.14375 0.000246357
3 0.225781 0.971094 0.0359375 0.0578125 0.000252804
1 0.636719 0.00234375 0.0640625 0.0046875 0.000259416
1 0.457031 0.00234375 0.0390625 0.0046875 0.000268938
0 0.613281 0.830469 0.0359375 0.0296875 0.000270867
2 0.480469 0.00234375 0.0421875 0.0046875 0.000286331
3 0.0117188 0.0890625 0.0234375 0.071875 0.000294261
1 0.634375 0.00234375 0.04375 0.0046875 0.000308952
1 0.589844 0.00234375 0.0390625 0.0046875 0.000309264
2 0.649219 0.00234375 0.0390625 0.0046875 0.000310016
1 0.65 0.00234375 0.040625 0.0046875 0.000312697
1 0.532031 0.00234375 0.0390625 0.0046875 0.000317271
1 0.613281 0.989062 0.0328125 0.01875 0.000341041
2 0.225 0.474219 0.04375 0.0453125 0.000342774
1 0.404687 0.00234375 0.04375 0.0046875 0.000344245
2 0.225781 0.826563 0.0453125 0.046875 0.000345217
2 0.224219 0.7125 0.0234375 0.065625 0.000347653
2 0.223438 0.789844 0.021875 0.0703125 0.000349121
0 0.610156 0.694531 0.0421875 0.0765625 0.000352565
2 0.494531 0.00234375 0.0390625 0.0046875 0.000353087
1 0.572656 0.00234375 0.0390625 0.0046875 0.00035628
2 0.91875 0.974219 0.075 0.0453125 0.000367078
1 0.495313 0.00234375 0.0375 0.0046875 0.000372794
2 0.592969 0.00234375 0.0453125 0.0046875 0.000373045
2 0.228906 0.872656 0.0296875 0.0765625 0.000377031
1 0.566406 0.00234375 0.0609375 0.0046875 0.000390387
1 0.513281 0.00234375 0.0390625 0.0046875 0.000390691
2 0.91875 0.963281 0.034375 0.0734375 0.000404522
2 0.944531 0.909375 0.0703125 0.146875 0.000406383
1 0.44375 0.00234375 0.04375 0.0046875 0.000424216
2 0.55625 0.00234375 0.04375 0.0046875 0.000475848
1 0.497656 0.003125 0.0578125 0.00625 0.000501003
2 0.225 0.475781 0.025 0.0671875 0.000506221
2 0.224219 0.95 0.0328125 0.065625 0.000525263
2 0.226562 0.559375 0.025 0.0625 0.000539129
2 0.225781 0.828125 0.0265625 0.071875 0.000558428
2 0.517187 0.00234375 0.04375 0.0046875 0.000574928
1 0.480469 0.00234375 0.0421875 0.0046875 0.000599995
0 0.614844 0.73125 0.0328125 0.03125 0.000603203
0 0.6125 0.808594 0.0375 0.0359375 0.000759704
2 0.224219 0.522656 0.0234375 0.0640625 0.000829067
0 0.6125 0.794531 0.03125 0.0265625 0.000834629
0 0.614062 0.74375 0.03125 0.034375 0.002797
3 0.682813 0.422656 0.028125 0.0171875 0.00387994
0 0.6125 0.766406 0.03125 0.0265625 0.0132801
1 0.614844 0.996094 0.0296875 0.0078125 0.0593542
3 0.671875 0.460156 0.034375 0.0265625 0.331839
0 0.6125 0.757031 0.03125 0.0234375 0.718239
3 0.683594 0.428125 0.0296875 0.015625 0.780714
2 0.671875 0.460938 0.03125 0.025 0.847176
