2 0.220313 0.597656 0.04375 0.0421875 0.000100498
3 0.225 0.403125 0.04375 0.040625 0.000100502
1 0.980469 0.0164062 0.0328125 0.0328125 0.000101292
2 0.813281 0.464063 0.0234375 0.0875 0.000101541
2 0.01875 0.185937 0.0375 0.05 0.000102067
2 0.0101562 0.184375 0.0171875 0.1 0.000102289
2 0.892969 0.199219 0.0296875 0.0890625 0.000102298
2 0.9875 0.966406 0.025 0.0671875 0.000102648
2 0.886719 0.19375 0.0328125 0.034375 0.000103069
3 0.24375 0.4875 0.0625 0.146875 0.000104256
3 0.775781 0.446094 0.0421875 0.0484375 0.000105377
2 0.709375 0.003125 0.053125 0.00625 0.000107301
3 0.225 0.982031 0.06875 0.0359375 0.000107311
3 0.219531 0.786719 0.0234375 0.0640625 0.000109854
3 0.879687 0.163281 0.065625 0.0484375 0.000110471
2 0.220313 0.834375 0.040625 0.040625 0.000112334
2 0.223438 0.332812 0.059375 0.04375 0.000112602
1 0.0289063 0.003125 0.0328125 0.00625 0.0001134
0 0.139844 0.232031 0.0359375 0.0859375 0.000113921
2 0.909375 0.24375 0.028125 0.084375 0.000114477
2 0.907812 0.278906 0.059375 0.0328125 0.000116007
2 0.885938 0.209375 0.1375 0.103125 0.000116671
0 0.614844 0.897656 0.0484375 0.0328125 0.000117219
1 0.221094 0.003125 0.0484375 0.00625 0.000117385
1 0.0148437 0.964844 0.0296875 0.0265625 0.000117457
3 0.771875 0.467969 0.021875 0.0703125 0.000117861
2 0.878906 0.1625 0.0328125 0.084375 0.000118665
3 0.766406 0.104687 0.0390625 0.021875 0.000118755
0 0.885156 0.155469 0.0421875 0.0921875 0.000120396
2 0.907812 0.277344 0.028125 0.0734375 0.000121975
3 0.225 0.975781 0.034375 0.0484375 0.000122494
2 0.220313 0.75 0.040625 0.040625 0.000126806
0 0.145313 0.108594 0.046875 0.0484375 0.000126964
3 0.224219 0.403906 0.0234375 0.0671875 0.000129891
3 0.219531 0.598437 0.0234375 0.0625 0.000130366
3 0.222656 0.867969 0.0234375 0.0734375 0.000131289
3 0.0171875 0.0867188 0.034375 0.0421875 0.000133932
1 0.303906 0.003125 0.0421875 0.00625 0.000134611
2 0.226562 0.905469 0.028125 0.0734375 0.000137338
3 0.939844 0.903906 0.117188 0.0921875 0.000137615
1 0.126563 0.2125 0.0875 0.034375 0.000151765
2 0.222656 0.335156 0.0328125 0.0703125 0.000154048
1 0.125781 0.211719 0.0453125 0.0640625 0.000154938
2 0.219531 0.835938 0.0234375 0.0625 0.000159087
2 0.25625 0.00234375 0.05 0.0046875 0.000160362
1 0.66875 0.003125 0.04375 0.00625 0.000161266
1 0.264844 0.00234375 0.0421875 0.0046875 0.000163345
3 0.775 0.447656 0.021875 0.0703125 0.000163612
2 0.883594 0.232812 0.0328125 0.03125 0.000166606
3 0.776563 0.453125 0.0125 0.025 0.000167827
0 0.153125 0.255469 0.078125 0.107813 0.000168315
2 0.220313 0.750781 0.021875 0.0609375 0.00016873
2 0.907812 0.20625 0.04375 0.040625 0.000170127
3 0.286719 0.355469 0.0484375 0.107813 0.000172699
0 0.608594 0.86875 0.0359375 0.028125 0.000173925
2 0.223438 0.516406 0.04375 0.0421875 0.000174644
1 0.707031 0.00234375 0.0453125 0.0046875 0.000177518
3 0.223438 0.517969 0.040625 0.0484375 0.000179806
0 0.148438 0.145313 0.034375 0.034375 0.000180452
3 0.0109375 0.0875 0.021875 0.075 0.000185559
1 0.689062 0.00234375 0.04375 0.0046875 0.000192748
3 0.21875 0.678125 0.021875 0.059375 0.000194381
3 0.514063 0.664844 0.03125 0.0328125 0.000195286
0 0.142188 0.123438 0.03125 0.084375 0.00019682
1 0.923437 0.655469 0.05625 0.139062 0.000196987
0 0.60625 0.771094 0.03125 0.0234375 0.000197073
3 0.21875 0.634375 0.021875 0.05625 0.000204047
3 0.922656 0.653906 0.0671875 0.0953125 0.000207951
1 0.285156 0.00546875 0.0734375 0.0109375 0.000208143
2 0.884375 0.245312 0.05625 0.046875 0.000213515
0 0.614062 0.9875 0.034375 0.01875 0.00021701
3 0.765625 0.328125 0.015625 0.021875 0.000223658
0 0.613281 0.957031 0.0328125 0.0328125 0.000227476
2 0.914844 0.973437 0.0734375 0.046875 0.000230985
2 0.21875 0.711719 0.021875 0.0578125 0.000234134
2 0.222656 0.517969 0.0234375 0.0640625 0.00025068
2 0.671094 0.003125 0.0484375 0.00625 0.000258173
1 0.361719 0.00234375 0.0421875 0.0046875 0.000259154
2 0.294531 0.00234375 0.0484375 0.0046875 0.000266567
2 0.914844 0.961719 0.0359375 0.0765625 0.000271126
3 0.194531 0.382031 0.0265625 0.0203125 0.00027894
0 0.142969 0.149219 0.0359375 0.0671875 0.000284848
1 0.6125 0.989062 0.034375 0.01875 0.000289465
2 0.907812 0.20625 0.025 0.065625 0.000297446
0 0.538281 0.784375 0.0640625 0.109375 0.000309329
2 0.942969 0.903125 0.0703125 0.146875 0.000315963
2 0.220313 0.561719 0.021875 0.0609375 0.000324917
1 0.338281 0.0046875 0.0703125 0.009375 0.000325529
1 0.647656 0.00234375 0.0453125 0.0046875 0.000326556
1 0.572656 0.003125 0.0453125 0.00625 0.000340493
1 0.553125 0.003125 0.046875 0.00625 0.000353204
1 0.632031 0.00390625 0.0703125 0.0078125 0.000359378
1 0.41875 0.0046875 0.071875 0.009375 0.000363142
3 0.476562 0.711719 0.021875 0.0296875 0.000372121
1 0.41875 0.003125 0.04375 0.00625 0.000395242
2 0.225 0.444531 0.040625 0.0421875 0.000397553
1 0.382031 0.00234375 0.0421875 0.0046875 0.000412301
3 0.779688 0.460938 0.015625 0.025 0.00041885
1 0.438281 0.00234375 0.0453125 0.0046875 0.000444473
1 0.628906 0.003125 0.0453125 0.00625 0.000457321
1 0.475781 0.00234375 0.0453125 0.0046875 0.000469744
3 0.771875 0.452344 0.015625 0.0140625 0.000475296
0 0.609375 0.853906 0.03125 0.0453125 0.000483775
2 0.45625 0.00234375 0.04375 0.0046875 0.000492741
2 0.532031 0.00234375 0.0453125 0.0046875 0.000511352
3 0.224219 0.446094 0.0234375 0.0609375 0.000517142
1 0.457031 0.003125 0.0453125 0.00625 0.000531859
2 0.629687 0.003125 0.046875 0.00625 0.000539361
1 0.397656 0.003125 0.0421875 0.00625 0.000544386
1 0.532812 0.003125 0.04375 0.00625 0.000549924
1 0.496875 0.003125 0.04375 0.00625 0.000554061
1 0.592969 0.003125 0.0453125 0.00625 0.000555806
2 0.496094 0.00234375 0.0453125 0.0046875 0.00056189
2 0.224219 0.482031 0.0234375 0.0640625 0.00056455
1 0.514844 0.003125 0.0453125 0.00625 0.000687998
2 0.610937 0.00234375 0.04375 0.0046875 0.000691692
1 0.492969 0.00390625 0.0671875 0.0078125 0.000715152
2 0.361719 0.00234375 0.0453125 0.0046875 0.000726506
1 0.610937 0.003125 0.04375 0.00625 0.000749711
1 0.566406 0.00390625 0.0671875 0.0078125 0.000779733
2 0.557031 0.003125 0.0484375 0.00625 0.000784128
2 0.403125 0.003125 0.046875 0.00625 0.000800024
2 0.4875 0.671094 0.025 0.0296875 0.000801549
2 0.442187 0.003125 0.046875 0.00625 0.000834434
0 0.603906 0.81875 0.0359375 0.025 0.000879954
2 0.891406 0.215625 0.0296875 0.034375 0.00092885
2 0.595312 0.003125 0.046875 0.00625 0.000931553
2 0.3375 0.003125 0.040625 0.00625 0.000984054
2 0.910937 0.213281 0.065625 0.132812 0.00101276
2 0.517187 0.003125 0.046875 0.00625 0.00110845
2 0.480469 0.003125 0.0453125 0.00625 0.00116181
2 0.510938 0.696094 0.05 0.0546875 0.00131506
2 0.322656 0.00234375 0.0421875 0.0046875 0.00153007
0 0.595312 0.772656 0.034375 0.0296875 0.00174875
2 0.885938 0.214062 0.059375 0.040625 0.00186495
0 0.607813 0.841406 0.034375 0.0296875 0.00200868
2 0.885938 0.219531 0.025 0.0734375 0.00244276
2 0.886719 0.239844 0.0703125 0.135937 0.00333157
0 0.603906 0.803125 0.0328125 0.0375 0.00429079
0 0.598437 0.753125 0.034375 0.028125 0.004316
0 0.60625 0.829687 0.034375 0.028125 0.00474194
0 0.601562 0.780469 0.03125 0.0265625 0.0113813
3 0.496094 0.685156 0.0328125 0.0328125 0.0279578
3 0.489062 0.699219 0.034375 0.0296875 0.0456486
1 0.614062 0.996094 0.03125 0.0078125 0.0879285
0 0.6 0.764844 0.03125 0.0265625 0.721609
3 0.479688 0.701563 0.021875 0.021875 0.79227
2 0.497656 0.684375 0.0328125 0.03125 0.89027
