2 0.907812 0.317969 0.059375 0.0359375 0.00010059
2 0.816406 0.267188 0.0234375 0.096875 0.000100956
2 0.814844 0.269531 0.0609375 0.0484375 0.000101445
3 0.277344 0.365625 0.0234375 0.0625 0.000102022
3 0.232812 0.439063 0.0625 0.05625 0.000102438
2 0.907812 0.315625 0.028125 0.075 0.000102874
2 0.230469 0.942969 0.0609375 0.0453125 0.000104431
1 0.0125 0.583594 0.025 0.164062 0.000105583
3 0.305469 0.525 0.0234375 0.05 0.000105777
2 0.226562 0.516406 0.05625 0.0453125 0.000106198
2 0.0179687 0.186719 0.0359375 0.0484375 0.000107268
2 0.0101562 0.185156 0.0171875 0.0984375 0.000107332
2 0.909375 0.280469 0.0625 0.0390625 0.000108333
1 0.260156 0.003125 0.0515625 0.00625 0.000108355
3 0.280469 0.426562 0.0359375 0.096875 0.000108954
3 0.727344 0.994531 0.0234375 0.0109375 0.000109505
0 0.607031 0.885938 0.0453125 0.034375 0.000109947
2 0.814844 0.34375 0.0578125 0.046875 0.000109972
2 0.925781 0.722656 0.0671875 0.148438 0.00011052
2 0.225 0.558594 0.05 0.0421875 0.000110929
3 0.158594 0.253906 0.0828125 0.120312 0.000111318
3 0.90625 0.509375 0.04375 0.034375 0.000111709
3 0.0179687 0.0875 0.0359375 0.04375 0.000112125
2 0.907812 0.209375 0.05625 0.046875 0.000114467
2 0.224219 0.328125 0.0609375 0.046875 0.000115151
3 0.942969 0.905469 0.114063 0.0953125 0.000116403
0 0.151562 0.0890625 0.03125 0.034375 0.000117237
2 0.228906 0.900781 0.0546875 0.0484375 0.000118458
1 0.28125 0.00234375 0.040625 0.0046875 0.000119139
3 0.222656 0.596094 0.0265625 0.0671875 0.000119184
3 0.24375 0.414844 0.059375 0.145313 0.000120257
0 0.153906 0.0726563 0.0328125 0.0359375 0.000120738
2 0.223438 0.634375 0.04375 0.04375 0.000122263
2 0.814844 0.341406 0.0234375 0.0921875 0.000122442
3 0.278125 0.51875 0.0375 0.034375 0.000124684
2 0.292969 0.00234375 0.0484375 0.0046875 0.000125961
3 0.228125 0.994531 0.025 0.0109375 0.000125987
2 0.23125 0.440625 0.0375 0.078125 0.000131179
2 0.226562 0.479688 0.05625 0.046875 0.00013128
2 0.909375 0.278125 0.028125 0.08125 0.000132614
3 0.258594 0.190625 0.0546875 0.046875 0.000133717
3 0.257812 0.191406 0.03125 0.0703125 0.000134624
0 0.889844 0.142969 0.0453125 0.0421875 0.000136751
3 0.226562 0.361719 0.05625 0.0453125 0.000140902
1 0.707031 0.00234375 0.0453125 0.0046875 0.000142088
3 0.921094 0.658594 0.101562 0.0859375 0.000142858
1 0.126563 0.209375 0.046875 0.059375 0.000142981
2 0.224219 0.559375 0.0265625 0.06875 0.000146062
1 0.0117188 0.963281 0.0234375 0.0265625 0.000153996
0 0.141406 0.08125 0.0359375 0.0875 0.000155776
3 0.921875 0.50625 0.103125 0.084375 0.000159298
0 0.608594 0.942187 0.0296875 0.046875 0.000160994
1 0.283594 0.00546875 0.0765625 0.0109375 0.00016102
3 0.0109375 0.0882813 0.021875 0.0765625 0.000163554
3 0.226562 0.517187 0.03125 0.071875 0.000165901
2 0.224219 0.329688 0.0359375 0.075 0.000169799
3 0.278125 0.519531 0.01875 0.0546875 0.000172206
3 0.285156 0.35625 0.0453125 0.109375 0.000172688
2 0.978906 0.973437 0.0421875 0.040625 0.000173014
2 0.222656 0.635938 0.0234375 0.065625 0.000173475
0 0.142969 0.121094 0.0296875 0.0890625 0.000173481
2 0.908594 0.24375 0.0578125 0.040625 0.000174251
2 0.230469 0.945312 0.0359375 0.075 0.000177711
1 0.126563 0.210938 0.0875 0.03125 0.000178398
2 0.907812 0.207813 0.028125 0.084375 0.000182836
2 0.922656 0.658594 0.0578125 0.139062 0.000184336
2 0.228125 0.902344 0.03125 0.0765625 0.000187353
2 0.225781 0.48125 0.0296875 0.075 0.000194925
3 0.924219 0.507812 0.0609375 0.1375 0.000198458
2 0.86875 0.255469 0.096875 0.157813 0.000200358
3 0.226562 0.364062 0.03125 0.075 0.000202874
1 0.3625 0.00234375 0.040625 0.0046875 0.000207148
0 0.609375 0.871094 0.03125 0.0234375 0.000208746
2 0.9875 0.967188 0.025 0.065625 0.000211614
1 0.689062 0.00234375 0.04375 0.0046875 0.000214551
1 0.59375 0.99375 0.0375 0.009375 0.000216209
1 0.34375 0.0046875 0.071875 0.009375 0.000220953
3 0.221875 0.783594 0.0375 0.0453125 0.000222544
2 0.221875 0.782812 0.040625 0.040625 0.000224296
1 0.66875 0.00234375 0.04375 0.0046875 0.000224635
2 0.671094 0.003125 0.0484375 0.00625 0.000235325
3 0.91875 0.584375 0.096875 0.08125 0.000237378
2 0.908594 0.242188 0.0265625 0.078125 0.000244988
1 0.591406 0.003125 0.0453125 0.00625 0.000259712
1 0.635156 0.00390625 0.0703125 0.0078125 0.000261966
0 0.590625 0.785937 0.046875 0.0375 0.000263204
2 0.222656 0.866406 0.0453125 0.0484375 0.000270669
2 0.920313 0.584375 0.05625 0.134375 0.000271338
3 0.214844 0.333594 0.0265625 0.0265625 0.000276544
2 0.221094 0.784375 0.0234375 0.0625 0.000277462
2 0.947656 0.904688 0.0703125 0.15 0.000278859
1 0.649219 0.003125 0.0421875 0.00625 0.000282165
1 0.629687 0.003125 0.04375 0.00625 0.000288256
0 0.607813 0.710938 0.034375 0.03125 0.000302615
2 0.221875 0.717188 0.021875 0.059375 0.000311325
2 0.233594 0.410156 0.0640625 0.0484375 0.000319361
1 0.611719 0.003125 0.0421875 0.00625 0.000324545
1 0.396875 0.00234375 0.040625 0.0046875 0.000334538
2 0.419531 0.00234375 0.0421875 0.0046875 0.000347819
2 0.220313 0.829687 0.040625 0.04375 0.000348486
1 0.422656 0.00390625 0.0703125 0.0078125 0.000364084
1 0.339063 0.00234375 0.0375 0.0046875 0.000381819
3 0.567187 0.640625 0.028125 0.021875 0.000387264
1 0.420312 0.00234375 0.040625 0.0046875 0.000389293
2 0.632812 0.003125 0.046875 0.00625 0.000406405
2 0.454688 0.00234375 0.04375 0.0046875 0.000430544
3 0.226562 0.979688 0.059375 0.034375 0.000437017
3 0.225781 0.975781 0.0328125 0.0484375 0.000445737
2 0.322656 0.00234375 0.0390625 0.0046875 0.000448333
1 0.455469 0.003125 0.0421875 0.00625 0.000450897
1 0.514063 0.00234375 0.04375 0.0046875 0.000452303
2 0.917188 0.973437 0.071875 0.046875 0.000458655
1 0.380469 0.00234375 0.0390625 0.0046875 0.000460066
2 0.220313 0.83125 0.021875 0.0625 0.000469433
2 0.569531 0.00234375 0.0453125 0.0046875 0.000469538
2 0.221875 0.867969 0.025 0.0734375 0.000473158
2 0.916406 0.963281 0.0359375 0.0734375 0.000481994
1 0.476562 0.00234375 0.04375 0.0046875 0.000483243
1 0.570312 0.003125 0.04375 0.00625 0.00049591
2 0.222656 0.752344 0.0234375 0.0640625 0.000518498
2 0.232812 0.411719 0.0375 0.0765625 0.000521231
1 0.534375 0.00234375 0.04375 0.0046875 0.000537467
2 0.885156 0.140625 0.0390625 0.04375 0.000550853
0 0.609375 0.814844 0.03125 0.0234375 0.000552771
2 0.592188 0.003125 0.046875 0.00625 0.000555241
2 0.363281 0.00234375 0.0453125 0.0046875 0.000569084
2 0.534375 0.00234375 0.04375 0.0046875 0.000573941
2 0.494531 0.00234375 0.0421875 0.0046875 0.000627632
1 0.559375 0.00390625 0.065625 0.0078125 0.000662258
1 0.494531 0.00234375 0.0421875 0.0046875 0.000662811
3 0.588281 0.636719 0.0359375 0.0265625 0.000669564
2 0.403906 0.00234375 0.0453125 0.0046875 0.000735976
1 0.438281 0.00234375 0.0421875 0.0046875 0.000770303
1 0.492969 0.00390625 0.0640625 0.0078125 0.000772042
2 0.440625 0.00234375 0.046875 0.0046875 0.000850251
0 0.604688 0.797656 0.034375 0.0265625 0.000860269
2 0.553125 0.003125 0.046875 0.00625 0.000893087
2 0.478906 0.003125 0.0453125 0.00625 0.00105791
0 0.607813 0.728125 0.03125 0.03125 0.00106166
2 0.51875 0.003125 0.046875 0.00625 0.00114913
0 0.607813 0.824219 0.0375 0.0328125 0.00117365
0 0.607031 0.851562 0.0328125 0.028125 0.00289943
0 0.607813 0.839063 0.034375 0.028125 0.00349617
0 0.608594 0.810156 0.0328125 0.0515625 0.00407128
0 0.605469 0.778906 0.0328125 0.0328125 0.00645084
0 0.607031 0.738281 0.0328125 0.0265625 0.0176747
1 0.60625 0.996875 0.028125 0.00625 0.0828419
3 0.582031 0.628125 0.0359375 0.034375 0.310322
2 0.58125 0.628906 0.034375 0.0359375 0.579076
3 0.576563 0.636719 0.03125 0.0296875 0.666335
0 0.607813 0.752344 0.03125 0.0265625 0.693671
