1 0.261719 0.003125 0.0546875 0.00625 0.000101192
0 0.888281 0.15625 0.0421875 0.090625 0.00010167
3 0.764063 0.357031 0.015625 0.0234375 0.000101878
1 0.0125 0.503125 0.025 0.1625 0.000104038
3 0.417969 0.194531 0.0328125 0.0140625 0.000104132
1 0.0125 0.583594 0.025 0.164062 0.000104753
2 0.908594 0.317969 0.0640625 0.0359375 0.000105052
3 0.227344 0.479688 0.0578125 0.04375 0.000105675
2 0.228125 0.364844 0.0625 0.0484375 0.000105951
0 0.140625 0.147656 0.034375 0.0703125 0.000106947
2 0.8125 0.311719 0.059375 0.0484375 0.000107957
0 0.821875 0.885938 0.078125 0.134375 0.000108596
1 0.0992187 0.189844 0.0390625 0.0140625 0.000108682
2 0.229687 0.404687 0.065625 0.05 0.000109404
3 0.228906 0.978906 0.0734375 0.0421875 0.000110578
3 0.773438 0.790625 0.028125 0.05 0.000110815
1 0.217969 0.003125 0.0515625 0.00625 0.000111523
3 0.775781 0.435937 0.0265625 0.075 0.000114508
3 0.398438 0.792969 0.025 0.0109375 0.000115619
2 0.227344 0.716406 0.0484375 0.0453125 0.000116004
2 0.908594 0.315625 0.0296875 0.078125 0.000116297
3 0.238281 0.796094 0.0609375 0.148438 0.000118959
3 0.228906 0.365625 0.0578125 0.05625 0.000119041
2 0.0179687 0.1875 0.0359375 0.05 0.00012027
1 0.0117188 0.964063 0.0234375 0.028125 0.000120867
2 0.908594 0.28125 0.0609375 0.0375 0.000121776
2 0.773438 0.790625 0.040625 0.0375 0.000122036
2 0.879687 0.239844 0.071875 0.0421875 0.000122036
2 0.225 0.596094 0.04375 0.0421875 0.000122482
2 0.813281 0.389062 0.0234375 0.0875 0.0001233
1 0.127344 0.2125 0.0453125 0.059375 0.00012332
3 0.226562 0.972656 0.0375 0.0546875 0.000125227
3 0.284375 0.366406 0.05 0.110937 0.000125782
2 0.0101562 0.186719 0.0171875 0.0953125 0.000128424
2 0.808594 0.453125 0.0703125 0.125 0.000131851
2 0.229687 0.439844 0.059375 0.0453125 0.000131975
3 0.227344 0.716406 0.0453125 0.0515625 0.000132225
2 0.226562 0.791406 0.046875 0.0484375 0.000134177
2 0.222656 0.74375 0.0453125 0.04375 0.000135448
3 0.245312 0.4125 0.05625 0.140625 0.000136987
2 0.229687 0.873438 0.034375 0.084375 0.000140537
2 0.908594 0.279687 0.0265625 0.08125 0.000141258
2 0.297656 0.003125 0.0515625 0.00625 0.00014126
3 0.222656 0.744531 0.0421875 0.0515625 0.000141323
1 0.127344 0.214062 0.0859375 0.03125 0.000142752
2 0.861719 0.260156 0.101562 0.160938 0.000143614
2 0.8125 0.310156 0.025 0.0921875 0.000146893
1 0.686719 0.00234375 0.0421875 0.0046875 0.000150605
2 0.228125 0.366406 0.034375 0.0796875 0.000154008
3 0.224219 0.821875 0.0484375 0.04375 0.000156951
2 0.814844 0.26875 0.0546875 0.046875 0.000163044
3 0.227344 0.480469 0.0328125 0.0703125 0.000165384
2 0.226562 0.717188 0.028125 0.06875 0.00017089
3 0.225 0.597656 0.025 0.0640625 0.000178523
2 0.228906 0.40625 0.0359375 0.08125 0.000183259
1 0.992969 0.985156 0.0140625 0.0234375 0.000183394
3 0.275 0.757812 0.034375 0.034375 0.000188481
3 0.275 0.759375 0.01875 0.05 0.00018971
1 0.291406 0.00546875 0.0796875 0.0109375 0.000193114
2 0.816406 0.267188 0.0234375 0.090625 0.000194902
0 0.61875 0.772656 0.05 0.0328125 0.000196841
1 0.629687 0.003125 0.04375 0.00625 0.000201098
2 0.221875 0.745313 0.025 0.06875 0.00020254
2 0.229687 0.440625 0.034375 0.071875 0.000209634
3 0.224219 0.824219 0.0265625 0.0703125 0.000219371
3 0.765625 0.378125 0.015625 0.021875 0.000226284
2 0.225781 0.792969 0.0265625 0.0734375 0.000228321
0 0.610156 0.941406 0.0328125 0.0265625 0.000245575
2 0.226562 0.521094 0.046875 0.0453125 0.000251517
1 0.633594 0.00390625 0.0734375 0.0078125 0.00025977
2 0.910156 0.246875 0.0546875 0.040625 0.000260878
1 0.34375 0.0046875 0.071875 0.009375 0.000264809
2 0.65 0.00234375 0.04375 0.0046875 0.000269393
2 0.66875 0.003125 0.046875 0.00625 0.0002748
1 0.339844 0.003125 0.0421875 0.00625 0.000279889
3 0.73125 0.73125 0.03125 0.03125 0.000296645
1 0.651563 0.003125 0.04375 0.00625 0.000302085
2 0.339844 0.00234375 0.0421875 0.0046875 0.000317614
2 0.457812 0.00234375 0.04375 0.0046875 0.000334502
1 0.667969 0.003125 0.0421875 0.00625 0.000340126
2 0.225 0.557813 0.025 0.065625 0.000349488
1 0.4375 0.00234375 0.04375 0.0046875 0.000352138
1 0.41875 0.00234375 0.04375 0.0046875 0.000353295
1 0.609375 0.003125 0.04375 0.00625 0.000355518
1 0.363281 0.00234375 0.0421875 0.0046875 0.000363354
1 0.416406 0.0046875 0.0734375 0.009375 0.000366863
1 0.458594 0.003125 0.0453125 0.00625 0.000369372
2 0.910156 0.245312 0.0265625 0.078125 0.00038248
1 0.397656 0.00234375 0.0421875 0.0046875 0.000401605
2 0.225781 0.521875 0.0265625 0.06875 0.000404438
2 0.632812 0.003125 0.046875 0.00625 0.000421986
2 0.571875 0.00234375 0.04375 0.0046875 0.000437317
1 0.380469 0.00234375 0.0421875 0.0046875 0.000437814
1 0.572656 0.003125 0.0453125 0.00625 0.000440876
1 0.591406 0.003125 0.0453125 0.00625 0.000453066
2 0.49375 0.00234375 0.04375 0.0046875 0.000494965
2 0.226562 0.639063 0.028125 0.065625 0.000495242
1 0.552344 0.003125 0.0453125 0.00625 0.000524095
1 0.515625 0.00234375 0.04375 0.0046875 0.000541864
2 0.321094 0.00234375 0.0421875 0.0046875 0.000543299
2 0.592188 0.003125 0.046875 0.00625 0.000566023
1 0.49375 0.003125 0.04375 0.00625 0.000576724
3 0.764063 0.789062 0.028125 0.03125 0.000586444
2 0.44375 0.003125 0.05 0.00625 0.000607299
2 0.364062 0.00234375 0.046875 0.0046875 0.000611643
2 0.401563 0.00234375 0.046875 0.0046875 0.000626946
1 0.559375 0.00390625 0.065625 0.0078125 0.000701261
1 0.475 0.003125 0.04375 0.00625 0.000703679
1 0.534375 0.00234375 0.04375 0.0046875 0.00074334
2 0.534375 0.00234375 0.04375 0.0046875 0.000750945
1 0.497656 0.00390625 0.0671875 0.0078125 0.000773049
3 0.746875 0.774219 0.03125 0.0484375 0.000833237
2 0.554688 0.003125 0.046875 0.00625 0.000896488
2 0.479688 0.003125 0.046875 0.00625 0.00103214
2 0.51875 0.003125 0.046875 0.00625 0.0011431
0 0.625 0.795313 0.04375 0.05 0.0012652
0 0.619531 0.826563 0.0328125 0.021875 0.00130321
0 0.6125 0.927344 0.03125 0.0296875 0.0016375
0 0.608594 0.992969 0.0296875 0.0140625 0.00173045
0 0.613281 0.913281 0.0328125 0.0234375 0.00210201
0 0.616406 0.860156 0.0328125 0.0421875 0.00245456
0 0.614844 0.891406 0.0328125 0.0234375 0.00341962
0 0.615625 0.875 0.034375 0.025 0.00470901
0 0.617969 0.842969 0.0328125 0.0296875 0.0061484
0 0.623438 0.794531 0.034375 0.0265625 0.00929385
3 0.75625 0.769531 0.03125 0.0328125 0.0420582
1 0.610937 0.996875 0.028125 0.00625 0.0728092
3 0.745313 0.75625 0.0375 0.0375 0.494761
0 0.621094 0.811719 0.0328125 0.0265625 0.734712
3 0.764063 0.778906 0.025 0.0234375 0.817111
2 0.74375 0.755469 0.0375 0.0359375 0.895967
