0 0.1375 0.180469 0.03125 0.0734375 0.000101762
2 0.894531 0.194531 0.0296875 0.0921875 0.000102217
2 0.709375 0.003125 0.05 0.00625 0.000103299
2 0.228906 0.367969 0.0609375 0.0453125 0.000103565
2 0.009375 0.184375 0.015625 0.096875 0.000105858
2 0.934375 0.257812 0.06875 0.153125 0.000106891
2 0.0179687 0.185937 0.0359375 0.05 0.000106996
3 0.01875 0.0867188 0.0375 0.0453125 0.000107724
1 0.127344 0.174219 0.0859375 0.0453125 0.000111977
1 0.707812 0.003125 0.04375 0.00625 0.000114536
3 0.222656 0.483594 0.0234375 0.0578125 0.000115624
3 0.422656 0.642969 0.0171875 0.0265625 0.000116261
2 0.220313 0.517969 0.021875 0.0546875 0.000116447
2 0.882031 0.242969 0.0359375 0.0859375 0.00011667
2 0.8125 0.542188 0.059375 0.046875 0.000117576
3 0.257812 0.189063 0.034375 0.075 0.000117774
0 0.610937 0.895312 0.034375 0.05625 0.000119295
1 0.0140625 0.964844 0.028125 0.0265625 0.000121804
1 0.124219 0.207031 0.0484375 0.0640625 0.00012332
0 0.602344 0.889844 0.0453125 0.0328125 0.000125692
2 0.810938 0.467969 0.025 0.0890625 0.000126391
3 0.764844 0.239063 0.0203125 0.021875 0.00013202
0 0.611719 0.94375 0.0328125 0.046875 0.000135374
1 0.302344 0.00234375 0.0421875 0.0046875 0.000142328
2 0.8875 0.276563 0.06875 0.046875 0.000142695
0 0.141406 0.125 0.0296875 0.0875 0.000147594
3 0.23125 0.980469 0.0625 0.0390625 0.000150913
1 0.125 0.209375 0.090625 0.03125 0.00015104
0 0.59375 0.785937 0.0375 0.034375 0.000151415
2 0.230469 0.405469 0.0296875 0.0734375 0.00015449
1 0.126563 0.174219 0.05 0.0671875 0.000154526
2 0.228125 0.370313 0.034375 0.075 0.000156849
0 0.891406 0.141406 0.0421875 0.0421875 0.000160012
3 0.229687 0.974219 0.034375 0.0515625 0.000160021
2 0.8125 0.540625 0.025 0.090625 0.000160307
3 0.0117188 0.0875 0.0234375 0.078125 0.000161057
2 0.295312 0.003125 0.05 0.00625 0.00016124
2 0.450781 0.64375 0.0296875 0.03125 0.000162825
2 0.907812 0.278906 0.0625 0.0328125 0.000174273
2 0.907812 0.278125 0.028125 0.071875 0.000177051
0 0.153906 0.046875 0.0359375 0.034375 0.000181101
1 0.686719 0.00234375 0.0421875 0.0046875 0.000183196
3 0.228125 0.435937 0.040625 0.0375 0.000186487
1 0.284375 0.0046875 0.075 0.009375 0.000188785
1 0.3625 0.00234375 0.040625 0.0046875 0.000208266
2 0.882812 0.242969 0.075 0.0390625 0.000208573
1 0.341406 0.0046875 0.0734375 0.009375 0.000208694
1 0.65 0.003125 0.04375 0.00625 0.000224513
2 0.910156 0.244531 0.0578125 0.0390625 0.00022604
2 0.670313 0.003125 0.046875 0.00625 0.000230615
2 0.885156 0.139844 0.0359375 0.0421875 0.000234359
2 0.908594 0.207813 0.0515625 0.04375 0.000241158
2 0.8875 0.275781 0.025 0.0921875 0.000243787
3 0.227344 0.4375 0.0234375 0.059375 0.000269288
2 0.920313 0.973437 0.078125 0.05 0.00027296
2 0.910156 0.242969 0.0265625 0.0765625 0.000314397
1 0.667969 0.003125 0.0421875 0.00625 0.00033283
2 0.534375 0.00234375 0.04375 0.0046875 0.000336299
1 0.38125 0.00234375 0.040625 0.0046875 0.000341504
2 0.810938 0.385938 0.05 0.040625 0.000354482
1 0.630469 0.003125 0.0671875 0.00625 0.000357766
2 0.920313 0.960156 0.0375 0.0796875 0.00036217
1 0.4375 0.00234375 0.04375 0.0046875 0.000366078
1 0.421094 0.00390625 0.0703125 0.0078125 0.000370379
1 0.627344 0.003125 0.0421875 0.00625 0.000376632
1 0.571875 0.003125 0.04375 0.00625 0.000382249
1 0.59375 0.003125 0.04375 0.00625 0.000384752
1 0.534375 0.003125 0.04375 0.00625 0.000389392
2 0.908594 0.20625 0.0265625 0.075 0.00041533
0 0.605469 0.8625 0.0328125 0.040625 0.000425864
2 0.811719 0.384375 0.0203125 0.078125 0.000431962
3 0.775 0.992188 0.040625 0.015625 0.000431982
1 0.399219 0.00234375 0.0421875 0.0046875 0.00043399
1 0.553125 0.003125 0.04375 0.00625 0.000436082
1 0.514063 0.00234375 0.04375 0.0046875 0.000453581
2 0.457031 0.00234375 0.0421875 0.0046875 0.000453779
2 0.494531 0.00234375 0.0421875 0.0046875 0.000466373
1 0.457812 0.00234375 0.04375 0.0046875 0.000480942
2 0.363281 0.00234375 0.0453125 0.0046875 0.000488737
1 0.338281 0.00234375 0.0390625 0.0046875 0.000497567
3 0.764844 0.995313 0.0390625 0.009375 0.000500274
2 0.338281 0.00234375 0.0390625 0.0046875 0.000506564
0 0.6 0.850781 0.034375 0.0265625 0.000506597
3 0.764063 0.996875 0.021875 0.00625 0.000517062
1 0.495313 0.00234375 0.04375 0.0046875 0.000533987
2 0.417188 0.00234375 0.040625 0.0046875 0.000543524
2 0.63125 0.00234375 0.046875 0.0046875 0.0005476
1 0.417969 0.00234375 0.0421875 0.0046875 0.000585595
1 0.475781 0.00234375 0.0421875 0.0046875 0.000587739
1 0.490625 0.00390625 0.065625 0.0078125 0.000608394
1 0.610937 0.003125 0.04375 0.00625 0.000668281
1 0.56875 0.003125 0.065625 0.00625 0.000682006
2 0.557031 0.003125 0.0484375 0.00625 0.000743563
2 0.610156 0.00234375 0.0421875 0.0046875 0.000753909
0 0.608594 0.988281 0.0328125 0.0203125 0.000772995
2 0.517187 0.00234375 0.046875 0.0046875 0.000797235
2 0.403125 0.00234375 0.04375 0.0046875 0.000805575
2 0.441406 0.00234375 0.0453125 0.0046875 0.000814409
2 0.594531 0.003125 0.0453125 0.00625 0.000841414
2 0.321875 0.00234375 0.040625 0.0046875 0.000844684
2 0.478906 0.00234375 0.0453125 0.0046875 0.00091521
0 0.598437 0.835938 0.03125 0.034375 0.00103598
0 0.59375 0.796094 0.034375 0.0265625 0.00306867
1 0.609375 0.996094 0.03125 0.0078125 0.0124037
0 0.597656 0.817969 0.0296875 0.0234375 0.0223102
3 0.439063 0.654688 0.028125 0.03125 0.101635
3 0.451562 0.652344 0.03125 0.0328125 0.301921
0 0.596094 0.809375 0.0328125 0.025 0.748788
3 0.428125 0.652344 0.01875 0.0296875 0.764078
2 0.453906 0.652344 0.0296875 0.0328125 0.880587
