1 0.980469 0.0164062 0.0328125 0.0328125 0.000100647
1 0.127344 0.174219 0.0484375 0.0640625 0.000100818
2 0.814844 0.582812 0.0546875 0.046875 0.00010229
3 0.229687 0.482812 0.040625 0.040625 0.000103026
2 0.708594 0.003125 0.0515625 0.00625 0.000103581
2 0.796094 0.5625 0.0515625 0.109375 0.000104042
2 0.889844 0.29375 0.0265625 0.028125 0.000106243
2 0.911719 0.28125 0.0640625 0.040625 0.000106595
2 0.0179687 0.185937 0.0359375 0.05 0.000107671
3 0.228125 0.329688 0.034375 0.078125 0.000108744
2 0.799219 0.502344 0.0796875 0.148438 0.000109097
1 0.988281 0.966406 0.0234375 0.0671875 0.000110099
1 0.707812 0.003125 0.046875 0.00625 0.000111275
3 0.257812 0.184375 0.059375 0.04375 0.000111705
2 0.009375 0.184375 0.015625 0.096875 0.000113982
1 0.303125 0.003125 0.04375 0.00625 0.000114711
1 0.216406 0.003125 0.0484375 0.00625 0.000115866
3 0.776563 0.795313 0.028125 0.075 0.000116014
3 0.8625 0.338281 0.090625 0.160938 0.000116385
1 0.125781 0.210156 0.0453125 0.0609375 0.000116895
2 0.814062 0.776563 0.05625 0.046875 0.000116987
3 0.782812 0.794531 0.015625 0.0296875 0.00011982
3 0.764844 0.471094 0.0140625 0.0203125 0.000123144
2 0.814844 0.580469 0.0203125 0.0921875 0.000124249
2 0.795313 0.803125 0.059375 0.10625 0.000125965
1 0.280469 0.00234375 0.0421875 0.0046875 0.000131884
0 0.609375 0.895312 0.04375 0.0375 0.000136713
2 0.910937 0.278906 0.028125 0.0828125 0.00013758
3 0.229687 0.40625 0.034375 0.071875 0.000138305
1 0.126563 0.210938 0.0875 0.03125 0.000141483
3 0.257031 0.185937 0.0328125 0.071875 0.000141788
3 0.774219 0.561719 0.0234375 0.0734375 0.000160746
1 0.609375 0.989062 0.034375 0.01875 0.000164699
2 0.815625 0.775 0.021875 0.090625 0.000164738
3 0.228906 0.483594 0.0234375 0.0609375 0.000166267
0 0.586719 0.748438 0.0359375 0.034375 0.000166281
3 0.0171875 0.0875 0.034375 0.04375 0.00016721
0 0.140625 0.164844 0.053125 0.0546875 0.000172568
2 0.886719 0.136719 0.0421875 0.0421875 0.000173402
2 0.8875 0.285937 0.065625 0.05 0.000174491
1 0.257812 0.00234375 0.05 0.0046875 0.000186785
1 0.284375 0.00546875 0.075 0.0109375 0.000189854
3 0.745313 0.275 0.01875 0.021875 0.000204607
2 0.886719 0.19375 0.0328125 0.034375 0.00020477
1 0.6875 0.00234375 0.04375 0.0046875 0.000218201
0 0.609375 0.942969 0.034375 0.0359375 0.000230317
3 0.0109375 0.0875 0.021875 0.075 0.000233917
2 0.29375 0.003125 0.05 0.00625 0.000241199
1 0.65 0.003125 0.04375 0.00625 0.000247194
2 0.671094 0.003125 0.0484375 0.00625 0.0002605
1 0.66875 0.003125 0.04375 0.00625 0.000262918
1 0.629687 0.003125 0.04375 0.00625 0.000270107
1 0.635156 0.00390625 0.0734375 0.0078125 0.000278132
2 0.886719 0.284375 0.0265625 0.09375 0.000284063
3 0.195312 0.459375 0.015625 0.025 0.00030148
3 0.225781 0.99375 0.0203125 0.0125 0.000312483
1 0.591406 0.003125 0.0453125 0.00625 0.000333486
1 0.3625 0.00234375 0.04375 0.0046875 0.000339441
2 0.610156 0.00234375 0.0453125 0.0046875 0.000340669
1 0.342969 0.0046875 0.0703125 0.009375 0.000341305
2 0.914844 0.974219 0.0734375 0.0484375 0.000344817
0 0.139062 0.182031 0.03125 0.0640625 0.000348172
0 0.601562 0.880469 0.0375 0.0328125 0.000364149
2 0.632031 0.003125 0.0484375 0.00625 0.000369472
3 0.777344 0.557813 0.0140625 0.025 0.000382113
3 0.4 0.741406 0.040625 0.0765625 0.00038602
1 0.610937 0.003125 0.04375 0.00625 0.000389822
1 0.553125 0.003125 0.046875 0.00625 0.000390043
2 0.457812 0.00234375 0.04375 0.0046875 0.000392378
1 0.436719 0.003125 0.0453125 0.00625 0.000395686
2 0.571094 0.003125 0.0453125 0.00625 0.000409323
2 0.910937 0.244531 0.05 0.0390625 0.000410931
1 0.458594 0.003125 0.0453125 0.00625 0.000419973
2 0.495313 0.00234375 0.04375 0.0046875 0.000439048
1 0.571875 0.003125 0.04375 0.00625 0.000442667
2 0.915625 0.961719 0.0375 0.0765625 0.000468081
2 0.532031 0.00234375 0.0453125 0.0046875 0.000471298
0 0.572656 0.803125 0.0546875 0.065625 0.000481867
1 0.496094 0.003125 0.0453125 0.00625 0.000495105
0 0.553125 0.757812 0.053125 0.053125 0.000499282
1 0.532031 0.003125 0.0453125 0.00625 0.000513625
1 0.416406 0.00390625 0.0703125 0.0078125 0.000519518
1 0.4 0.003125 0.04375 0.00625 0.000539495
1 0.380469 0.00234375 0.0421875 0.0046875 0.000553817
3 0.396094 0.729688 0.0328125 0.03125 0.000564382
1 0.514844 0.003125 0.0453125 0.00625 0.000573248
1 0.475 0.00234375 0.04375 0.0046875 0.000603159
3 0.39375 0.710156 0.034375 0.0390625 0.000610793
1 0.559375 0.00390625 0.065625 0.0078125 0.000638575
2 0.592969 0.003125 0.0484375 0.00625 0.000663075
2 0.910156 0.242969 0.0265625 0.0671875 0.000678945
1 0.491406 0.00390625 0.0671875 0.0078125 0.0007416
2 0.554688 0.003125 0.046875 0.00625 0.00083071
2 0.3375 0.00234375 0.040625 0.0046875 0.000911748
2 0.363281 0.00234375 0.0453125 0.0046875 0.000912475
2 0.479688 0.003125 0.046875 0.00625 0.00091591
2 0.440625 0.003125 0.046875 0.00625 0.000926494
2 0.517969 0.003125 0.0484375 0.00625 0.00093546
0 0.590625 0.789844 0.034375 0.0265625 0.000947645
1 0.417969 0.00234375 0.0421875 0.0046875 0.00101008
2 0.417969 0.00234375 0.0421875 0.0046875 0.00104182
2 0.323438 0.003125 0.040625 0.00625 0.00116441
2 0.402344 0.00234375 0.0453125 0.0046875 0.0011993
2 0.430469 0.697656 0.0296875 0.0296875 0.00142207
0 0.59375 0.81875 0.0375 0.028125 0.00196373
0 0.597656 0.861719 0.0328125 0.0234375 0.00200641
1 0.604688 0.994531 0.03125 0.0109375 0.00204691
0 0.584375 0.758594 0.0375 0.0265625 0.00610184
0 0.596094 0.835938 0.0296875 0.028125 0.0282694
0 0.5875 0.779688 0.034375 0.025 0.0291248
0 0.596875 0.846094 0.03125 0.0203125 0.0418849
1 0.609375 0.996875 0.028125 0.00625 0.091206
3 0.417188 0.704687 0.034375 0.034375 0.318529
0 0.585938 0.769531 0.034375 0.0265625 0.745989
3 0.39375 0.721875 0.021875 0.025 0.835525
2 0.417188 0.703906 0.034375 0.0328125 0.892316
