2 0.883594 0.164844 0.0796875 0.0390625 0.000101243
3 0.782812 0.942187 0.021875 0.021875 0.000102231
0 0.660937 0.553125 0.053125 0.05625 0.000102769
3 0.786719 0.107031 0.0265625 0.0296875 0.000102808
0 0.890625 0.709375 0.04375 0.059375 0.000103581
3 0.223438 0.48125 0.04375 0.040625 0.000104085
2 0.0179687 0.1875 0.0359375 0.05 0.000104379
0 0.8875 0.74375 0.040625 0.05625 0.000104868
3 0.917969 0.739844 0.117188 0.0921875 0.000104904
3 0.771875 0.941406 0.046875 0.0421875 0.000105042
1 0.380469 0.00234375 0.0390625 0.0046875 0.000106512
2 0.220313 0.598437 0.034375 0.040625 0.000107117
1 0.9875 0.967188 0.025 0.065625 0.00010875
3 0.771875 0.942187 0.025 0.0625 0.000110005
1 0.3375 0.00234375 0.0375 0.0046875 0.000110255
1 0.127344 0.173438 0.0484375 0.065625 0.000110648
2 0.0101562 0.185937 0.0171875 0.096875 0.000110958
0 0.619531 0.958594 0.0328125 0.0328125 0.00011097
1 0.65 0.525781 0.034375 0.0453125 0.00011177
1 0.340625 0.0046875 0.075 0.009375 0.00011197
1 0.125781 0.210938 0.0453125 0.059375 0.000112748
0 0.617969 0.865625 0.0328125 0.025 0.000114088
0 0.617969 0.946094 0.0328125 0.0234375 0.00011519
3 0.222656 0.869531 0.0234375 0.0703125 0.00011528
0 0.619531 0.989062 0.0328125 0.021875 0.000115914
1 0.285156 0.00546875 0.0828125 0.0109375 0.000117158
3 0.219531 0.560156 0.0203125 0.0578125 0.000117336
1 0.0117188 0.964063 0.0234375 0.028125 0.000120942
3 0.921875 0.805469 0.078125 0.101562 0.000121271
1 0.669531 0.003125 0.0484375 0.00625 0.000121648
2 0.79375 0.176563 0.090625 0.071875 0.000122369
0 0.886719 0.74375 0.0171875 0.08125 0.000127809
2 0.225 0.339063 0.034375 0.075 0.000132451
0 0.892187 0.673437 0.01875 0.084375 0.00013498
2 0.922656 0.805469 0.0671875 0.148438 0.000136894
2 0.910156 0.132031 0.0296875 0.0921875 0.000138019
3 0.222656 0.482812 0.0234375 0.065625 0.000138414
0 0.889844 0.709375 0.0171875 0.084375 0.000138829
1 0.125781 0.2125 0.0859375 0.03125 0.000143349
3 0.224219 0.407031 0.0515625 0.0421875 0.000145744
3 0.91875 0.739062 0.06875 0.146875 0.000147359
3 0.219531 0.599219 0.0203125 0.0609375 0.000150009
1 0.646875 0.00234375 0.040625 0.0046875 0.000153677
2 0.892187 0.205469 0.03125 0.0984375 0.000157204
2 0.940625 0.896094 0.075 0.154687 0.000168045
3 0.794531 0.178125 0.0578125 0.109375 0.000168509
2 0.910937 0.170312 0.0625 0.04375 0.000171602
3 0.0171875 0.0898438 0.034375 0.0421875 0.000180678
1 0.364844 0.00234375 0.0484375 0.0046875 0.000185452
0 0.617188 0.845312 0.046875 0.0625 0.000192474
2 0.321094 0.00234375 0.0390625 0.0046875 0.000193022
1 0.635156 0.003125 0.0703125 0.00625 0.000199436
1 0.321094 0.00234375 0.0390625 0.0046875 0.000203392
3 0.225 0.408594 0.028125 0.0671875 0.000204389
1 0.592188 0.00234375 0.040625 0.0046875 0.000217705
1 0.425 0.003125 0.071875 0.00625 0.000218673
2 0.517969 0.003125 0.0453125 0.00625 0.000221012
1 0.6125 0.00234375 0.040625 0.0046875 0.000234427
2 0.222656 0.439063 0.0421875 0.040625 0.000235463
1 0.457812 0.00234375 0.040625 0.0046875 0.000248794
1 0.417969 0.00234375 0.0390625 0.0046875 0.000250215
1 0.571875 0.00234375 0.040625 0.0046875 0.000254194
2 0.910937 0.16875 0.028125 0.084375 0.000256371
3 0.0117188 0.0898438 0.0234375 0.0703125 0.000264427
1 0.535156 0.00234375 0.0421875 0.0046875 0.000271247
3 0.2125 0.352344 0.025 0.0234375 0.000273621
2 0.908594 0.205469 0.0546875 0.0390625 0.000297906
3 0.222656 0.440625 0.0234375 0.0625 0.000307815
0 0.614062 0.696094 0.04375 0.0796875 0.000322198
0 0.617188 0.851562 0.03125 0.025 0.000322397
1 0.403906 0.00234375 0.0453125 0.0046875 0.0003228
1 0.629687 0.00234375 0.040625 0.0046875 0.000346421
2 0.596094 0.00234375 0.0453125 0.0046875 0.000353179
2 0.689062 0.485938 0.03125 0.03125 0.000353735
1 0.551562 0.00234375 0.040625 0.0046875 0.000356145
1 0.567969 0.003125 0.0671875 0.00625 0.000378867
1 0.442969 0.00234375 0.0484375 0.0046875 0.000382733
2 0.915625 0.973437 0.071875 0.046875 0.000403891
1 0.492969 0.00234375 0.0390625 0.0046875 0.00040724
2 0.908594 0.203906 0.0265625 0.0734375 0.000418232
2 0.691406 0.435937 0.0296875 0.03125 0.000433006
1 0.517187 0.00234375 0.046875 0.0046875 0.000444372
2 0.555469 0.00234375 0.0453125 0.0046875 0.000446066
1 0.494531 0.003125 0.0640625 0.00625 0.000464396
2 0.915625 0.9625 0.034375 0.075 0.000489117
0 0.617969 0.828906 0.0328125 0.0265625 0.000499897
1 0.477344 0.00234375 0.0453125 0.0046875 0.000509176
0 0.627344 0.721094 0.0421875 0.0703125 0.000527664
2 0.888281 0.221875 0.0828125 0.134375 0.000796728
0 0.617188 0.813281 0.03125 0.0265625 0.00118954
1 0.621875 0.99375 0.03125 0.0125 0.00125248
0 0.616406 0.796094 0.0328125 0.0296875 0.00135139
0 0.617188 0.739062 0.03125 0.028125 0.0167476
0 0.616406 0.761719 0.0296875 0.0234375 0.0266952
1 0.620313 0.996875 0.028125 0.00625 0.0541764
3 0.684375 0.475781 0.034375 0.0296875 0.410389
0 0.617188 0.75 0.03125 0.025 0.715802
3 0.699219 0.445312 0.0265625 0.01875 0.801616
2 0.685156 0.474219 0.0328125 0.0296875 0.882942
