3 0.772656 0.367188 0.0265625 0.078125 0.000100813
3 0.142969 0.078125 0.0328125 0.090625 0.000101804
2 0.814844 0.3125 0.0234375 0.084375 0.000103323
3 0.01875 0.0875 0.0375 0.04375 0.000103556
1 0.553906 0.836719 0.0578125 0.0453125 0.000104594
2 0.814062 0.423438 0.053125 0.04375 0.00010477
2 0.796875 0.638281 0.05625 0.110937 0.000105199
1 0.261719 0.003125 0.0515625 0.00625 0.000107219
2 0.0179687 0.1875 0.0359375 0.05 0.000110091
3 0.221875 0.597656 0.0375 0.0390625 0.000112626
1 0.0992187 0.189844 0.0390625 0.0140625 0.000112837
2 0.0101562 0.185937 0.0171875 0.096875 0.000115303
2 0.8125 0.619531 0.021875 0.0921875 0.000115387
2 0.810938 0.503125 0.021875 0.0875 0.000116221
3 0.227344 0.99375 0.0234375 0.0125 0.000120754
1 0.707031 0.00234375 0.0453125 0.0046875 0.000121233
2 0.228125 0.913281 0.03125 0.0796875 0.000122288
3 0.284375 0.355469 0.078125 0.0671875 0.000123236
1 0.0117188 0.963281 0.0234375 0.0265625 0.000125001
2 0.810938 0.58125 0.05625 0.046875 0.000125624
2 0.810938 0.542188 0.053125 0.046875 0.000129507
2 0.228906 0.366406 0.0640625 0.0484375 0.00013064
1 0.126563 0.174219 0.046875 0.0640625 0.000131294
2 0.8125 0.388281 0.025 0.0890625 0.000135063
2 0.814062 0.423438 0.021875 0.084375 0.000141388
1 0.688281 0.00234375 0.0421875 0.0046875 0.000142939
3 0.226562 0.472656 0.053125 0.0421875 0.000146324
1 0.125 0.211719 0.04375 0.0578125 0.000148412
3 0.245312 0.409375 0.05625 0.140625 0.000150009
2 0.81875 0.28125 0.028125 0.0875 0.000150497
3 0.0117188 0.0882813 0.0234375 0.0765625 0.000152879
3 0.214844 0.453125 0.0234375 0.028125 0.000154804
1 0.978906 0.973437 0.0421875 0.05 0.000155113
0 0.140625 0.147656 0.03125 0.0671875 0.00015718
2 0.296094 0.00234375 0.0484375 0.0046875 0.000161101
3 0.221094 0.599219 0.0203125 0.0578125 0.000168243
2 0.810938 0.578906 0.025 0.0890625 0.000169567
2 0.810938 0.539844 0.021875 0.0890625 0.000175946
1 0.988281 0.966406 0.0234375 0.0671875 0.00018146
2 0.228906 0.367188 0.0359375 0.078125 0.000191236
2 0.224219 0.553906 0.0390625 0.0390625 0.000204582
3 0.226562 0.473437 0.028125 0.06875 0.000205686
1 0.125781 0.213281 0.0828125 0.0296875 0.000214169
1 0.336719 0.0046875 0.0671875 0.009375 0.000220983
2 0.228125 0.441406 0.05625 0.0453125 0.000224654
1 0.360938 0.00234375 0.040625 0.0046875 0.00023243
1 0.292969 0.0046875 0.0734375 0.009375 0.000237382
2 0.670313 0.003125 0.046875 0.00625 0.000238387
1 0.629687 0.00234375 0.04375 0.0046875 0.000243745
2 0.886719 0.135937 0.0390625 0.04375 0.000257125
3 0.285156 0.35625 0.0484375 0.109375 0.000259082
2 0.916406 0.972656 0.0765625 0.0484375 0.000264
1 0.424219 0.00390625 0.0703125 0.0078125 0.000266795
2 0.227344 0.401563 0.0578125 0.046875 0.00027186
1 0.438281 0.00234375 0.0421875 0.0046875 0.000276105
1 0.398438 0.00234375 0.040625 0.0046875 0.000277557
1 0.650781 0.00234375 0.0421875 0.0046875 0.000288638
1 0.667969 0.00234375 0.0421875 0.0046875 0.000290717
1 0.380469 0.00234375 0.0390625 0.0046875 0.000292896
2 0.223438 0.555469 0.021875 0.0609375 0.000302048
1 0.63125 0.003125 0.06875 0.00625 0.000308954
1 0.457812 0.00234375 0.04375 0.0046875 0.000333278
2 0.227344 0.442969 0.0328125 0.0703125 0.000341773
2 0.608594 0.00234375 0.0421875 0.0046875 0.000350145
1 0.553125 0.003125 0.04375 0.00625 0.000355983
0 0.596875 0.96875 0.0375 0.04375 0.000359106
2 0.917188 0.960938 0.0375 0.078125 0.000369275
2 0.228125 0.402344 0.03125 0.0765625 0.000381484
0 0.592188 0.992969 0.04375 0.0140625 0.000388957
1 0.41875 0.00234375 0.040625 0.0046875 0.000389499
2 0.533594 0.00234375 0.0421875 0.0046875 0.000394676
3 0.225 0.980469 0.028125 0.0390625 0.000404952
1 0.609375 0.003125 0.04375 0.00625 0.000405672
2 0.632812 0.00234375 0.046875 0.0046875 0.000412856
1 0.514063 0.00234375 0.04375 0.0046875 0.000428503
2 0.223438 0.522656 0.025 0.0609375 0.000437662
3 0.225 0.986719 0.05625 0.0265625 0.000441102
1 0.533594 0.00234375 0.0421875 0.0046875 0.00046019
2 0.360156 0.00234375 0.0453125 0.0046875 0.000478651
2 0.573438 0.00234375 0.04375 0.0046875 0.000508002
2 0.403125 0.00234375 0.04375 0.0046875 0.00052042
1 0.477344 0.00234375 0.0421875 0.0046875 0.000627297
2 0.44375 0.00234375 0.046875 0.0046875 0.000642103
1 0.494531 0.00390625 0.0640625 0.0078125 0.000647308
1 0.564844 0.003125 0.0640625 0.00625 0.000672
2 0.338281 0.00234375 0.0390625 0.0046875 0.000686875
1 0.591406 0.003125 0.0421875 0.00625 0.000696135
1 0.494531 0.003125 0.0421875 0.00625 0.000727133
2 0.494531 0.00234375 0.0421875 0.0046875 0.000767766
2 0.592188 0.003125 0.046875 0.00625 0.00081228
2 0.322656 0.00234375 0.0390625 0.0046875 0.000839075
2 0.557813 0.003125 0.046875 0.00625 0.000886043
2 0.516406 0.00234375 0.0453125 0.0046875 0.000981974
2 0.479688 0.00234375 0.04375 0.0046875 0.00107994
0 0.601562 0.989062 0.0375 0.021875 0.00183941
3 0.544531 0.785937 0.0296875 0.01875 0.00207192
0 0.602344 0.995313 0.0328125 0.009375 0.0356674
3 0.552344 0.807031 0.0359375 0.0234375 0.359171
3 0.542188 0.775 0.03125 0.0125 0.769628
2 0.552344 0.808594 0.0359375 0.0234375 0.85073
