0 0.157031 0.34375 0.0578125 0.04375 0.00010009
3 0.153906 0.324219 0.0265625 0.0234375 0.000100301
3 0.980469 0.974219 0.0390625 0.0515625 0.000103073
3 0.224219 0.478125 0.0234375 0.071875 0.000104651
1 0.934375 0.571875 0.075 0.153125 0.000106314
0 0.152344 0.329688 0.0328125 0.075 0.000106834
1 0.0117188 0.964063 0.0234375 0.028125 0.000109901
3 0.227344 0.44375 0.0515625 0.04375 0.000111088
3 0.217969 0.824219 0.0234375 0.0578125 0.000111893
2 0.224219 0.942187 0.0453125 0.04375 0.000113124
0 0.139844 0.142188 0.0296875 0.06875 0.000115444
3 0.773438 0.371875 0.028125 0.06875 0.000119244
2 0.0101562 0.185156 0.0171875 0.0953125 0.000119468
2 0.0179687 0.186719 0.0359375 0.0484375 0.000120082
3 0.900781 0.100781 0.0328125 0.0390625 0.000121085
1 0.705469 0.00234375 0.0453125 0.0046875 0.00012479
2 0.920313 0.265625 0.06875 0.15 0.000124831
3 0.632812 0.792969 0.03125 0.0296875 0.000127178
2 0.221094 0.903125 0.0421875 0.04375 0.000128015
2 0.978906 0.973437 0.0421875 0.040625 0.000130505
3 0.225781 0.403125 0.0515625 0.04375 0.000133893
3 0.140625 0.0820312 0.03125 0.0890625 0.000138732
2 0.946094 0.894531 0.0796875 0.157813 0.00014192
3 0.0117188 0.0875 0.0234375 0.078125 0.000143388
1 0.125781 0.171875 0.0484375 0.06875 0.000147924
2 0.926562 0.335938 0.06875 0.15 0.000148105
1 0.289062 0.00546875 0.078125 0.0109375 0.000151316
1 0.342187 0.0046875 0.071875 0.009375 0.000151501
1 0.933594 0.657812 0.0734375 0.15 0.000155608
3 0.226562 0.444531 0.028125 0.0703125 0.000156064
2 0.988281 0.967188 0.0234375 0.065625 0.000157927
1 0.667969 0.00234375 0.0421875 0.0046875 0.000160816
3 0.220313 0.517969 0.0375 0.0359375 0.000166507
1 0.380469 0.00234375 0.0390625 0.0046875 0.000180854
1 0.125781 0.208594 0.0453125 0.0546875 0.000187459
3 0.225781 0.405469 0.0265625 0.0703125 0.000188955
2 0.224219 0.944531 0.0265625 0.0671875 0.000196045
2 0.221094 0.905469 0.0234375 0.0671875 0.000197704
0 0.885938 0.690625 0.040625 0.05 0.000202371
0 0.624219 0.974219 0.0328125 0.0390625 0.000210925
0 0.624219 0.864844 0.0421875 0.0453125 0.000212856
1 0.689844 0.00234375 0.0421875 0.0046875 0.000213993
3 0.219531 0.519531 0.0203125 0.0546875 0.000214428
3 0.226562 0.99375 0.025 0.0125 0.000214849
0 0.885938 0.689844 0.01875 0.0734375 0.00021729
2 0.40625 0.003125 0.04375 0.00625 0.000246299
2 0.670313 0.00234375 0.046875 0.0046875 0.000258975
1 0.632812 0.00390625 0.06875 0.0078125 0.000274649
1 0.425781 0.00390625 0.0703125 0.0078125 0.000278518
1 0.457031 0.00234375 0.0421875 0.0046875 0.000280934
1 0.126563 0.210156 0.084375 0.0265625 0.000288419
2 0.921875 0.972656 0.075 0.0484375 0.000289526
2 0.533594 0.00234375 0.0421875 0.0046875 0.00030145
1 0.648438 0.00234375 0.040625 0.0046875 0.000313814
1 0.630469 0.003125 0.0421875 0.00625 0.000323457
1 0.592969 0.003125 0.0421875 0.00625 0.00033293
2 0.3375 0.00234375 0.0375 0.0046875 0.00033687
2 0.494531 0.00234375 0.0421875 0.0046875 0.000338538
1 0.571875 0.003125 0.04375 0.00625 0.000339737
1 0.534375 0.003125 0.04375 0.00625 0.000340203
1 0.436719 0.00234375 0.0421875 0.0046875 0.000349753
1 0.339063 0.00234375 0.0375 0.0046875 0.000355244
1 0.514063 0.003125 0.04375 0.00625 0.000361473
1 0.363281 0.00234375 0.0453125 0.0046875 0.00036524
1 0.553125 0.003125 0.04375 0.00625 0.000369034
2 0.921094 0.961719 0.0359375 0.0765625 0.000375084
1 0.494531 0.003125 0.0421875 0.00625 0.000383632
1 0.41875 0.00234375 0.040625 0.0046875 0.000411854
1 0.476562 0.003125 0.04375 0.00625 0.000417531
2 0.321875 0.00234375 0.0375 0.0046875 0.000447342
2 0.630469 0.00234375 0.0453125 0.0046875 0.000472249
1 0.405469 0.00234375 0.0453125 0.0046875 0.000507354
1 0.610156 0.00234375 0.0421875 0.0046875 0.000525293
1 0.495313 0.00390625 0.065625 0.0078125 0.000538274
3 0.224219 0.985156 0.0453125 0.0296875 0.000543557
2 0.442187 0.00234375 0.046875 0.0046875 0.000559039
3 0.224219 0.98125 0.0265625 0.0375 0.000583898
1 0.566406 0.003125 0.0640625 0.00625 0.000586228
2 0.55625 0.003125 0.046875 0.00625 0.000625539
2 0.59375 0.003125 0.046875 0.00625 0.000653837
2 0.479688 0.003125 0.046875 0.00625 0.000676421
2 0.517187 0.003125 0.046875 0.00625 0.00074377
2 0.647656 0.788281 0.0296875 0.0234375 0.00121257
0 0.621875 0.988281 0.034375 0.0234375 0.0016024
3 0.65625 0.782812 0.040625 0.01875 0.00495697
3 0.648438 0.767969 0.034375 0.0140625 0.00834888
0 0.621875 0.994531 0.03125 0.0109375 0.0445898
3 0.644531 0.809375 0.0328125 0.025 0.431135
3 0.649219 0.775 0.0296875 0.0125 0.775988
2 0.644531 0.809375 0.0328125 0.025 0.838877
