3 0.236719 0.873438 0.0640625 0.15625 0.000100083
3 0.773438 0.555469 0.028125 0.0734375 0.000100809
0 0.794531 0.567187 0.0578125 0.1125 0.000101789
3 0.794531 0.182812 0.0546875 0.11875 0.000101892
3 0.7875 0.43125 0.015625 0.025 0.000102167
2 0.914062 0.171094 0.059375 0.0640625 0.000102591
0 0.583594 0.865625 0.0359375 0.025 0.000102881
3 0.224219 0.515625 0.0421875 0.040625 0.000103966
3 0.76875 0.142969 0.03125 0.0734375 0.000105767
3 0.221094 0.717188 0.0359375 0.046875 0.000105832
3 0.775 0.826563 0.025 0.075 0.000109725
3 0.774219 0.171094 0.0265625 0.0703125 0.000109919
3 0.221094 0.329688 0.0234375 0.065625 0.000110948
3 0.771875 0.75625 0.04375 0.04375 0.000111034
3 0.221875 0.864062 0.040625 0.040625 0.000113009
2 0.0179687 0.185156 0.0359375 0.0484375 0.000113283
0 0.146875 0.0796875 0.034375 0.046875 0.000114863
2 0.009375 0.184375 0.015625 0.096875 0.00011623
2 0.813281 0.773438 0.0546875 0.046875 0.000116773
2 0.796094 0.804688 0.0578125 0.11875 0.000117734
2 0.910156 0.280469 0.0609375 0.0359375 0.000117776
1 0.978125 0.973437 0.04375 0.05 0.000117945
1 0.128125 0.176563 0.0875 0.040625 0.000119106
1 0.0132813 0.964063 0.0265625 0.025 0.000120362
3 0.76875 0.164844 0.01875 0.0203125 0.00012082
3 0.220313 0.557813 0.021875 0.059375 0.000125302
2 0.222656 0.364062 0.0484375 0.040625 0.000125401
1 0.9875 0.966406 0.025 0.0671875 0.000126591
3 0.232812 0.723437 0.06875 0.146875 0.000127221
2 0.933594 0.41875 0.0734375 0.153125 0.000128678
2 0.814844 0.809375 0.0546875 0.046875 0.000129292
3 0.466406 0.427344 0.0296875 0.0140625 0.000129449
1 0.934375 0.575 0.06875 0.153125 0.000129483
1 0.38125 0.00234375 0.0375 0.0046875 0.000130251
2 0.226562 0.907812 0.03125 0.078125 0.000131376
2 0.815625 0.807813 0.021875 0.090625 0.000131555
2 0.220313 0.717969 0.021875 0.0609375 0.000131904
3 0.21875 0.674219 0.021875 0.0578125 0.000131922
3 0.48125 0.441406 0.03125 0.0234375 0.000133047
3 0.14375 0.121094 0.028125 0.0890625 0.000133257
3 0.220313 0.749219 0.021875 0.0640625 0.000134686
3 0.225781 0.482812 0.0234375 0.06875 0.000135406
1 0.127344 0.207813 0.0484375 0.059375 0.00013679
2 0.910156 0.278125 0.0265625 0.078125 0.000136857
0 0.1375 0.182031 0.028125 0.0734375 0.000138031
1 0.342187 0.00390625 0.06875 0.0078125 0.000138089
0 0.150781 0.0914062 0.0296875 0.0328125 0.000140847
2 0.889844 0.2375 0.0234375 0.09375 0.000141173
3 0.223438 0.517187 0.021875 0.0625 0.000142752
3 0.220313 0.828125 0.040625 0.040625 0.000144147
3 0.771094 0.75625 0.0234375 0.065625 0.000145241
3 0.258594 0.151562 0.0546875 0.04375 0.000145678
3 0.225781 0.980469 0.0578125 0.0390625 0.000146223
2 0.891406 0.207031 0.0296875 0.101562 0.00014705
3 0.777344 0.4375 0.0265625 0.065625 0.000151134
3 0.225 0.975 0.03125 0.05 0.000151238
1 0.279687 0.00546875 0.075 0.0109375 0.00015231
3 0.7875 0.10625 0.025 0.025 0.000155703
3 0.257812 0.152344 0.028125 0.0703125 0.000156095
2 0.814062 0.771875 0.021875 0.090625 0.000156471
2 0.880469 0.164844 0.0765625 0.0421875 0.000158995
3 0.221094 0.866406 0.0203125 0.0640625 0.000159036
2 0.869531 0.242969 0.0984375 0.157813 0.000159892
2 0.9125 0.169531 0.03125 0.0921875 0.000167748
2 0.222656 0.366406 0.0265625 0.0671875 0.000169414
3 0.211719 0.453125 0.0203125 0.028125 0.000171423
1 0.649219 0.00234375 0.0390625 0.0046875 0.000177283
1 0.128125 0.209375 0.0875 0.03125 0.000181554
1 0.127344 0.176563 0.0484375 0.065625 0.000182223
3 0.0179687 0.0851562 0.0359375 0.0453125 0.000184795
1 0.688281 0.00234375 0.0390625 0.0046875 0.000185528
1 0.66875 0.00234375 0.040625 0.0046875 0.000189042
3 0.220313 0.829687 0.021875 0.0625 0.000190694
1 0.551562 0.00234375 0.040625 0.0046875 0.000196682
3 0.792969 0.425 0.0140625 0.025 0.000197149
2 0.911719 0.207813 0.0578125 0.04375 0.000203163
0 0.570312 0.78125 0.034375 0.025 0.000205897
2 0.479688 0.00234375 0.04375 0.0046875 0.000206239
3 0.767187 0.755469 0.01875 0.0171875 0.000215083
3 0.222656 0.402344 0.0390625 0.0390625 0.000218923
1 0.639844 0.003125 0.0671875 0.00625 0.000230804
1 0.423438 0.003125 0.065625 0.00625 0.0002329
1 0.609375 0.00234375 0.040625 0.0046875 0.000241874
1 0.494531 0.00234375 0.0390625 0.0046875 0.000245881
2 0.796875 0.423438 0.05 0.103125 0.000248069
1 0.363281 0.00234375 0.0453125 0.0046875 0.00024816
1 0.633594 0.00234375 0.0453125 0.0046875 0.000249566
2 0.573438 0.00234375 0.040625 0.0046875 0.000250807
3 0.475781 0.421875 0.0390625 0.028125 0.000260916
3 0.0117188 0.0859375 0.0234375 0.078125 0.000268234
3 0.221875 0.403906 0.021875 0.0609375 0.000283359
1 0.574219 0.00234375 0.0390625 0.0046875 0.000291556
2 0.910937 0.20625 0.028125 0.084375 0.000316748
1 0.338281 0.00234375 0.0359375 0.0046875 0.000321857
0 0.141406 0.0882813 0.0328125 0.0859375 0.000339381
1 0.321875 0.00234375 0.0375 0.0046875 0.00034114
1 0.457031 0.00234375 0.0390625 0.0046875 0.000341464
1 0.41875 0.00234375 0.0375 0.0046875 0.000344922
2 0.883594 0.125 0.0328125 0.04375 0.000346038
2 0.914844 0.972656 0.0734375 0.0484375 0.000354053
1 0.590625 0.00234375 0.040625 0.0046875 0.000358515
1 0.567187 0.003125 0.0625 0.00625 0.000364773
0 0.577344 0.834375 0.0609375 0.046875 0.000367926
1 0.494531 0.00234375 0.0609375 0.0046875 0.000373471
0 0.583594 0.85 0.0421875 0.028125 0.000377646
2 0.321094 0.00234375 0.0359375 0.0046875 0.000388615
2 0.59375 0.00234375 0.04375 0.0046875 0.000398358
1 0.516406 0.00234375 0.0390625 0.0046875 0.0004121
1 0.53125 0.00234375 0.040625 0.0046875 0.000425903
2 0.516406 0.00234375 0.0453125 0.0046875 0.00043556
1 0.478125 0.00234375 0.04375 0.0046875 0.000441813
1 0.404687 0.00234375 0.04375 0.0046875 0.00044269
2 0.914844 0.961719 0.0359375 0.0765625 0.000443722
1 0.440625 0.00234375 0.04375 0.0046875 0.000446765
2 0.555469 0.00234375 0.0453125 0.0046875 0.000503992
0 0.578906 0.823438 0.0421875 0.03125 0.000561873
0 0.578125 0.832031 0.034375 0.0234375 0.00064094
2 0.221875 0.450781 0.021875 0.0609375 0.000668442
0 0.567187 0.748438 0.034375 0.028125 0.00078997
2 0.465625 0.428125 0.03125 0.021875 0.00089111
0 0.569531 0.771875 0.0328125 0.021875 0.0220319
1 0.594531 0.996094 0.0296875 0.0078125 0.065806
3 0.484375 0.466406 0.034375 0.0234375 0.44489
0 0.56875 0.763281 0.03125 0.0234375 0.764373
3 0.46875 0.432813 0.03125 0.0125 0.804838
2 0.483594 0.467187 0.0359375 0.021875 0.86412
