3 0.232031 0.371094 0.0359375 0.0765625 0.000100031
2 0.814062 0.389844 0.05625 0.0453125 0.000100698
2 0.297656 0.003125 0.0515625 0.00625 0.00010154
1 0.705469 0.00390625 0.0828125 0.0078125 0.000101827
2 0.814844 0.625 0.0234375 0.09375 0.00010333
2 0.815625 0.770312 0.0625 0.04375 0.000104383
1 0.0148437 0.965625 0.0296875 0.028125 0.00010637
1 0.932031 0.647656 0.0640625 0.151562 0.000106484
2 0.8125 0.659375 0.053125 0.046875 0.000109593
3 0.28125 0.925 0.021875 0.059375 0.000112306
2 0.892187 0.209375 0.034375 0.103125 0.000115396
3 0.763281 0.990625 0.0515625 0.01875 0.00011809
0 0.894531 0.14375 0.0453125 0.040625 0.000118628
2 0.888281 0.276563 0.0265625 0.09375 0.000119545
2 0.810938 0.738281 0.0625 0.0453125 0.000120406
0 0.14375 0.0804688 0.034375 0.0890625 0.000120884
3 0.774219 0.824219 0.0296875 0.0734375 0.00012178
2 0.710156 0.003125 0.0515625 0.00625 0.000122634
3 0.242969 0.932813 0.0671875 0.134375 0.000123614
3 0.370313 0.595312 0.01875 0.034375 0.000123647
3 0.775 0.553125 0.046875 0.040625 0.00012955
0 0.566406 0.804688 0.0640625 0.09375 0.000132116
2 0.878906 0.167187 0.0359375 0.090625 0.000133106
2 0.239844 0.89375 0.110937 0.090625 0.00013348
2 0.813281 0.889844 0.0671875 0.0484375 0.00013363
1 0.592969 0.992969 0.0421875 0.0109375 0.000135226
2 0.814062 0.388281 0.021875 0.0890625 0.000135292
0 0.142969 0.122656 0.0296875 0.0890625 0.000136787
0 0.579687 0.692187 0.053125 0.096875 0.000140159
3 0.0179687 0.0875 0.0359375 0.04375 0.00014061
2 0.911719 0.244531 0.0296875 0.0921875 0.000142224
2 0.810156 0.50625 0.0234375 0.084375 0.000143326
3 0.233594 0.391406 0.0453125 0.0390625 0.000147191
2 0.811719 0.736719 0.0265625 0.0921875 0.000151277
3 0.259375 0.157031 0.053125 0.0484375 0.000154197
1 0.705469 0.00234375 0.0453125 0.0046875 0.000154601
2 0.814062 0.8875 0.028125 0.096875 0.000157012
3 0.232812 0.391406 0.025 0.0609375 0.000164529
3 0.289062 0.288281 0.053125 0.117188 0.000170163
2 0.814062 0.657812 0.021875 0.090625 0.000172117
0 0.609375 0.946094 0.034375 0.0359375 0.00017405
0 0.155469 0.0679687 0.0328125 0.0359375 0.000175912
3 0.258594 0.157813 0.0296875 0.071875 0.000177909
2 0.910156 0.208594 0.0578125 0.0453125 0.000188063
1 0.34375 0.0046875 0.071875 0.009375 0.000197726
2 0.878906 0.167969 0.0734375 0.0453125 0.000199465
3 0.0117188 0.0875 0.0234375 0.075 0.000202806
1 0.289062 0.0046875 0.078125 0.009375 0.000214312
1 0.3625 0.00234375 0.040625 0.0046875 0.000226418
2 0.810938 0.813281 0.059375 0.0421875 0.000226756
3 0.789844 0.939844 0.0484375 0.0671875 0.000232928
3 0.775 0.553906 0.025 0.0671875 0.000237481
1 0.66875 0.003125 0.04375 0.00625 0.000238653
3 0.776563 0.942187 0.046875 0.040625 0.000243015
3 0.233594 0.978125 0.0578125 0.04375 0.000247813
2 0.241406 0.895312 0.0609375 0.146875 0.000261523
3 0.411719 0.622656 0.0484375 0.0390625 0.000267702
3 0.232031 0.972656 0.0296875 0.0546875 0.00027519
3 0.309375 0.589844 0.065625 0.135937 0.000277553
2 0.814844 0.69375 0.0453125 0.0375 0.000278285
2 0.811719 0.811719 0.0234375 0.0859375 0.00028241
1 0.398438 0.00234375 0.040625 0.0046875 0.000287465
2 0.885938 0.1375 0.040625 0.040625 0.000288888
2 0.910156 0.278125 0.0578125 0.034375 0.000291565
1 0.688281 0.00234375 0.0421875 0.0046875 0.000301684
2 0.915625 0.973437 0.075 0.046875 0.000303909
2 0.814844 0.692969 0.0171875 0.0765625 0.000311688
1 0.610156 0.003125 0.0421875 0.00625 0.000335026
1 0.422656 0.00390625 0.0703125 0.0078125 0.000335106
0 0.504687 0.595312 0.08125 0.05 0.000336182
1 0.379687 0.00234375 0.040625 0.0046875 0.000337779
2 0.909375 0.20625 0.028125 0.08125 0.000341294
1 0.338281 0.00234375 0.0390625 0.0046875 0.000341979
2 0.915625 0.961719 0.0375 0.0765625 0.000355403
1 0.635156 0.003125 0.0671875 0.00625 0.000364943
3 0.776563 0.942969 0.025 0.0609375 0.000366511
2 0.669531 0.003125 0.0453125 0.00625 0.000374129
2 0.909375 0.276563 0.028125 0.071875 0.000374413
1 0.63125 0.003125 0.04375 0.00625 0.000383727
3 0.411719 0.623438 0.0265625 0.05625 0.000387834
1 0.647656 0.003125 0.0421875 0.00625 0.000406611
1 0.455469 0.00234375 0.0421875 0.0046875 0.000416366
2 0.363281 0.00234375 0.0453125 0.0046875 0.00042158
1 0.475781 0.00234375 0.0421875 0.0046875 0.000429636
1 0.552344 0.00234375 0.0421875 0.0046875 0.00044115
2 0.573438 0.00234375 0.04375 0.0046875 0.000453502
0 0.6 0.860937 0.040625 0.0375 0.00046031
2 0.419531 0.00234375 0.0421875 0.0046875 0.000467948
2 0.632812 0.003125 0.046875 0.00625 0.000468107
1 0.573438 0.00234375 0.04375 0.0046875 0.00048516
0 0.589063 0.749219 0.0375 0.0296875 0.000487235
1 0.420312 0.00234375 0.040625 0.0046875 0.000498792
0 0.507031 0.595312 0.0515625 0.0875 0.000502948
2 0.496094 0.00234375 0.0421875 0.0046875 0.000534165
1 0.496094 0.00234375 0.0421875 0.0046875 0.000597947
2 0.532812 0.00234375 0.04375 0.0046875 0.000614117
1 0.589844 0.00234375 0.0421875 0.0046875 0.000616777
2 0.321094 0.00234375 0.0390625 0.0046875 0.000617097
1 0.4375 0.00234375 0.04375 0.0046875 0.00062482
1 0.533594 0.00234375 0.0421875 0.0046875 0.000650212
1 0.514844 0.003125 0.0421875 0.00625 0.000668478
0 0.592969 0.782812 0.0359375 0.028125 0.000675854
2 0.59375 0.003125 0.046875 0.00625 0.00067651
1 0.563281 0.003125 0.0640625 0.00625 0.000691987
1 0.495313 0.003125 0.065625 0.00625 0.000701733
2 0.440625 0.00234375 0.046875 0.0046875 0.00074486
2 0.405469 0.00234375 0.0453125 0.0046875 0.000788232
2 0.555469 0.00234375 0.0453125 0.0046875 0.000943339
2 0.480469 0.00234375 0.0453125 0.0046875 0.000963628
2 0.517187 0.00234375 0.046875 0.0046875 0.0011812
0 0.599219 0.846875 0.0328125 0.025 0.00251924
0 0.597656 0.822656 0.0328125 0.0546875 0.00304506
1 0.603906 0.994531 0.0296875 0.0109375 0.00358089
3 0.403125 0.609375 0.028125 0.03125 0.00673308
0 0.597656 0.835938 0.0359375 0.025 0.00814338
0 0.592188 0.771094 0.03125 0.0234375 0.0266826
1 0.608594 0.996875 0.0296875 0.00625 0.0712684
3 0.382031 0.609375 0.0359375 0.028125 0.315683
0 0.589844 0.763281 0.0328125 0.0234375 0.776396
3 0.371875 0.608594 0.015625 0.0296875 0.829907
2 0.402344 0.609375 0.0265625 0.03125 0.886127
