2 0.225 0.823438 0.05 0.046875 0.00010002
0 0.884375 0.417188 0.01875 0.078125 0.000100229
0 0.142188 0.105469 0.034375 0.0640625 0.000101218
1 0.0984375 0.190625 0.040625 0.0125 0.000101921
1 0.978125 0.974219 0.04375 0.0515625 0.000101933
2 0.226562 0.554688 0.05 0.04375 0.000104433
3 0.226562 0.363281 0.0375 0.0796875 0.00010494
0 0.884375 0.417969 0.053125 0.0359375 0.000105089
1 0.726562 0.00234375 0.04375 0.0046875 0.00010521
3 0.24375 0.335938 0.075 0.128125 0.00010532
2 0.708594 0.003125 0.0515625 0.00625 0.000105449
3 0.784375 0.640625 0.015625 0.03125 0.000106054
2 0.809375 0.507031 0.053125 0.0453125 0.000106074
3 0.226562 0.972656 0.065625 0.0484375 0.000106203
0 0.885156 0.533594 0.0203125 0.0765625 0.000107918
0 0.1375 0.0820312 0.034375 0.0921875 0.000108194
2 0.8125 0.425781 0.025 0.0828125 0.00010887
0 0.885156 0.534375 0.0546875 0.034375 0.000108914
2 0.0101562 0.185937 0.0171875 0.096875 0.000109824
2 0.0179687 0.186719 0.0359375 0.0484375 0.00011052
3 0.796875 0.491406 0.053125 0.117188 0.000112209
2 0.814844 0.576563 0.0234375 0.090625 0.000112371
2 0.235156 0.435156 0.0671875 0.0484375 0.000113751
1 0.708594 0.00234375 0.0453125 0.0046875 0.000114984
2 0.222656 0.3375 0.0328125 0.078125 0.00011659
2 0.821094 0.357812 0.0265625 0.090625 0.000116635
3 0.775781 0.514063 0.0265625 0.075 0.000117966
1 0.9875 0.966406 0.025 0.0671875 0.000118929
3 0.775 0.447656 0.028125 0.0765625 0.000124971
2 0.222656 0.7125 0.0234375 0.06875 0.000126078
3 0.28125 0.503125 0.0375 0.103125 0.000126287
2 0.84375 0.397656 0.021875 0.0671875 0.000127341
3 0.225781 0.967969 0.0359375 0.0640625 0.000128929
2 0.227344 0.482031 0.0578125 0.0453125 0.000129145
2 0.23125 0.949219 0.0625 0.0453125 0.000129376
1 0.0117188 0.964063 0.0234375 0.028125 0.00012967
2 0.8125 0.621094 0.025 0.0890625 0.000132074
3 0.151562 0.25625 0.078125 0.1125 0.00013405
3 0.245312 0.409375 0.059375 0.146875 0.000134893
3 0.222656 0.628906 0.0421875 0.0390625 0.000135253
2 0.29375 0.003125 0.05 0.00625 0.000135338
3 0.707031 0.348437 0.0265625 0.015625 0.000135395
2 0.225 0.597656 0.04375 0.0453125 0.000138799
3 0.0179687 0.0867188 0.0359375 0.0453125 0.000139527
3 0.774219 0.63125 0.0484375 0.040625 0.000139889
3 0.223438 0.864844 0.046875 0.0453125 0.000148368
1 0.126563 0.208594 0.046875 0.0578125 0.000152138
2 0.224219 0.825 0.0265625 0.075 0.000153825
2 0.221875 0.675781 0.0375 0.0421875 0.000159465
2 0.225 0.555469 0.028125 0.0703125 0.000164446
2 0.228125 0.410937 0.065625 0.053125 0.000165457
2 0.227344 0.517969 0.0328125 0.0765625 0.000171692
2 0.810156 0.505469 0.0234375 0.0828125 0.000171741
3 0.828906 0.398438 0.0140625 0.025 0.000173035
3 0.222656 0.63125 0.0234375 0.0625 0.000173658
3 0.235156 0.436719 0.0390625 0.0765625 0.000175533
1 0.6875 0.00234375 0.04375 0.0046875 0.000176099
2 0.227344 0.483594 0.0328125 0.0734375 0.000178649
1 0.3375 0.0046875 0.071875 0.009375 0.000179268
3 0.935156 0.503125 0.0734375 0.103125 0.000183033
1 0.126563 0.210156 0.0875 0.0296875 0.000203603
3 0.0117188 0.0875 0.0234375 0.075 0.000204441
1 0.360938 0.00234375 0.040625 0.0046875 0.000208975
3 0.221875 0.676562 0.021875 0.059375 0.000209923
2 0.23125 0.950781 0.0375 0.0734375 0.000212276
1 0.2875 0.0046875 0.078125 0.009375 0.000212754
2 0.225 0.598437 0.025 0.06875 0.00021486
3 0.222656 0.866406 0.0265625 0.0703125 0.0002171
1 0.38125 0.00234375 0.040625 0.0046875 0.000232343
3 0.774219 0.632031 0.0265625 0.0671875 0.00025116
1 0.65 0.003125 0.04375 0.00625 0.000259034
1 0.552344 0.003125 0.0453125 0.00625 0.000260288
2 0.670313 0.003125 0.046875 0.00625 0.000275532
3 0.221875 0.749219 0.021875 0.0609375 0.000276162
3 0.844531 0.423438 0.126563 0.1 0.000276481
2 0.557813 0.785937 0.0375 0.015625 0.000277561
2 0.228125 0.4125 0.0375 0.084375 0.000280889
2 0.916406 0.972656 0.0765625 0.0484375 0.00029018
2 0.935938 0.503906 0.0625 0.148438 0.000296768
1 0.635156 0.00390625 0.0703125 0.0078125 0.000322393
1 0.427344 0.00390625 0.0703125 0.0078125 0.000324671
1 0.417969 0.00234375 0.0421875 0.0046875 0.00034907
1 0.398438 0.00234375 0.040625 0.0046875 0.000352079
1 0.439063 0.00234375 0.04375 0.0046875 0.000354221
2 0.573438 0.00234375 0.04375 0.0046875 0.000354868
2 0.796875 0.648438 0.05 0.1 0.000366791
1 0.667969 0.00234375 0.0421875 0.0046875 0.000368595
3 0.282813 0.364062 0.04375 0.096875 0.00036922
1 0.574219 0.003125 0.0453125 0.00625 0.000377834
2 0.53125 0.00234375 0.04375 0.0046875 0.000383912
1 0.629687 0.00234375 0.04375 0.0046875 0.000385541
2 0.916406 0.960938 0.0390625 0.078125 0.000390806
0 0.592969 0.99375 0.0421875 0.0125 0.000399771
2 0.457812 0.00234375 0.04375 0.0046875 0.000411546
2 0.221875 0.796094 0.025 0.0671875 0.000413518
3 0.846094 0.425 0.0734375 0.15625 0.000417752
1 0.457812 0.003125 0.04375 0.00625 0.000418603
2 0.610937 0.00234375 0.04375 0.0046875 0.000420147
2 0.363281 0.00234375 0.0453125 0.0046875 0.000423838
1 0.610937 0.003125 0.04375 0.00625 0.000428587
1 0.532812 0.00234375 0.04375 0.0046875 0.000436525
2 0.632812 0.003125 0.046875 0.00625 0.000453116
0 0.597656 0.971094 0.0421875 0.0359375 0.000458424
1 0.338281 0.00234375 0.0390625 0.0046875 0.000473147
1 0.590625 0.00234375 0.04375 0.0046875 0.000475157
2 0.338281 0.00234375 0.0390625 0.0046875 0.000477591
2 0.494531 0.00234375 0.0421875 0.0046875 0.000482142
2 0.322656 0.00234375 0.0390625 0.0046875 0.000500375
1 0.495313 0.00234375 0.04375 0.0046875 0.000509594
2 0.404687 0.00234375 0.046875 0.0046875 0.000519504
1 0.514844 0.003125 0.0453125 0.00625 0.000521503
1 0.564844 0.00390625 0.0671875 0.0078125 0.000537712
1 0.475781 0.003125 0.0421875 0.00625 0.000584523
1 0.491406 0.00390625 0.0640625 0.0078125 0.000686353
3 0.280469 0.442187 0.0296875 0.078125 0.000701083
2 0.595312 0.003125 0.046875 0.00625 0.000710342
2 0.55625 0.003125 0.046875 0.00625 0.000726339
2 0.44375 0.003125 0.046875 0.00625 0.000751321
2 0.515625 0.003125 0.046875 0.00625 0.000844812
2 0.478906 0.003125 0.0453125 0.00625 0.00106758
3 0.54375 0.772656 0.0375 0.0203125 0.00107577
3 0.828906 0.389844 0.0109375 0.0234375 0.00116151
0 0.601562 0.989062 0.0375 0.021875 0.00205975
0 0.603125 0.995313 0.034375 0.009375 0.0582427
3 0.555469 0.807813 0.0359375 0.021875 0.397339
3 0.54375 0.774219 0.03125 0.0109375 0.784959
2 0.554688 0.807813 0.034375 0.021875 0.836452
