3 0.821875 0.615625 0.05 0.053125 0.000100213
3 0.766406 0.857813 0.0203125 0.025 0.000100232
3 0.774219 0.864062 0.0484375 0.053125 0.000101197
2 0.819531 0.6875 0.0203125 0.0875 0.000101396
1 0.0132813 0.583594 0.0265625 0.164062 0.000101575
3 0.81875 0.689062 0.053125 0.040625 0.000102615
1 0.0992187 0.189844 0.0390625 0.0140625 0.000103386
2 0.875 0.621094 0.025 0.0796875 0.000103899
3 0.241406 0.413281 0.0640625 0.142188 0.000106682
2 0.875 0.620313 0.059375 0.04375 0.000107489
3 0.907812 0.549219 0.046875 0.0390625 0.00010861
1 0.705469 0.00234375 0.0390625 0.0046875 0.000108961
1 0.929688 0.796875 0.06875 0.15 0.000110001
3 0.914062 0.660156 0.071875 0.101562 0.000110465
2 0.866406 0.647656 0.101562 0.164062 0.000111176
2 0.913281 0.660937 0.107813 0.090625 0.000111625
0 0.14375 0.0757812 0.034375 0.0890625 0.000112266
2 0.813281 0.810938 0.0265625 0.09375 0.000113092
1 0.708594 0.003125 0.0671875 0.00625 0.000113514
3 0.220313 0.635156 0.021875 0.0609375 0.000114682
0 0.617188 0.707031 0.04375 0.0328125 0.000115114
3 0.822656 0.614844 0.0234375 0.0828125 0.000117181
0 0.142188 0.120312 0.03125 0.090625 0.000117796
3 0.225 0.479688 0.025 0.06875 0.000118164
1 0.378906 0.00234375 0.0359375 0.0046875 0.000121407
3 0.914844 0.596094 0.0640625 0.142188 0.000121928
1 0.0117188 0.964063 0.0234375 0.028125 0.000122232
3 0.225781 0.328125 0.0296875 0.071875 0.000124021
1 0.277344 0.0046875 0.0765625 0.009375 0.000125386
0 0.61875 0.855469 0.028125 0.0453125 0.000125405
0 0.884375 0.632031 0.04375 0.0546875 0.000126608
1 0.125 0.210938 0.04375 0.05625 0.000128364
0 0.614844 0.79375 0.0859375 0.0625 0.000129015
2 0.228125 0.404687 0.046875 0.046875 0.000131094
3 0.794531 0.864062 0.0578125 0.103125 0.000131904
1 0.339844 0.00390625 0.0671875 0.0078125 0.000132367
2 0.0171875 0.186719 0.034375 0.0484375 0.000133902
1 0.126563 0.173438 0.046875 0.0625 0.000134215
3 0.925 0.725 0.075 0.1 0.000135122
3 0.221094 0.594531 0.0203125 0.0609375 0.000135168
3 0.0117188 0.0859375 0.0234375 0.078125 0.000135297
0 0.61875 0.85625 0.05625 0.065625 0.000135553
2 0.221875 0.676562 0.021875 0.065625 0.0001356
3 0.89375 0.560156 0.034375 0.0578125 0.000136139
3 0.253906 0.1875 0.0265625 0.06875 0.000137836
2 0.0101562 0.185156 0.0171875 0.0953125 0.000138379
3 0.255469 0.185937 0.0484375 0.046875 0.00013846
0 0.61875 0.802344 0.05625 0.114063 0.000141685
2 0.223438 0.752344 0.034375 0.0453125 0.000141892
3 0.228125 0.941406 0.059375 0.117188 0.000147015
2 0.708594 0.00234375 0.0453125 0.0046875 0.000147107
2 0.221094 0.711719 0.0359375 0.0421875 0.000148812
2 0.223438 0.820312 0.04375 0.04375 0.000149214
0 0.616406 0.753906 0.0421875 0.0296875 0.000149941
0 0.613281 0.632031 0.0453125 0.0328125 0.000150116
3 0.980469 0.976562 0.0390625 0.046875 0.000150795
2 0.992188 0.985937 0.015625 0.028125 0.000159756
3 0.774219 0.864844 0.0265625 0.0734375 0.000163642
2 0.220313 0.559375 0.040625 0.040625 0.000164114
2 0.228125 0.441406 0.05 0.0421875 0.000166373
0 0.614062 0.513281 0.0375 0.0296875 0.000169283
0 0.617188 0.632812 0.05 0.065625 0.000169344
0 0.884375 0.632031 0.021875 0.0765625 0.00017068
3 0.892969 0.561719 0.0171875 0.0765625 0.000179081
1 0.3375 0.00234375 0.034375 0.0046875 0.000179152
1 0.125781 0.2125 0.0828125 0.028125 0.000182582
2 0.979688 0.975781 0.040625 0.0390625 0.000187471
3 0.228125 0.407031 0.025 0.0734375 0.000189838
0 0.615625 0.853906 0.03125 0.0234375 0.000190638
2 0.813281 0.774219 0.0484375 0.0421875 0.000191415
3 0.228125 0.442187 0.046875 0.05 0.000192236
3 0.222656 0.821875 0.0234375 0.06875 0.000192543
1 0.925781 0.725 0.0609375 0.146875 0.000193513
3 0.939844 0.910156 0.0765625 0.0953125 0.000193709
2 0.915625 0.974219 0.071875 0.0453125 0.000194146
3 0.220313 0.974219 0.05625 0.0359375 0.000196128
2 0.914062 0.660937 0.059375 0.14375 0.000196284
2 0.221094 0.713281 0.0203125 0.0609375 0.000203548
0 0.616406 0.664062 0.0421875 0.03125 0.000208336
0 0.614844 0.78125 0.0296875 0.025 0.000209171
1 0.939062 0.910937 0.109375 0.0875 0.000209882
2 0.226562 0.367969 0.05 0.0421875 0.000209897
0 0.615625 0.834375 0.03125 0.025 0.000210341
0 0.614062 0.642969 0.03125 0.0234375 0.000210714
1 0.320312 0.00234375 0.034375 0.0046875 0.000211355
2 0.220313 0.560156 0.021875 0.0609375 0.000212762
2 0.222656 0.753125 0.0203125 0.065625 0.000219287
1 0.363281 0.00234375 0.0453125 0.0046875 0.000222797
2 0.915625 0.964063 0.034375 0.071875 0.000228659
0 0.653906 0.367188 0.0390625 0.0625 0.000229245
3 0.219531 0.972656 0.0296875 0.0546875 0.000235454
2 0.9875 0.969531 0.025 0.0609375 0.000237172
0 0.653906 0.366406 0.0640625 0.0359375 0.000239705
2 0.814062 0.772656 0.01875 0.0828125 0.000241297
1 0.428125 0.003125 0.0625 0.00625 0.000243821
2 0.228125 0.442969 0.028125 0.0671875 0.000245075
1 0.457031 0.00234375 0.0390625 0.0046875 0.000265564
0 0.621094 0.989844 0.0328125 0.0203125 0.000274367
2 0.225781 0.944531 0.0296875 0.0640625 0.000278126
1 0.417969 0.00234375 0.0359375 0.0046875 0.000278662
2 0.223438 0.902344 0.0375 0.0421875 0.00027936
1 0.63125 0.003125 0.040625 0.00625 0.000286298
0 0.614844 0.60625 0.0328125 0.025 0.000287638
2 0.222656 0.51875 0.0359375 0.0375 0.00029655
2 0.610156 0.00234375 0.0390625 0.0046875 0.000298657
2 0.225781 0.369531 0.0296875 0.0671875 0.000299067
1 0.553125 0.00234375 0.040625 0.0046875 0.000299636
2 0.48125 0.00234375 0.040625 0.0046875 0.000301183
1 0.685938 0.00234375 0.0375 0.0046875 0.000308606
0 0.616406 0.817969 0.0359375 0.0328125 0.000316439
0 0.614062 0.624219 0.03125 0.0234375 0.000323443
1 0.642187 0.00234375 0.059375 0.0046875 0.000332084
1 0.610156 0.00234375 0.0390625 0.0046875 0.000339426
0 0.614844 0.792969 0.0296875 0.0234375 0.00034372
1 0.589844 0.003125 0.0390625 0.00625 0.000362
1 0.403906 0.00234375 0.0421875 0.0046875 0.000405039
3 0.222656 0.519531 0.0203125 0.0546875 0.000407514
2 0.224219 0.788281 0.0234375 0.0640625 0.000409779
2 0.222656 0.903125 0.0203125 0.0625 0.000415053
1 0.501562 0.00234375 0.059375 0.0046875 0.000424796
1 0.940625 0.910156 0.065625 0.139062 0.000430663
1 0.571094 0.00234375 0.0609375 0.0046875 0.000445138
2 0.221094 0.872656 0.0203125 0.0609375 0.000454442
1 0.495313 0.00234375 0.0375 0.0046875 0.000469777
1 0.442187 0.00234375 0.04375 0.0046875 0.000476531
1 0.53125 0.00234375 0.0375 0.0046875 0.000480441
2 0.649219 0.00234375 0.0390625 0.0046875 0.000510651
1 0.514844 0.00234375 0.0390625 0.0046875 0.00052658
2 0.66875 0.00234375 0.0375 0.0046875 0.000569099
1 0.571094 0.00234375 0.0390625 0.0046875 0.000605001
2 0.571094 0.00234375 0.0390625 0.0046875 0.000646056
2 0.634375 0.00234375 0.04375 0.0046875 0.000661675
1 0.480469 0.00234375 0.0421875 0.0046875 0.000671205
2 0.592188 0.00234375 0.04375 0.0046875 0.000751068
2 0.517187 0.00234375 0.04375 0.0046875 0.000769165
0 0.615625 0.579687 0.034375 0.040625 0.000795995
2 0.554688 0.00234375 0.04375 0.0046875 0.000829165
0 0.615625 0.549219 0.028125 0.0234375 0.00144964
2 0.684375 0.286719 0.034375 0.0359375 0.00197775
3 0.682031 0.276563 0.0328125 0.021875 0.00303541
3 0.697656 0.267969 0.0296875 0.0265625 0.00415561
0 0.617188 0.528125 0.03125 0.025 0.00741984
1 0.621094 0.996875 0.0265625 0.00625 0.119345
3 0.678125 0.295312 0.034375 0.034375 0.385147
0 0.616406 0.536719 0.0296875 0.0234375 0.683723
3 0.690625 0.273438 0.025 0.01875 0.685969
2 0.678906 0.296094 0.0328125 0.0328125 0.865325
