1 0.978125 0.974219 0.04375 0.0515625 0.000103447
3 0.8125 0.775781 0.053125 0.0421875 0.00010624
1 0.932031 0.571094 0.0671875 0.151562 0.00010654
3 0.775781 0.639844 0.0296875 0.0734375 0.000107301
0 0.142188 0.865625 0.034375 0.075 0.000107508
3 0.778125 0.114844 0.040625 0.0234375 0.00010812
3 0.0117188 0.0875 0.0234375 0.078125 0.000108415
0 0.14375 0.0242187 0.04375 0.0484375 0.00011014
3 0.148438 0.809375 0.078125 0.15 0.000110907
0 0.138281 0.185156 0.0328125 0.0640625 0.000110925
2 0.814062 0.8125 0.021875 0.090625 0.000111451
1 0.988281 0.965625 0.0234375 0.06875 0.000113233
3 0.776563 0.553906 0.025 0.0765625 0.000113921
2 0.813281 0.544531 0.0265625 0.0921875 0.000114614
0 0.139844 0.111719 0.0328125 0.0859375 0.000115227
3 0.25 0.410156 0.059375 0.135937 0.000116057
3 0.423438 0.696875 0.03125 0.025 0.000116282
2 0.907812 0.317187 0.0625 0.03125 0.00011858
3 0.770312 0.471875 0.021875 0.059375 0.000118603
2 0.907812 0.314844 0.028125 0.0703125 0.000118989
2 0.866406 0.266406 0.0984375 0.160938 0.0001192
2 0.414844 0.700781 0.0359375 0.0328125 0.000119912
2 0.888281 0.244531 0.0265625 0.0953125 0.000120366
0 0.148438 0.0914062 0.05625 0.0453125 0.000120853
2 0.796094 0.564062 0.0515625 0.10625 0.000123983
0 0.576563 0.7375 0.05 0.034375 0.000125492
2 0.0179687 0.1875 0.0359375 0.05 0.000126495
2 0.883594 0.239063 0.0734375 0.040625 0.000127658
3 0.28125 0.308594 0.028125 0.0734375 0.000128607
1 0.126563 0.213281 0.04375 0.0640625 0.000129008
0 0.139844 0.796094 0.0328125 0.0671875 0.000129387
1 0.261719 0.003125 0.0515625 0.00625 0.000130273
1 0.127344 0.214844 0.0828125 0.0359375 0.000133129
3 0.778906 0.253906 0.0171875 0.0328125 0.000133786
3 0.23125 0.44375 0.03125 0.071875 0.000133904
2 0.80625 0.5 0.078125 0.146875 0.000134746
0 0.141406 0.230469 0.0359375 0.0796875 0.000135937
2 0.0101562 0.185937 0.0171875 0.096875 0.00013702
3 0.228906 0.471875 0.0265625 0.065625 0.000142159
3 0.257812 0.191406 0.0625 0.0421875 0.00014221
0 0.885938 0.15625 0.04375 0.090625 0.000150466
2 0.296094 0.003125 0.0515625 0.00625 0.00015223
1 0.2875 0.00546875 0.08125 0.0109375 0.000152974
3 0.764844 0.255469 0.0203125 0.0234375 0.000157937
2 0.813281 0.775 0.0203125 0.084375 0.000158864
2 0.813281 0.345313 0.0546875 0.04375 0.000164047
3 0.257812 0.191406 0.034375 0.0703125 0.000176171
2 0.79375 0.645312 0.053125 0.109375 0.000178592
0 0.60625 0.897656 0.04375 0.0328125 0.000182663
0 0.583594 0.748438 0.0421875 0.03125 0.000185407
0 0.155469 0.065625 0.0359375 0.0375 0.000185749
1 0.361719 0.00234375 0.0421875 0.0046875 0.0001973
0 0.609375 0.940625 0.034375 0.034375 0.000199759
1 0.628906 0.003125 0.0453125 0.00625 0.000203679
3 0.253906 0.332812 0.0734375 0.125 0.000205246
1 0.345313 0.00546875 0.075 0.0109375 0.000206288
2 0.914844 0.973437 0.0765625 0.046875 0.000210585
2 0.814062 0.344531 0.021875 0.0859375 0.000212697
3 0.283594 0.304688 0.0515625 0.096875 0.000213354
0 0.146875 0.0734375 0.0375 0.084375 0.000215563
1 0.650781 0.003125 0.0453125 0.00625 0.00021782
1 0.382031 0.00234375 0.0421875 0.0046875 0.000221515
3 0.76875 0.463281 0.015625 0.0140625 0.00022174
1 0.686719 0.003125 0.0453125 0.00625 0.000229284
0 0.153125 0.0515625 0.0375 0.0375 0.000247455
2 0.914844 0.961719 0.0359375 0.0765625 0.000251004
3 0.375 0.710938 0.025 0.034375 0.000256967
2 0.907812 0.242969 0.053125 0.0359375 0.000267721
1 0.574219 0.003125 0.0453125 0.00625 0.000279875
2 0.669531 0.003125 0.0453125 0.00625 0.000288259
1 0.670313 0.003125 0.04375 0.00625 0.000299651
1 0.552344 0.003125 0.0453125 0.00625 0.000300419
2 0.815625 0.2625 0.021875 0.08125 0.000326
2 0.814844 0.264062 0.0515625 0.040625 0.000327622
1 0.635156 0.00390625 0.0734375 0.0078125 0.000339832
3 0.778125 0.460156 0.0125 0.0203125 0.000348454
1 0.420312 0.0046875 0.071875 0.009375 0.000363307
2 0.609375 0.003125 0.04375 0.00625 0.000367759
2 0.907031 0.242188 0.0265625 0.06875 0.000369939
1 0.610156 0.003125 0.0453125 0.00625 0.000398052
2 0.496094 0.00234375 0.0453125 0.0046875 0.000414156
1 0.438281 0.00234375 0.0453125 0.0046875 0.000424857
2 0.632812 0.003125 0.05 0.00625 0.000443907
1 0.475 0.003125 0.04375 0.00625 0.000444248
2 0.45625 0.00234375 0.04375 0.0046875 0.000446944
1 0.4 0.00234375 0.04375 0.0046875 0.000448579
1 0.496875 0.003125 0.04375 0.00625 0.000449036
2 0.338281 0.00234375 0.0421875 0.0046875 0.00046187
1 0.592969 0.003125 0.0453125 0.00625 0.000467829
1 0.45625 0.003125 0.04375 0.00625 0.000473409
2 0.365625 0.00234375 0.046875 0.0046875 0.000488004
0 0.601562 0.882812 0.0375 0.03125 0.000497588
2 0.322656 0.00234375 0.0421875 0.0046875 0.000540898
1 0.417969 0.00234375 0.0421875 0.0046875 0.000604409
2 0.417969 0.00234375 0.0421875 0.0046875 0.000617105
2 0.59375 0.003125 0.046875 0.00625 0.00061911
1 0.560156 0.00390625 0.0671875 0.0078125 0.000623864
3 0.282031 0.350781 0.0390625 0.0953125 0.000668752
1 0.492969 0.00390625 0.0671875 0.0078125 0.000703569
2 0.555469 0.003125 0.0484375 0.00625 0.000749709
2 0.532031 0.00234375 0.0453125 0.0046875 0.000811306
2 0.404687 0.00234375 0.046875 0.0046875 0.000829333
2 0.48125 0.003125 0.046875 0.00625 0.000854889
2 0.439063 0.00234375 0.046875 0.0046875 0.000875173
0 0.574219 0.792188 0.0484375 0.05625 0.000933561
2 0.517187 0.003125 0.046875 0.00625 0.00105422
0 0.589063 0.791406 0.034375 0.0265625 0.00137079
0 0.597656 0.867188 0.0328125 0.021875 0.00202066
0 0.592969 0.83125 0.0328125 0.040625 0.00299904
0 0.571094 0.763281 0.0390625 0.0234375 0.00404959
0 0.596094 0.857813 0.0328125 0.025 0.00472078
3 0.377344 0.734375 0.0359375 0.053125 0.00540413
0 0.589063 0.805469 0.034375 0.0453125 0.00890698
0 0.58125 0.758594 0.0375 0.0265625 0.0131109
1 0.609375 0.996875 0.028125 0.00625 0.0572477
0 0.585938 0.780469 0.034375 0.0234375 0.0731714
3 0.403125 0.709375 0.034375 0.03125 0.38012
0 0.583594 0.769531 0.0359375 0.0265625 0.742174
3 0.382031 0.725781 0.0234375 0.0234375 0.804473
2 0.40625 0.709375 0.034375 0.03125 0.845867
