3 0.792969 0.864062 0.0578125 0.109375 0.000100021
3 0.225781 0.439844 0.0578125 0.0421875 0.00010053
3 0.965625 0.9375 0.06875 0.125 0.000101313
1 0.0125 0.503906 0.025 0.164062 0.000101805
3 0.765625 0.835156 0.046875 0.0515625 0.000102396
1 0.647656 0.00234375 0.0390625 0.0046875 0.000102832
3 0.2625 0.152344 0.028125 0.0765625 0.000103062
1 0.324219 0.00234375 0.0453125 0.0046875 0.000103252
3 0.2125 0.642969 0.021875 0.0296875 0.000103312
3 0.224219 0.515625 0.0484375 0.040625 0.000103696
2 0.223438 0.750781 0.04375 0.0453125 0.000104531
1 0.340625 0.0046875 0.071875 0.009375 0.0001058
3 0.140625 0.159375 0.034375 0.09375 0.000105979
2 0.228906 0.900781 0.0515625 0.0453125 0.000106248
1 0.339063 0.00234375 0.034375 0.0046875 0.000106661
1 0.0125 0.584375 0.025 0.1625 0.000107389
1 0.526563 0.104687 0.0625 0.021875 0.000107639
2 0.992188 0.957812 0.015625 0.078125 0.00010829
0 0.611719 0.674219 0.0359375 0.0265625 0.000108612
0 0.611719 0.720312 0.0296875 0.025 0.000108951
3 0.914844 0.732813 0.0703125 0.15 0.00011104
2 0.815625 0.76875 0.059375 0.046875 0.000112453
1 0.126563 0.175 0.046875 0.06875 0.000112811
2 0.846875 0.746875 0.103125 0.165625 0.000115013
3 0.220313 0.559375 0.04375 0.040625 0.000115194
3 0.225781 0.482031 0.0265625 0.0703125 0.000115789
1 0.0117188 0.964063 0.0234375 0.028125 0.000118582
2 0.0179687 0.186719 0.0359375 0.0484375 0.000119748
3 0.221875 0.788281 0.040625 0.0421875 0.000120653
3 0.2625 0.189063 0.053125 0.05 0.000121162
3 0.222656 0.824219 0.0234375 0.0703125 0.000121588
2 0.0101562 0.185156 0.0171875 0.0953125 0.000121927
3 0.770312 0.802344 0.028125 0.0796875 0.000122433
3 0.277344 0.328906 0.0265625 0.0640625 0.000122637
0 0.641406 0.455469 0.0578125 0.0359375 0.000123861
3 0.228906 0.408594 0.0328125 0.0765625 0.00012402
3 0.222656 0.672656 0.0390625 0.0390625 0.000124814
1 0.599219 0.103125 0.0578125 0.021875 0.000126931
3 0.261719 0.189063 0.0296875 0.071875 0.000126955
3 0.2125 0.308594 0.021875 0.0296875 0.000127247
0 0.611719 0.453125 0.0578125 0.040625 0.000132084
1 0.282031 0.00546875 0.0796875 0.0109375 0.000133614
1 0.416406 0.00234375 0.0359375 0.0046875 0.000135532
3 0.782031 0.124219 0.0171875 0.0296875 0.000137741
2 0.817187 0.767969 0.025 0.0921875 0.000138197
3 0.221094 0.714844 0.0234375 0.0640625 0.000139307
1 0.534375 0.00234375 0.040625 0.0046875 0.000139657
3 0.223438 0.517187 0.025 0.065625 0.000141316
1 0.6375 0.003125 0.071875 0.00625 0.000143247
3 0.771875 0.932813 0.05 0.046875 0.000145939
3 0.225 0.442187 0.03125 0.071875 0.000146772
2 0.228125 0.902344 0.028125 0.0703125 0.000147658
1 0.125781 0.210938 0.0453125 0.059375 0.000150492
2 0.920313 0.973437 0.071875 0.04375 0.000155578
1 0.570312 0.00234375 0.040625 0.0046875 0.000156791
3 0.765625 0.892187 0.021875 0.071875 0.000157944
1 0.610156 0.00234375 0.0390625 0.0046875 0.0001587
1 0.561719 0.10625 0.0578125 0.01875 0.000159055
3 0.765625 0.836719 0.025 0.0734375 0.000160784
2 0.223438 0.752344 0.025 0.0671875 0.000161012
3 0.221875 0.789062 0.021875 0.0625 0.000162981
3 0.220313 0.560156 0.021875 0.0640625 0.000163614
1 0.364844 0.00234375 0.0453125 0.0046875 0.000163675
3 0.0179687 0.0890625 0.0359375 0.04375 0.000165245
3 0.154687 0.25625 0.075 0.109375 0.000165762
3 0.222656 0.673437 0.0203125 0.059375 0.00017465
0 0.610156 0.774219 0.0390625 0.0296875 0.000176211
0 0.6125 0.720312 0.05 0.1 0.000181077
3 0.771094 0.933594 0.0265625 0.0671875 0.000181178
3 0.221094 0.592188 0.0390625 0.0375 0.000188078
1 0.60625 0.989844 0.034375 0.0171875 0.000189458
2 0.919531 0.964063 0.0328125 0.071875 0.000190305
1 0.594531 0.99375 0.0390625 0.009375 0.000193645
1 0.632031 0.00234375 0.0484375 0.0046875 0.000196957
1 0.125781 0.211719 0.0859375 0.0296875 0.000201252
2 0.889844 0.146875 0.0953125 0.146875 0.000204936
2 0.992188 0.985937 0.015625 0.028125 0.00020997
2 0.811719 0.142188 0.0765625 0.13125 0.000216766
0 0.613281 0.708594 0.0390625 0.0328125 0.000217154
1 0.426562 0.003125 0.065625 0.00625 0.000218442
3 0.921094 0.800781 0.0734375 0.0953125 0.00022145
1 0.457031 0.00234375 0.0390625 0.0046875 0.000224976
2 0.225781 0.94375 0.0296875 0.0625 0.000230073
3 0.221094 0.594531 0.0203125 0.0578125 0.000233109
3 0.0117188 0.0890625 0.0234375 0.075 0.00024066
1 0.494531 0.00234375 0.0390625 0.0046875 0.000257556
1 0.403125 0.00234375 0.04375 0.0046875 0.000263114
1 0.59375 0.00234375 0.046875 0.0046875 0.000264857
1 0.553125 0.00234375 0.040625 0.0046875 0.0002676
1 0.567969 0.00234375 0.0640625 0.0046875 0.000278853
2 0.921094 0.801562 0.0609375 0.1375 0.000279978
1 0.517187 0.00234375 0.046875 0.0046875 0.000291957
2 0.980469 0.976562 0.0390625 0.0375 0.000295896
3 0.772656 0.867969 0.0421875 0.0390625 0.00029997
1 0.44375 0.00234375 0.046875 0.0046875 0.000305291
0 0.611719 0.749219 0.0359375 0.0296875 0.000305897
0 0.619531 0.500781 0.0359375 0.0359375 0.000311292
3 0.935938 0.915625 0.103125 0.08125 0.000325675
1 0.492188 0.00234375 0.0625 0.0046875 0.000351426
3 0.217969 0.98125 0.0484375 0.03125 0.000369898
1 0.478125 0.00234375 0.04375 0.0046875 0.000376036
2 0.988281 0.970312 0.0234375 0.059375 0.000396731
3 0.217969 0.978125 0.0265625 0.04375 0.000403687
0 0.613281 0.646094 0.0328125 0.0234375 0.000428738
0 0.610156 0.757031 0.0296875 0.0203125 0.000436762
3 0.936719 0.914844 0.0609375 0.132812 0.000436862
3 0.772656 0.869531 0.0234375 0.0578125 0.000518592
3 0.775 0.867188 0.015625 0.025 0.0005256
0 0.613281 0.616406 0.0328125 0.0296875 0.000688099
2 0.224219 0.871094 0.0203125 0.0609375 0.000725533
0 0.6125 0.660937 0.03125 0.021875 0.000726322
0 0.614844 0.560156 0.0296875 0.0296875 0.000854622
3 0.765625 0.867188 0.01875 0.01875 0.00102245
2 0.21875 0.6375 0.01875 0.05625 0.00108303
0 0.617969 0.621875 0.0390625 0.05625 0.00115854
0 0.614844 0.588281 0.0328125 0.0421875 0.00261549
0 0.614062 0.603125 0.034375 0.028125 0.00358908
0 0.617969 0.517969 0.0328125 0.0296875 0.00801482
3 0.700781 0.410937 0.0328125 0.034375 0.0189272
1 0.60625 0.996875 0.028125 0.00625 0.148781
3 0.689062 0.409375 0.034375 0.034375 0.446486
0 0.616406 0.528906 0.0296875 0.0265625 0.717121
3 0.70625 0.419531 0.025 0.0265625 0.772053
2 0.6875 0.408594 0.03125 0.0328125 0.845689
