2 0.903125 0.203906 0.025 0.0296875 0.000100384
0 0.601562 0.600781 0.0375 0.0421875 0.000101074
3 0.767969 0.701563 0.0203125 0.01875 0.000101233
0 0.617969 0.9625 0.0296875 0.040625 0.000101234
0 0.58125 0.501562 0.040625 0.053125 0.000101698
3 0.764063 0.830469 0.01875 0.0234375 0.000101777
3 0.796875 0.133594 0.096875 0.151562 0.000101782
2 0.814844 0.73125 0.0234375 0.09375 0.000104868
2 0.910937 0.242188 0.028125 0.0875 0.000105652
2 0.910937 0.24375 0.06875 0.040625 0.000106353
0 0.589844 0.664844 0.0296875 0.0484375 0.00010651
0 0.588281 0.582812 0.0359375 0.025 0.000106996
2 0.911719 0.133594 0.0296875 0.0953125 0.000107166
3 0.221875 0.752344 0.021875 0.0640625 0.000108241
3 0.889063 0.0867188 0.046875 0.0921875 0.000109603
3 0.770312 0.83125 0.025 0.075 0.000109881
0 0.146875 0.258594 0.028125 0.0265625 0.00011032
3 0.782812 0.429688 0.015625 0.028125 0.000111165
1 0.336719 0.00234375 0.0328125 0.0046875 0.00011219
3 0.774219 0.638281 0.0265625 0.0734375 0.000112423
1 0.417969 0.00234375 0.0359375 0.0046875 0.00011279
3 0.770312 0.715625 0.021875 0.01875 0.000113605
0 0.140625 0.2625 0.03125 0.075 0.000113687
2 0.811719 0.6625 0.0546875 0.046875 0.000114125
1 0.346094 0.00546875 0.0703125 0.0109375 0.000114723
1 0.685156 0.00234375 0.0390625 0.0046875 0.000115957
3 0.775 0.707812 0.046875 0.040625 0.00011702
3 0.0140625 0.0820312 0.028125 0.0890625 0.000117338
1 0.933594 0.574219 0.0671875 0.151562 0.000117566
1 0.0132813 0.964063 0.0265625 0.025 0.000118251
2 0.896875 0.199219 0.025 0.0296875 0.00011953
0 0.146094 0.332812 0.0265625 0.021875 0.000119614
3 0.141406 0.129688 0.0234375 0.0875 0.000119648
3 0.233594 0.728125 0.0671875 0.146875 0.000121599
3 0.221875 0.790625 0.040625 0.040625 0.000121729
0 0.139844 0.355469 0.0546875 0.0390625 0.000122739
0 0.146094 0.316406 0.0265625 0.0234375 0.000123031
1 0.978125 0.974219 0.04375 0.0484375 0.000125631
1 0.125781 0.207031 0.0890625 0.0296875 0.000126417
1 0.9875 0.967188 0.025 0.065625 0.000127256
2 0.907812 0.279687 0.059375 0.034375 0.00012731
2 0.811719 0.61875 0.0265625 0.090625 0.000129255
3 0.273438 0.171094 0.0875 0.120312 0.00013106
3 0.228906 0.69375 0.0484375 0.1125 0.000135746
0 0.438281 0.414062 0.0296875 0.05 0.000138584
3 0.774219 0.442187 0.0265625 0.071875 0.000143361
1 0.125781 0.173438 0.0921875 0.0375 0.00014392
3 0.227344 0.899219 0.0515625 0.0390625 0.000144276
2 0.811719 0.848437 0.0609375 0.04375 0.000145176
2 0.907812 0.277344 0.028125 0.0765625 0.000146767
1 0.65 0.00234375 0.040625 0.0046875 0.000150766
1 0.125781 0.173438 0.0484375 0.071875 0.000150921
1 0.610937 0.00234375 0.040625 0.0046875 0.000154134
2 0.811719 0.846875 0.0234375 0.090625 0.000157123
2 0.8125 0.660937 0.021875 0.090625 0.000157174
0 0.146875 0.276563 0.028125 0.025 0.000159626
0 0.439844 0.413281 0.0515625 0.0296875 0.000160518
0 0.139844 0.354688 0.0328125 0.065625 0.000163624
2 0.224219 0.83125 0.0234375 0.071875 0.000164531
1 0.570312 0.00234375 0.040625 0.0046875 0.000166501
2 0.224219 0.864062 0.0484375 0.04375 0.00016869
0 0.140625 0.29375 0.034375 0.071875 0.000169095
3 0.335938 0.399219 0.0125 0.0234375 0.000170912
3 0.221875 0.792188 0.021875 0.065625 0.000174893
2 0.8125 0.771875 0.053125 0.040625 0.000175655
1 0.533594 0.00234375 0.0390625 0.0046875 0.000175875
0 0.59375 0.65625 0.05625 0.046875 0.000176224
1 0.320312 0.00234375 0.034375 0.0046875 0.000176235
3 0.223438 0.973437 0.05625 0.04375 0.000176353
0 0.595312 0.680469 0.034375 0.0234375 0.000177903
2 0.813281 0.770312 0.0203125 0.0875 0.000178175
3 0.139062 0.335156 0.065625 0.135937 0.000181896
0 0.146094 0.294531 0.0265625 0.0234375 0.000181983
1 0.378906 0.00234375 0.0359375 0.0046875 0.000186371
3 0.227344 0.900781 0.0265625 0.0671875 0.000191411
0 0.61875 0.989062 0.034375 0.021875 0.000194538
1 0.3625 0.00234375 0.04375 0.0046875 0.000196123
3 0.223438 0.971094 0.03125 0.0578125 0.000212002
1 0.646094 0.003125 0.0703125 0.00625 0.000218251
3 0.775 0.708594 0.025 0.0671875 0.000219449
2 0.889063 0.192188 0.03125 0.028125 0.000227698
2 0.810156 0.703906 0.0546875 0.0453125 0.000230718
1 0.667969 0.00234375 0.0390625 0.0046875 0.000231198
1 0.424219 0.00234375 0.0640625 0.0046875 0.000233354
2 0.925 0.191406 0.06875 0.145313 0.000234234
0 0.139844 0.330469 0.0328125 0.0671875 0.000238622
1 0.594531 0.00234375 0.0484375 0.0046875 0.000242445
1 0.635938 0.00234375 0.046875 0.0046875 0.000247713
2 0.914062 0.972656 0.075 0.0453125 0.000249478
3 0.136719 0.5125 0.0640625 0.13125 0.00025286
1 0.553125 0.00234375 0.040625 0.0046875 0.000261868
2 0.223438 0.865625 0.025 0.071875 0.000261938
2 0.225781 0.691406 0.0203125 0.0515625 0.000273061
1 0.496094 0.00234375 0.0390625 0.0046875 0.000280569
2 0.135937 0.16875 0.08125 0.15625 0.000290588
1 0.565625 0.003125 0.065625 0.00625 0.000312937
2 0.914062 0.961719 0.0375 0.0765625 0.00031822
1 0.517187 0.00234375 0.046875 0.0046875 0.000324607
1 0.442187 0.00234375 0.046875 0.0046875 0.000338016
2 0.810156 0.702344 0.0234375 0.0859375 0.000342686
2 0.889063 0.242188 0.059375 0.04375 0.000348812
1 0.401563 0.00234375 0.04375 0.0046875 0.000355089
1 0.455469 0.00234375 0.0390625 0.0046875 0.000357706
2 0.227344 0.947656 0.0328125 0.0640625 0.000418057
1 0.492188 0.00234375 0.0625 0.0046875 0.000419471
3 0.369531 0.39375 0.0359375 0.059375 0.000453359
2 0.895312 0.210938 0.03125 0.03125 0.000454293
1 0.478125 0.00234375 0.04375 0.0046875 0.000461784
2 0.888281 0.241406 0.0265625 0.0828125 0.000462484
0 0.432813 0.51875 0.05 0.084375 0.000477414
0 0.594531 0.663281 0.0328125 0.0234375 0.000492736
0 0.567969 0.53125 0.0515625 0.053125 0.000508459
3 0.392188 0.397656 0.021875 0.0328125 0.000549354
0 0.592188 0.627344 0.040625 0.0359375 0.000693856
0 0.59375 0.64375 0.03125 0.021875 0.00087361
0 0.588281 0.611719 0.0421875 0.0453125 0.00103302
0 0.583594 0.535937 0.0453125 0.03125 0.0010553
3 0.142969 0.090625 0.0328125 0.08125 0.00114893
2 0.891406 0.207031 0.0578125 0.0484375 0.0013386
1 0.622656 0.99375 0.0328125 0.0125 0.0013978
2 0.890625 0.207813 0.028125 0.08125 0.00230985
2 0.889063 0.230469 0.075 0.135937 0.00235403
3 0.342969 0.392969 0.0140625 0.0234375 0.00360147
2 0.910156 0.205469 0.0234375 0.0453125 0.00456272
0 0.582812 0.570312 0.034375 0.025 0.00531749
2 0.357031 0.404687 0.0203125 0.03125 0.00813629
3 0.357031 0.404687 0.0203125 0.03125 0.0117147
0 0.58125 0.559375 0.034375 0.021875 0.0468604
1 0.619531 0.996875 0.0296875 0.00625 0.0510658
3 0.345313 0.400781 0.015625 0.0296875 0.719378
0 0.579687 0.55 0.034375 0.025 0.762082
2 0.377344 0.400781 0.0234375 0.0296875 0.864291
