3 0.225 0.364062 0.04375 0.040625 0.000100145
0 0.619531 0.95 0.0328125 0.034375 0.000100458
1 0.0125 0.503906 0.025 0.164062 0.000101083
3 0.920313 0.339844 0.06875 0.145313 0.000103043
3 0.01875 0.0867188 0.0375 0.0546875 0.000105021
0 0.884375 0.657031 0.01875 0.0796875 0.000106791
0 0.888281 0.59375 0.0421875 0.05625 0.000107447
0 0.615625 0.677344 0.034375 0.0578125 0.000108055
3 0.585938 0.421875 0.04375 0.025 0.000110694
1 0.126563 0.175781 0.0875 0.0390625 0.000110999
3 0.224219 0.480469 0.0421875 0.0421875 0.000111511
3 0.221094 0.520312 0.0203125 0.0625 0.000111979
1 0.146875 0.355469 0.05 0.0828125 0.000112228
0 0.6125 0.703125 0.034375 0.028125 0.000113263
3 0.920313 0.725 0.078125 0.1 0.000117317
0 0.6125 0.6875 0.034375 0.028125 0.00011912
2 0.0179687 0.186719 0.0359375 0.0484375 0.00012044
3 0.916406 0.5875 0.104687 0.084375 0.000121108
2 0.0101562 0.185937 0.0171875 0.096875 0.000121882
1 0.686719 0.00234375 0.0390625 0.0046875 0.000124257
0 0.8875 0.59375 0.01875 0.08125 0.000127443
3 0.773438 0.141406 0.03125 0.0703125 0.000127567
3 0.236719 0.485938 0.0640625 0.140625 0.00012969
1 0.0117188 0.964844 0.0234375 0.0265625 0.000131973
3 0.920313 0.802344 0.078125 0.0953125 0.000132241
1 0.921094 0.725781 0.0640625 0.145313 0.000132359
3 0.223438 0.366406 0.021875 0.0671875 0.000138519
1 0.345313 0.00390625 0.065625 0.0078125 0.000140317
1 0.919531 0.803125 0.114063 0.084375 0.000141934
3 0.916406 0.655469 0.107813 0.0859375 0.000142799
1 0.125781 0.208594 0.0453125 0.0578125 0.000144862
3 0.979688 0.975 0.040625 0.046875 0.000145076
3 0.913281 0.507031 0.104687 0.0828125 0.000145175
0 0.607031 0.678906 0.0546875 0.0328125 0.000149169
2 0.913281 0.974219 0.0703125 0.0421875 0.00015068
3 0.0125 0.0875 0.025 0.08125 0.000152071
3 0.224219 0.482031 0.0234375 0.0640625 0.00015475
2 0.885156 0.226562 0.0515625 0.040625 0.000156257
2 0.221875 0.333594 0.040625 0.0390625 0.000157195
3 0.221875 0.901563 0.0375 0.034375 0.000158226
3 0.917969 0.654688 0.0609375 0.140625 0.000159231
2 0.9125 0.964844 0.03125 0.0703125 0.00016173
1 0.126563 0.175 0.046875 0.065625 0.000161873
2 0.88125 0.240625 0.09375 0.153125 0.00016373
3 0.917188 0.5875 0.059375 0.1375 0.000163766
1 0.921094 0.803125 0.0671875 0.140625 0.000165866
0 0.621094 0.892187 0.0390625 0.03125 0.000171932
1 0.289062 0.0046875 0.06875 0.009375 0.000173852
2 0.978906 0.975 0.0421875 0.0375 0.000178743
3 0.14375 0.078125 0.03125 0.0875 0.000178816
3 0.914844 0.507812 0.0609375 0.134375 0.000179802
1 0.669531 0.00234375 0.0453125 0.0046875 0.000191513
0 0.617969 0.866406 0.0328125 0.0265625 0.000192432
2 0.909375 0.207031 0.053125 0.0421875 0.000194502
2 0.220313 0.870313 0.01875 0.059375 0.000197927
3 0.221094 0.903125 0.0203125 0.053125 0.000199396
2 0.885938 0.225781 0.021875 0.0765625 0.000200732
1 0.126563 0.210156 0.084375 0.0296875 0.000201791
2 0.986719 0.969531 0.0265625 0.0609375 0.000205107
3 0.222656 0.334375 0.0234375 0.059375 0.000205326
3 0.942969 0.927344 0.114063 0.0859375 0.000217919
2 0.517969 0.00234375 0.0421875 0.0046875 0.000224325
1 0.640625 0.003125 0.06875 0.00625 0.000227825
1 0.647656 0.00234375 0.0390625 0.0046875 0.000234929
1 0.378906 0.00234375 0.0359375 0.0046875 0.000239978
1 0.533594 0.00234375 0.0390625 0.0046875 0.000240167
2 0.225781 0.44375 0.0421875 0.04375 0.00024409
2 0.588281 0.445312 0.0328125 0.025 0.000258973
0 0.588281 0.445312 0.0328125 0.025 0.000261403
2 0.908594 0.205469 0.0265625 0.0796875 0.00026707
1 0.425 0.003125 0.0625 0.00625 0.000271992
1 0.611719 0.00234375 0.0390625 0.0046875 0.000276924
1 0.632031 0.00234375 0.0453125 0.0046875 0.000295634
0 0.621094 0.852344 0.0421875 0.0578125 0.000301257
3 0.575781 0.436719 0.0546875 0.0234375 0.000304146
1 0.338281 0.00234375 0.0328125 0.0046875 0.000317999
1 0.436719 0.00234375 0.0390625 0.0046875 0.000350096
1 0.363281 0.00234375 0.0421875 0.0046875 0.000351911
1 0.455469 0.00234375 0.0390625 0.0046875 0.000353123
1 0.56875 0.00234375 0.0625 0.0046875 0.000354554
2 0.225 0.40625 0.0375 0.040625 0.000355474
1 0.492969 0.00234375 0.0609375 0.0046875 0.000365051
1 0.475781 0.00234375 0.0390625 0.0046875 0.000365976
3 0.225 0.407031 0.034375 0.0453125 0.000367303
1 0.571094 0.00234375 0.0390625 0.0046875 0.000373669
1 0.321094 0.00234375 0.0328125 0.0046875 0.000382182
2 0.225781 0.445312 0.0234375 0.065625 0.000385867
2 0.944531 0.925781 0.0703125 0.139062 0.000394867
1 0.417969 0.00234375 0.0359375 0.0046875 0.000422324
2 0.320312 0.00234375 0.034375 0.0046875 0.000432145
2 0.221875 0.947656 0.021875 0.0578125 0.000457949
2 0.224219 0.408594 0.0203125 0.0609375 0.000478013
1 0.517187 0.00234375 0.04375 0.0046875 0.000482923
2 0.440625 0.00234375 0.04375 0.0046875 0.000494491
1 0.495313 0.00234375 0.0375 0.0046875 0.000496835
1 0.55625 0.00234375 0.04375 0.0046875 0.000500768
1 0.59375 0.00234375 0.04375 0.0046875 0.000502623
1 0.403906 0.00234375 0.0421875 0.0046875 0.000506069
0 0.617188 0.851562 0.03125 0.025 0.000507052
2 0.579687 0.428906 0.03125 0.0203125 0.000575515
2 0.477344 0.00234375 0.0421875 0.0046875 0.000604798
3 0.578906 0.428125 0.0296875 0.0125 0.000659328
0 0.616406 0.835938 0.0328125 0.025 0.000808674
0 0.615625 0.815625 0.0375 0.0375 0.00083307
0 0.615625 0.782812 0.03125 0.028125 0.000975388
3 0.58125 0.438281 0.028125 0.0171875 0.00109398
0 0.613281 0.747656 0.0328125 0.0265625 0.00186602
1 0.620313 0.996875 0.028125 0.00625 0.0410744
3 0.588281 0.467187 0.0328125 0.025 0.436908
0 0.615625 0.763281 0.03125 0.0234375 0.734193
3 0.582812 0.432813 0.03125 0.0125 0.803674
2 0.588281 0.467187 0.0328125 0.025 0.871876
