2 0.0101562 0.185156 0.0171875 0.0984375 0.000101941
1 0.686719 0.00234375 0.0390625 0.0046875 0.000102505
2 0.0179687 0.186719 0.0359375 0.0484375 0.000102642
2 0.907031 0.205469 0.0265625 0.0796875 0.000105024
0 0.620313 0.5 0.0375 0.034375 0.000105388
0 0.610937 0.634375 0.034375 0.053125 0.000106292
3 0.209375 0.566406 0.021875 0.0265625 0.000109381
3 0.940625 0.917969 0.11875 0.0921875 0.000113313
3 0.914062 0.73125 0.109375 0.0875 0.000119212
0 0.621875 0.989844 0.034375 0.0203125 0.000122975
2 0.222656 0.942187 0.0265625 0.071875 0.000124344
3 0.275 0.332031 0.021875 0.0609375 0.000124636
3 0.142969 0.0820312 0.0328125 0.0890625 0.000125253
3 0.21875 0.789844 0.021875 0.0578125 0.000125553
1 0.0117188 0.964063 0.0234375 0.028125 0.000126206
3 0.227344 0.371094 0.0296875 0.0734375 0.000127099
3 0.220313 0.592969 0.034375 0.0359375 0.000128118
3 0.257031 0.154687 0.0578125 0.05 0.000128574
1 0.284375 0.00546875 0.078125 0.0109375 0.000129245
3 0.15 0.100781 0.028125 0.0328125 0.000132933
3 0.220313 0.864844 0.0375 0.0390625 0.000133303
3 0.01875 0.0882813 0.0375 0.0453125 0.000133801
0 0.610937 0.635156 0.053125 0.0328125 0.000134587
1 0.378906 0.00234375 0.0359375 0.0046875 0.000136098
1 0.3375 0.0046875 0.06875 0.009375 0.00014171
1 0.124219 0.210156 0.0453125 0.0609375 0.000145724
3 0.980469 0.975781 0.0390625 0.0484375 0.000145741
0 0.617188 0.624219 0.034375 0.0265625 0.000146332
3 0.257031 0.155469 0.0296875 0.0734375 0.000148461
0 0.885938 0.655469 0.05 0.0546875 0.000151356
1 0.669531 0.00234375 0.0453125 0.0046875 0.000152547
1 0.621875 0.989844 0.034375 0.0203125 0.000152738
1 0.125781 0.173438 0.0484375 0.06875 0.000155494
3 0.914844 0.730469 0.0640625 0.142188 0.000160914
3 0.219531 0.594531 0.0203125 0.0546875 0.000161513
2 0.978906 0.974219 0.0421875 0.0390625 0.000164263
2 0.224219 0.903125 0.0421875 0.040625 0.000165319
0 0.885156 0.655469 0.0203125 0.0828125 0.000166871
3 0.219531 0.866406 0.0203125 0.0609375 0.000171181
1 0.633594 0.003125 0.0703125 0.00625 0.000172699
1 0.647656 0.00234375 0.0390625 0.0046875 0.000174599
1 0.125 0.210938 0.0875 0.03125 0.000181214
1 0.323438 0.00234375 0.0375 0.0046875 0.000193908
2 0.9875 0.96875 0.025 0.0625 0.0001945
0 0.615625 0.7375 0.04375 0.034375 0.00019589
3 0.0125 0.0882813 0.025 0.0765625 0.000197912
3 0.222656 0.440625 0.0390625 0.040625 0.000197987
1 0.610156 0.00234375 0.0421875 0.0046875 0.000200611
3 0.222656 0.903906 0.0234375 0.0609375 0.000204549
2 0.94375 0.917188 0.075 0.146875 0.000212406
2 0.323438 0.00234375 0.0375 0.0046875 0.000219013
1 0.419531 0.00234375 0.0390625 0.0046875 0.000228378
2 0.224219 0.402344 0.0484375 0.0421875 0.000228702
3 0.225 0.403125 0.04375 0.046875 0.000235802
1 0.428125 0.003125 0.06875 0.00625 0.000240335
3 0.910156 0.65 0.0703125 0.090625 0.000243489
2 0.455469 0.00234375 0.0421875 0.0046875 0.000257403
3 0.222656 0.442187 0.0203125 0.0625 0.000262688
3 0.221875 0.984375 0.053125 0.025 0.000269985
1 0.360938 0.00234375 0.04375 0.0046875 0.000272937
3 0.221094 0.982031 0.0296875 0.0359375 0.000273854
1 0.630469 0.00234375 0.0390625 0.0046875 0.000279208
2 0.910156 0.65 0.0578125 0.13125 0.000281336
1 0.45625 0.00234375 0.040625 0.0046875 0.000295791
0 0.621094 0.882031 0.0390625 0.0328125 0.000312256
2 0.224219 0.404687 0.0265625 0.065625 0.000312873
1 0.571875 0.00234375 0.040625 0.0046875 0.000317872
1 0.514063 0.00234375 0.040625 0.0046875 0.000326
1 0.404687 0.00234375 0.04375 0.0046875 0.000331763
1 0.534375 0.00234375 0.040625 0.0046875 0.00034304
1 0.4375 0.00234375 0.040625 0.0046875 0.000346268
2 0.592969 0.00234375 0.0453125 0.0046875 0.000356757
1 0.339063 0.00234375 0.0375 0.0046875 0.000364723
2 0.917969 0.973437 0.0703125 0.046875 0.000394751
1 0.589844 0.00234375 0.0390625 0.0046875 0.000402078
1 0.561719 0.003125 0.0640625 0.00625 0.000405811
2 0.338281 0.00234375 0.0359375 0.0046875 0.00041233
2 0.917188 0.963281 0.034375 0.0734375 0.000457619
1 0.552344 0.00234375 0.0390625 0.0046875 0.000468883
1 0.476562 0.00234375 0.040625 0.0046875 0.000477823
2 0.555469 0.00234375 0.0453125 0.0046875 0.000486841
2 0.442969 0.00234375 0.0453125 0.0046875 0.000496449
2 0.21875 0.5625 0.021875 0.05625 0.000528994
1 0.492969 0.003125 0.0609375 0.00625 0.000542925
3 0.603906 0.421875 0.0359375 0.028125 0.000574666
2 0.223438 0.515625 0.03125 0.0375 0.000577991
2 0.223438 0.482031 0.021875 0.0609375 0.00062459
0 0.617969 0.782812 0.0328125 0.021875 0.000666868
2 0.516406 0.00234375 0.0453125 0.0046875 0.000678872
3 0.223438 0.517187 0.01875 0.053125 0.000680558
2 0.494531 0.00234375 0.0390625 0.0046875 0.000780366
2 0.478906 0.00234375 0.0421875 0.0046875 0.000834994
0 0.622656 0.850781 0.0296875 0.0484375 0.000882265
0 0.619531 0.863281 0.0328125 0.0265625 0.000974894
2 0.610937 0.439844 0.03125 0.0203125 0.00165947
0 0.617969 0.839844 0.0328125 0.0265625 0.00284443
0 0.617969 0.811719 0.0328125 0.0359375 0.00361585
0 0.61875 0.851562 0.03125 0.025 0.00421779
0 0.617969 0.757031 0.0328125 0.0265625 0.00738356
1 0.621094 0.996094 0.0296875 0.0078125 0.0707187
3 0.6125 0.467187 0.03125 0.025 0.418584
0 0.617969 0.771875 0.0328125 0.025 0.723234
3 0.610156 0.432031 0.0296875 0.0109375 0.755346
2 0.6125 0.467969 0.03125 0.0234375 0.86187
