3 0.278906 0.364844 0.0203125 0.0671875 0.000100108
3 0.792188 0.401563 0.03125 0.034375 0.000100327
3 0.769531 0.974219 0.0265625 0.0515625 0.000102203
3 0.892969 0.214844 0.0453125 0.0203125 0.000102578
2 0.221875 0.789062 0.040625 0.04375 0.000104375
1 0.0976562 0.189844 0.0390625 0.0140625 0.000105799
2 0.884375 0.727344 0.021875 0.0859375 0.000106143
1 0.669531 0.00234375 0.0484375 0.0046875 0.000106876
1 0.0140625 0.584375 0.028125 0.1625 0.000106961
3 0.301562 0.333594 0.01875 0.0453125 0.000107209
2 0.805469 0.799219 0.0890625 0.157813 0.000107688
1 0.486719 0.105469 0.0578125 0.0203125 0.000107939
1 0.341406 0.00390625 0.0703125 0.0078125 0.00010798
2 0.221094 0.749219 0.0390625 0.0421875 0.000109204
0 0.625 0.622656 0.028125 0.0234375 0.000109863
3 0.913281 0.096875 0.0296875 0.08125 0.000110061
3 0.23125 0.338281 0.115625 0.0859375 0.000111682
3 0.266406 0.185156 0.0515625 0.0421875 0.00011442
2 0.229687 0.328906 0.034375 0.0765625 0.000114511
1 0.0117188 0.964063 0.0234375 0.028125 0.000116515
3 0.221094 0.708594 0.0390625 0.0390625 0.000116923
3 0.295312 0.1625 0.05 0.0375 0.000116974
3 0.16875 0.252344 0.075 0.110937 0.000117138
3 0.910156 0.676562 0.0390625 0.034375 0.000117949
3 0.142188 0.125781 0.028125 0.0890625 0.000118363
3 0.890625 0.090625 0.046875 0.090625 0.000119509
0 0.899219 0.0921875 0.0328125 0.034375 0.000121958
3 0.796094 0.126563 0.0921875 0.15 0.000122771
2 0.821094 0.221875 0.0265625 0.09375 0.000122851
1 0.338281 0.0015625 0.0328125 0.003125 0.000123105
3 0.275 0.483594 0.01875 0.0578125 0.000123276
3 0.225781 0.516406 0.0484375 0.0421875 0.000124154
2 0.81875 0.764063 0.01875 0.0875 0.00012504
1 0.453125 0.104687 0.05625 0.01875 0.000125944
2 0.0179687 0.1875 0.0359375 0.05 0.000127299
1 0.276563 0.00546875 0.078125 0.0109375 0.000127359
0 0.614062 0.988281 0.034375 0.0171875 0.000127993
2 0.985937 0.0859375 0.028125 0.09375 0.000128226
2 0.810938 0.885938 0.021875 0.090625 0.0001292
2 0.228125 0.908594 0.028125 0.0765625 0.000129472
2 0.0101562 0.185937 0.0171875 0.096875 0.000133155
1 0.885156 0.159375 0.0859375 0.0375 0.000136434
2 0.225 0.827344 0.04375 0.0453125 0.000137164
0 0.61875 0.660937 0.03125 0.021875 0.000137363
3 0.265625 0.186719 0.028125 0.0703125 0.000137934
1 0.126563 0.174219 0.046875 0.0671875 0.000138282
3 0.0117188 0.0875 0.0234375 0.078125 0.000138322
3 0.899219 0.7125 0.0171875 0.01875 0.00013872
0 0.619531 0.690625 0.0515625 0.103125 0.000138805
1 0.613281 0.988281 0.0328125 0.0171875 0.000141102
0 0.621094 0.696875 0.0390625 0.03125 0.00014221
1 0.978906 0.972656 0.0421875 0.0484375 0.000142284
2 0.810938 0.888281 0.0625 0.0421875 0.00014271
3 0.227344 0.359375 0.0546875 0.040625 0.000143245
3 0.223438 0.864844 0.025 0.0734375 0.000143937
1 0.9875 0.967188 0.025 0.065625 0.000145386
1 0.605469 0.99375 0.0328125 0.009375 0.000149003
3 0.223438 0.557031 0.04375 0.0390625 0.000150084
2 0.221875 0.789844 0.021875 0.0671875 0.000151585
3 0.295312 0.163281 0.028125 0.0578125 0.000152456
2 0.220313 0.750781 0.021875 0.0640625 0.00015309
1 0.321094 0.00234375 0.0328125 0.0046875 0.000155008
1 0.127344 0.210156 0.0453125 0.0546875 0.000158087
2 0.817969 0.765625 0.0546875 0.040625 0.000159228
2 0.822656 0.209375 0.0578125 0.09375 0.000159497
1 0.649219 0.00234375 0.0390625 0.0046875 0.000160929
3 0.221094 0.710156 0.0203125 0.0609375 0.000161452
2 0.232031 0.947656 0.0390625 0.0734375 0.000161909
3 0.7625 0.178906 0.015625 0.0203125 0.000162993
3 0.232812 0.339844 0.065625 0.142188 0.000163215
3 0.223438 0.592188 0.040625 0.040625 0.000163571
2 0.894531 0.699219 0.0203125 0.0703125 0.000164396
0 0.139844 0.15 0.0296875 0.0625 0.000165104
3 0.278125 0.447656 0.01875 0.0609375 0.000167985
1 0.573438 0.00234375 0.040625 0.0046875 0.000168627
2 0.871875 0.730469 0.090625 0.160938 0.000171116
1 0.407813 0.107031 0.053125 0.0171875 0.000179605
1 0.417188 0.00234375 0.034375 0.0046875 0.000183065
3 0.224219 0.517969 0.0265625 0.0671875 0.000183247
1 0.610156 0.00234375 0.0390625 0.0046875 0.000183931
1 0.363281 0.00234375 0.0453125 0.0046875 0.00018577
2 0.916406 0.133594 0.0640625 0.0453125 0.000188655
3 0.227344 0.360938 0.0296875 0.06875 0.000193061
2 0.814062 0.807031 0.01875 0.0859375 0.000193176
2 0.885938 0.702344 0.028125 0.0796875 0.000202504
1 0.127344 0.2125 0.0828125 0.028125 0.000208637
1 0.635938 0.00234375 0.06875 0.0046875 0.000210423
2 0.224219 0.828125 0.0234375 0.071875 0.000213168
1 0.496875 0.00234375 0.0375 0.0046875 0.000213222
3 0.223438 0.557813 0.025 0.0625 0.00021845
3 0.221094 0.627344 0.0390625 0.0359375 0.000219325
1 0.426562 0.00234375 0.0625 0.0046875 0.000219852
1 0.454688 0.00234375 0.0375 0.0046875 0.000221336
2 0.813281 0.808594 0.0546875 0.0390625 0.000221391
1 0.632031 0.00234375 0.0453125 0.0046875 0.000222261
2 0.885938 0.702344 0.0625 0.0421875 0.000226865
3 0.222656 0.592969 0.0234375 0.0609375 0.000228676
0 0.61875 0.675 0.03125 0.025 0.000255141
2 0.915625 0.133594 0.028125 0.0890625 0.000262326
3 0.220313 0.629687 0.021875 0.05625 0.000262353
3 0.215625 0.303125 0.021875 0.028125 0.000272378
1 0.595312 0.00234375 0.046875 0.0046875 0.000273311
1 0.53125 0.00234375 0.0375 0.0046875 0.000284888
0 0.627344 0.517969 0.0328125 0.0296875 0.000298677
1 0.55625 0.00234375 0.046875 0.0046875 0.000300464
1 0.403125 0.00234375 0.04375 0.0046875 0.000317653
2 0.914062 0.972656 0.071875 0.0453125 0.000327747
1 0.439844 0.00234375 0.0453125 0.0046875 0.000339223
3 0.780469 0.425781 0.0265625 0.0484375 0.000361298
1 0.566406 0.00234375 0.0640625 0.0046875 0.000367199
2 0.873438 0.15 0.1 0.15 0.000372703
2 0.229687 0.413281 0.053125 0.0453125 0.000395364
3 0.223438 0.975781 0.05625 0.0359375 0.000411388
1 0.517187 0.00234375 0.04375 0.0046875 0.000415153
2 0.913281 0.9625 0.0359375 0.075 0.000417313
2 0.220313 0.676562 0.01875 0.05625 0.000427697
1 0.496875 0.00234375 0.059375 0.0046875 0.000455863
1 0.48125 0.00234375 0.04375 0.0046875 0.000457364
3 0.222656 0.973437 0.0296875 0.053125 0.0005046
0 0.621875 0.561719 0.03125 0.0234375 0.000559786
2 0.228906 0.414844 0.0296875 0.0734375 0.000602378
1 0.89375 0.203125 0.0625 0.046875 0.000641338
3 0.904688 0.708594 0.021875 0.0328125 0.000717167
2 0.915625 0.721094 0.084375 0.0765625 0.000830098
2 0.916406 0.721875 0.0421875 0.125 0.00100368
0 0.619531 0.65 0.0328125 0.028125 0.00121896
2 0.886719 0.702344 0.0578125 0.110937 0.00297586
0 0.621875 0.591406 0.03125 0.0265625 0.00324235
0 0.620313 0.629687 0.03125 0.025 0.00382052
0 0.625781 0.549219 0.0296875 0.0234375 0.0046466
0 0.621875 0.603906 0.03125 0.0328125 0.00567736
0 0.627344 0.528125 0.0328125 0.025 0.0117492
0 0.620313 0.616406 0.028125 0.0234375 0.0464216
1 0.614062 0.996875 0.028125 0.00625 0.129075
3 0.788281 0.41875 0.0265625 0.03125 0.201558
3 0.8 0.421094 0.028125 0.0328125 0.25208
0 0.626562 0.539062 0.03125 0.025 0.7427
3 0.816406 0.425781 0.0140625 0.0328125 0.747686
2 0.7875 0.417188 0.028125 0.03125 0.805604
