0 0.486719 0.528906 0.0328125 0.0578125 0.00010151
2 0.883594 0.210938 0.0359375 0.0375 0.00010181
0 0.138281 0.180469 0.0328125 0.0703125 0.000102578
3 0.225 0.51875 0.028125 0.065625 0.000104306
2 0.221094 0.68125 0.0234375 0.065625 0.00010452
3 0.275 0.486719 0.034375 0.0359375 0.000104702
0 0.4875 0.530469 0.05625 0.0328125 0.000105041
1 0.0289063 0.003125 0.0328125 0.00625 0.000105092
3 0.985156 0.921875 0.0296875 0.046875 0.000105983
3 0.228906 0.401563 0.0609375 0.04375 0.000106253
2 0.708594 0.003125 0.0515625 0.00625 0.000106994
1 0.0132813 0.502344 0.0265625 0.164062 0.000107504
3 0.257031 0.190625 0.0609375 0.04375 0.000108991
0 0.140625 0.11875 0.03125 0.08125 0.000110242
1 0.0992187 0.189844 0.0390625 0.0140625 0.000112473
2 0.880469 0.239844 0.0734375 0.0421875 0.000112523
2 0.228125 0.327344 0.0375 0.0796875 0.000114604
1 0.220313 0.003125 0.05 0.00625 0.000115445
1 0.302344 0.00234375 0.0421875 0.0046875 0.000115927
1 0.280469 0.00234375 0.0421875 0.0046875 0.00011647
2 0.0179687 0.1875 0.0359375 0.05 0.00011695
1 0.0140625 0.583594 0.028125 0.164062 0.000118591
3 0.277344 0.338281 0.0234375 0.0671875 0.00012088
2 0.909375 0.31875 0.059375 0.0375 0.000121028
2 0.0101562 0.185937 0.0171875 0.096875 0.000122784
3 0.76875 0.278125 0.021875 0.01875 0.000123281
2 0.226562 0.826563 0.053125 0.046875 0.000125547
1 0.125 0.2125 0.04375 0.059375 0.000125975
1 0.609375 0.989844 0.034375 0.0203125 0.000126128
0 0.586719 0.828906 0.0328125 0.0609375 0.00012729
2 0.814062 0.350781 0.025 0.0921875 0.00012733
0 0.608594 0.889063 0.0453125 0.03125 0.000128022
1 0.0117188 0.964063 0.0234375 0.025 0.000128049
2 0.85625 0.351562 0.1 0.1625 0.00012898
3 0.225 0.864844 0.028125 0.0734375 0.000130384
3 0.257031 0.191406 0.0328125 0.0734375 0.000132799
3 0.220313 0.628906 0.0375 0.0390625 0.000133643
3 0.283594 0.35625 0.0484375 0.1125 0.000133948
3 0.0109375 0.0867188 0.021875 0.0765625 0.000134209
3 0.979688 0.974219 0.040625 0.0515625 0.000135016
3 0.223438 0.555469 0.046875 0.0390625 0.000141519
2 0.978906 0.975 0.0421875 0.04375 0.000142046
2 0.223438 0.746875 0.040625 0.040625 0.000142245
3 0.671875 0.66875 0.03125 0.0375 0.00014298
3 0.229687 0.364844 0.0375 0.0796875 0.000143735
0 0.158594 0.257812 0.0796875 0.1 0.000144585
2 0.910156 0.247656 0.0578125 0.0453125 0.000146018
3 0.274219 0.517969 0.0203125 0.0515625 0.000148565
2 0.909375 0.317187 0.028125 0.078125 0.000149614
3 0.228125 0.403906 0.03125 0.0765625 0.000150571
2 0.8875 0.278906 0.025 0.0953125 0.000150984
1 0.126563 0.214062 0.084375 0.03125 0.00015379
3 0.275 0.488281 0.01875 0.0546875 0.000156102
0 0.142969 0.235156 0.0359375 0.0796875 0.000158393
2 0.910156 0.28125 0.0578125 0.040625 0.000158808
2 0.222656 0.598437 0.0390625 0.040625 0.000160378
0 0.586719 0.830469 0.0578125 0.0328125 0.000163475
2 0.23125 0.944531 0.0375 0.0734375 0.000165416
1 0.278125 0.00546875 0.078125 0.0109375 0.000166455
0 0.883594 0.158594 0.0453125 0.0828125 0.000172538
2 0.864844 0.135156 0.0421875 0.0421875 0.000177745
2 0.227344 0.482031 0.0296875 0.0703125 0.000179231
0 0.610937 0.947656 0.034375 0.0359375 0.000181737
3 0.222656 0.748438 0.0203125 0.065625 0.000183651
2 0.9875 0.967188 0.025 0.065625 0.000187207
1 0.266406 0.00234375 0.0421875 0.0046875 0.000188125
2 0.885938 0.147656 0.046875 0.0453125 0.000193317
3 0.219531 0.630469 0.0203125 0.0578125 0.000194489
3 0.223438 0.557031 0.025 0.0609375 0.000195652
2 0.223438 0.714844 0.021875 0.0640625 0.000200676
2 0.225781 0.828125 0.0296875 0.075 0.000200837
1 0.686719 0.00234375 0.0421875 0.0046875 0.000216389
2 0.289844 0.00234375 0.0484375 0.0046875 0.000216401
1 0.344531 0.0046875 0.0734375 0.009375 0.000220248
2 0.909375 0.278906 0.028125 0.0796875 0.00022253
2 0.808594 0.383594 0.0671875 0.129688 0.000230292
0 0.60625 0.689844 0.0375 0.0609375 0.000230509
0 0.60625 0.689844 0.0625 0.0328125 0.000233076
2 0.910156 0.245312 0.0265625 0.084375 0.00024014
1 0.65 0.00234375 0.04375 0.0046875 0.000246332
2 0.920313 0.975 0.075 0.046875 0.000248356
2 0.221875 0.6 0.021875 0.0625 0.000249053
2 0.229687 0.448438 0.053125 0.046875 0.000249473
2 0.91875 0.963281 0.034375 0.0734375 0.000273881
1 0.363281 0.00234375 0.0421875 0.0046875 0.000274234
2 0.670313 0.003125 0.046875 0.00625 0.000289051
1 0.571875 0.003125 0.04375 0.00625 0.00029506
1 0.6375 0.00390625 0.071875 0.0078125 0.000299479
1 0.629687 0.00234375 0.04375 0.0046875 0.000303466
1 0.339063 0.00234375 0.040625 0.0046875 0.000303644
0 0.607031 0.864844 0.0359375 0.0296875 0.000322602
2 0.222656 0.790625 0.0390625 0.04375 0.000337517
3 0.226562 0.974219 0.05625 0.0421875 0.000356813
2 0.454688 0.00234375 0.04375 0.0046875 0.000377979
2 0.230469 0.449219 0.0296875 0.0734375 0.000386171
2 0.379687 0.00234375 0.040625 0.0046875 0.000395338
1 0.66875 0.003125 0.04375 0.00625 0.00039548
1 0.398438 0.003125 0.04375 0.00625 0.000397725
1 0.592188 0.003125 0.04375 0.00625 0.000398779
3 0.225 0.971094 0.03125 0.0578125 0.000402677
1 0.610937 0.00234375 0.04375 0.0046875 0.000403469
1 0.476562 0.00234375 0.04375 0.0046875 0.000418723
1 0.380469 0.00234375 0.0421875 0.0046875 0.000440965
1 0.321875 0.00234375 0.040625 0.0046875 0.000441414
1 0.455469 0.00234375 0.0453125 0.0046875 0.000448492
2 0.634375 0.003125 0.046875 0.00625 0.000451247
1 0.419531 0.00390625 0.0703125 0.0078125 0.000464157
0 0.615625 0.701563 0.040625 0.0625 0.000464897
1 0.514844 0.003125 0.0453125 0.00625 0.000498534
2 0.222656 0.791406 0.0234375 0.0640625 0.000499748
2 0.495313 0.00234375 0.04375 0.0046875 0.00050117
2 0.594531 0.003125 0.0484375 0.00625 0.000514182
2 0.321094 0.00234375 0.0390625 0.0046875 0.000514719
2 0.958594 0.929688 0.0796875 0.140625 0.000515732
2 0.365625 0.00234375 0.046875 0.0046875 0.000567862
1 0.551562 0.003125 0.04375 0.00625 0.000568857
1 0.559375 0.00390625 0.065625 0.0078125 0.000574655
1 0.495313 0.00234375 0.04375 0.0046875 0.000577136
1 0.438281 0.003125 0.0453125 0.00625 0.000590686
2 0.554688 0.003125 0.046875 0.00625 0.00075125
1 0.492188 0.00390625 0.065625 0.0078125 0.000758833
2 0.534375 0.00234375 0.04375 0.0046875 0.00076111
2 0.419531 0.00234375 0.0421875 0.0046875 0.000773097
2 0.439844 0.003125 0.0484375 0.00625 0.000897735
2 0.479688 0.003125 0.046875 0.00625 0.000946245
3 0.686719 0.698438 0.0265625 0.025 0.00104094
0 0.653125 0.717188 0.0375 0.040625 0.00105477
2 0.403906 0.00234375 0.0453125 0.0046875 0.00110027
2 0.51875 0.003125 0.046875 0.00625 0.0011715
0 0.608594 0.850781 0.0359375 0.0296875 0.00133076
0 0.607813 0.733594 0.03125 0.0296875 0.00245549
0 0.60625 0.810156 0.034375 0.0296875 0.00409846
3 0.695312 0.7125 0.021875 0.028125 0.00557186
0 0.607031 0.833594 0.0328125 0.0296875 0.00960794
0 0.607031 0.794531 0.0328125 0.0265625 0.0183182
0 0.607813 0.746094 0.03125 0.0296875 0.0217823
0 0.607813 0.766406 0.034375 0.0328125 0.0543013
1 0.610156 0.996875 0.0296875 0.00625 0.0739082
3 0.674219 0.686719 0.0359375 0.0359375 0.442797
0 0.607813 0.778125 0.03125 0.028125 0.735919
3 0.689844 0.707031 0.0234375 0.0234375 0.808033
2 0.671875 0.6875 0.034375 0.034375 0.838387
