2 0.222656 0.629687 0.0421875 0.04375 0.000101486
2 0.810938 0.464844 0.05625 0.0453125 0.000101962
3 0.557813 0.7875 0.034375 0.015625 0.000102314
3 0.228906 0.516406 0.0515625 0.0515625 0.000102748
0 0.140625 0.078125 0.0375 0.090625 0.000103069
2 0.0109375 0.150781 0.01875 0.0984375 0.00010371
1 0.125781 0.210156 0.0453125 0.0578125 0.000103923
1 0.988281 0.965625 0.0234375 0.06875 0.00010393
1 0.1 0.171875 0.040625 0.0125 0.000105662
3 0.775 0.6 0.028125 0.075 0.000108208
2 0.90625 0.320312 0.053125 0.034375 0.000108831
3 0.213281 0.414062 0.0265625 0.028125 0.000109426
2 0.0179687 0.186719 0.0359375 0.0484375 0.000110197
3 0.897656 0.580469 0.0171875 0.0171875 0.000110709
1 0.0125 0.582812 0.025 0.1625 0.000112226
3 0.229687 0.439844 0.034375 0.0796875 0.000112914
1 0.0992187 0.190625 0.0390625 0.0125 0.000113209
3 0.2125 0.8375 0.025 0.028125 0.000113667
1 0.707031 0.00234375 0.0453125 0.0046875 0.000114111
3 0.276563 0.517187 0.0375 0.034375 0.000114499
3 0.222656 0.367188 0.0453125 0.05625 0.000114539
3 0.540625 0.776563 0.053125 0.028125 0.000115009
2 0.0101562 0.185937 0.0171875 0.096875 0.000115297
0 0.8875 0.14375 0.04375 0.090625 0.000115573
0 0.139062 0.18125 0.03125 0.071875 0.000117276
3 0.208594 0.358594 0.0265625 0.0265625 0.00011787
2 0.814062 0.586719 0.021875 0.0890625 0.000118201
3 0.222656 0.711719 0.0203125 0.0640625 0.000118391
2 0.815625 0.61875 0.025 0.090625 0.000120235
2 0.222656 0.366406 0.0484375 0.0484375 0.000120403
2 0.907031 0.319531 0.0265625 0.0671875 0.000122517
1 0.260938 0.003125 0.053125 0.00625 0.000124054
0 0.892187 0.571094 0.01875 0.0765625 0.000126041
2 0.90625 0.584375 0.028125 0.04375 0.000126347
2 0.814062 0.386719 0.021875 0.0890625 0.000127601
3 0.221094 0.782031 0.0421875 0.0390625 0.000130375
3 0.772656 0.474219 0.0234375 0.0703125 0.000131171
0 0.14375 0.232812 0.034375 0.084375 0.000134486
3 0.0117188 0.0882813 0.0234375 0.0765625 0.000136911
0 0.575781 0.860156 0.0390625 0.0453125 0.000137712
2 0.227344 0.517969 0.0296875 0.0703125 0.000140382
1 0.0117188 0.963281 0.0234375 0.0265625 0.000141096
1 0.125781 0.210938 0.0859375 0.028125 0.000142765
2 0.90625 0.585156 0.05 0.0203125 0.000146527
3 0.242969 0.409375 0.0609375 0.146875 0.000148591
2 0.295312 0.003125 0.05 0.00625 0.000149041
3 0.221875 0.63125 0.021875 0.065625 0.000149156
3 0.767187 0.473437 0.01875 0.021875 0.000151823
3 0.224219 0.55625 0.0484375 0.040625 0.00015496
2 0.229687 0.941406 0.065625 0.117188 0.000155921
2 0.225 0.753906 0.04375 0.0453125 0.000157884
2 0.810938 0.464063 0.025 0.084375 0.000158283
3 0.546875 0.786719 0.028125 0.0140625 0.000160504
2 0.928125 0.336719 0.06875 0.151562 0.000162867
3 0.220313 0.783594 0.021875 0.0609375 0.000167161
2 0.222656 0.367969 0.0265625 0.0734375 0.000168668
3 0.276563 0.519531 0.01875 0.0546875 0.000178403
2 0.225781 0.86875 0.0265625 0.078125 0.000184404
1 0.932813 0.574219 0.065625 0.151562 0.000185716
3 0.292969 0.35625 0.0796875 0.065625 0.000190414
1 0.341406 0.0046875 0.0734375 0.009375 0.000190762
1 0.361719 0.00234375 0.0421875 0.0046875 0.000192301
1 0.286719 0.0046875 0.0765625 0.009375 0.000192554
3 0.224219 0.558594 0.0265625 0.0640625 0.000204833
2 0.222656 0.596875 0.0359375 0.040625 0.000217023
1 0.6875 0.00234375 0.04375 0.0046875 0.000221391
2 0.91875 0.973437 0.078125 0.05 0.000226125
2 0.225781 0.482812 0.0578125 0.046875 0.000228373
2 0.228125 0.946875 0.05625 0.04375 0.000229849
2 0.885938 0.583594 0.04375 0.0328125 0.000237592
2 0.223438 0.754687 0.025 0.06875 0.000249333
2 0.885938 0.582812 0.01875 0.0625 0.000284008
2 0.91875 0.960156 0.0375 0.0796875 0.000307866
3 0.225 0.971094 0.059375 0.0359375 0.000308037
1 0.63125 0.003125 0.04375 0.00625 0.000308123
2 0.226562 0.408594 0.053125 0.0484375 0.000313052
2 0.222656 0.598437 0.0203125 0.059375 0.000313898
1 0.38125 0.00234375 0.040625 0.0046875 0.000314692
2 0.540625 0.775781 0.03125 0.0234375 0.000318573
1 0.399219 0.00234375 0.0421875 0.0046875 0.000323923
2 0.65 0.00234375 0.04375 0.0046875 0.00033902
1 0.478906 0.003125 0.0453125 0.00625 0.0003398
2 0.227344 0.948438 0.0328125 0.06875 0.000339947
1 0.339063 0.00234375 0.040625 0.0046875 0.00034337
2 0.225781 0.483594 0.0328125 0.0734375 0.000344447
1 0.634375 0.00390625 0.06875 0.0078125 0.000358202
1 0.425781 0.00390625 0.0703125 0.0078125 0.000372717
1 0.65 0.003125 0.04375 0.00625 0.000373476
1 0.590625 0.003125 0.04375 0.00625 0.000382316
1 0.610937 0.00234375 0.04375 0.0046875 0.000387722
3 0.292188 0.35625 0.05 0.10625 0.000391096
3 0.224219 0.971094 0.0328125 0.0578125 0.00039648
1 0.66875 0.003125 0.04375 0.00625 0.000402141
1 0.439063 0.003125 0.04375 0.00625 0.000409523
2 0.222656 0.835156 0.0234375 0.0640625 0.000410118
2 0.667969 0.00234375 0.0421875 0.0046875 0.000424523
2 0.365625 0.00234375 0.046875 0.0046875 0.000452076
2 0.321875 0.00234375 0.040625 0.0046875 0.000468209
2 0.571875 0.00234375 0.04375 0.0046875 0.000479436
2 0.226562 0.409375 0.03125 0.075 0.000482533
2 0.454688 0.00234375 0.04375 0.0046875 0.000487769
1 0.572656 0.003125 0.0453125 0.00625 0.000492052
2 0.417969 0.00234375 0.0421875 0.0046875 0.000512159
1 0.455469 0.003125 0.0453125 0.00625 0.000515155
0 0.595312 0.971875 0.040625 0.034375 0.00053504
2 0.633594 0.003125 0.0484375 0.00625 0.000541417
1 0.417969 0.00234375 0.0421875 0.0046875 0.000578998
2 0.532812 0.00234375 0.04375 0.0046875 0.000689106
1 0.559375 0.00390625 0.065625 0.0078125 0.00070095
2 0.59375 0.003125 0.046875 0.00625 0.000736965
2 0.405469 0.00234375 0.0453125 0.0046875 0.000794472
2 0.553906 0.003125 0.0484375 0.00625 0.000814403
2 0.441406 0.003125 0.0484375 0.00625 0.000895075
1 0.492969 0.00390625 0.0640625 0.0078125 0.000944505
1 0.495313 0.003125 0.04375 0.00625 0.00098825
2 0.495313 0.00234375 0.04375 0.0046875 0.00110942
2 0.514844 0.003125 0.0453125 0.00625 0.00143407
2 0.479688 0.003125 0.046875 0.00625 0.00145353
0 0.599219 0.989062 0.0359375 0.021875 0.00209527
2 0.551562 0.805469 0.0375 0.0234375 0.00561617
0 0.599219 0.995313 0.0328125 0.009375 0.0541462
3 0.55625 0.816406 0.034375 0.0234375 0.398739
3 0.546094 0.782031 0.0328125 0.0109375 0.764082
2 0.55625 0.817187 0.034375 0.021875 0.872302
