3 0.21875 0.560938 0.021875 0.05 0.000102664
2 0.805469 0.407813 0.0796875 0.15 0.000104371
0 0.535156 0.741406 0.0703125 0.114063 0.000104397
2 0.919531 0.938281 0.0265625 0.0890625 0.000105411
1 0.125 0.173438 0.05 0.06875 0.000107484
2 0.888281 0.278125 0.0234375 0.09375 0.000107601
2 0.486719 0.577344 0.0296875 0.0328125 0.000107845
1 0.978906 0.0171875 0.0328125 0.034375 0.000108862
3 0.303906 0.2625 0.0234375 0.04375 0.00010943
3 0.775781 0.479688 0.0265625 0.075 0.000110176
3 0.245312 0.8875 0.0625 0.153125 0.000114998
2 0.817187 0.226562 0.025 0.096875 0.000119865
0 0.617188 0.913281 0.034375 0.0234375 0.000120406
1 0.707031 0.00234375 0.0453125 0.0046875 0.000122025
0 0.617969 0.928906 0.0328125 0.0265625 0.000122249
3 0.224219 0.360156 0.0515625 0.0390625 0.000123519
1 0.125781 0.20625 0.0921875 0.03125 0.000126181
0 0.544531 0.59375 0.0515625 0.08125 0.00012673
0 0.217969 0.635938 0.0234375 0.05625 0.000127867
0 0.610156 0.784375 0.0390625 0.034375 0.000128594
0 0.61875 0.948438 0.034375 0.034375 0.000129783
1 0.0132813 0.964063 0.0265625 0.025 0.000130003
3 0.234375 0.299219 0.021875 0.0234375 0.000131001
0 0.15 0.0890625 0.03125 0.034375 0.000133751
2 0.816406 0.228906 0.0640625 0.0453125 0.000136817
3 0.260156 0.154687 0.0578125 0.046875 0.000142487
3 0.229687 0.975781 0.0625 0.0484375 0.000143208
3 0.263281 0.300781 0.0203125 0.0265625 0.000146927
3 0.217969 0.597656 0.0234375 0.0484375 0.000149903
2 0.910156 0.24375 0.0609375 0.0375 0.000154463
2 0.909375 0.171875 0.028125 0.0875 0.000157237
3 0.223438 0.361719 0.028125 0.0640625 0.000159191
3 0.260156 0.154687 0.0296875 0.071875 0.000163764
2 0.882031 0.164062 0.0765625 0.04375 0.000170912
3 0.228906 0.970312 0.0328125 0.059375 0.000173972
0 0.155469 0.0757812 0.0328125 0.0359375 0.000196551
2 0.891406 0.207813 0.0703125 0.05 0.000200643
2 0.910156 0.242188 0.0265625 0.08125 0.000201012
3 0.221094 0.4 0.0359375 0.034375 0.000210749
1 0.345313 0.0046875 0.06875 0.009375 0.000211273
1 0.361719 0.00234375 0.0390625 0.0046875 0.000221225
3 0.0179687 0.0867188 0.0359375 0.0453125 0.000222086
1 0.286719 0.0046875 0.0734375 0.009375 0.000230832
2 0.910937 0.207031 0.05625 0.0421875 0.000239458
2 0.219531 0.45 0.0203125 0.05 0.000240859
0 0.142188 0.0875 0.046875 0.06875 0.000243232
2 0.794531 0.482031 0.0484375 0.0984375 0.000243864
3 0.220313 0.400781 0.01875 0.0515625 0.000247172
0 0.617969 0.892969 0.0453125 0.0328125 0.00024757
1 0.649219 0.00234375 0.0421875 0.0046875 0.000249217
1 0.6875 0.00234375 0.040625 0.0046875 0.00026423
2 0.671875 0.003125 0.046875 0.00625 0.000273671
2 0.951563 0.908594 0.071875 0.148438 0.00027544
2 0.908594 0.278125 0.0546875 0.03125 0.000284045
1 0.638281 0.003125 0.0703125 0.00625 0.00029782
3 0.142188 0.0875 0.034375 0.084375 0.000299151
1 0.630469 0.00234375 0.0421875 0.0046875 0.000303948
2 0.907812 0.276563 0.028125 0.065625 0.00031231
1 0.669531 0.00234375 0.0421875 0.0046875 0.000312631
2 0.533594 0.00234375 0.0421875 0.0046875 0.00031821
3 0.0117188 0.0875 0.0234375 0.075 0.000330243
2 0.890625 0.20625 0.028125 0.096875 0.000336428
1 0.610156 0.00234375 0.0421875 0.0046875 0.000349229
1 0.38125 0.00234375 0.040625 0.0046875 0.000359118
1 0.421094 0.00390625 0.0671875 0.0078125 0.000360576
2 0.633594 0.00234375 0.0484375 0.0046875 0.000364912
2 0.461719 0.5875 0.0484375 0.05625 0.000365486
1 0.438281 0.00234375 0.0421875 0.0046875 0.000366727
1 0.339063 0.00234375 0.0375 0.0046875 0.000369937
1 0.533594 0.00234375 0.0421875 0.0046875 0.000380701
2 0.910156 0.205469 0.0265625 0.0796875 0.000383836
2 0.91875 0.974219 0.075 0.0484375 0.000409517
2 0.886719 0.135156 0.0359375 0.0390625 0.000438938
2 0.417188 0.00234375 0.040625 0.0046875 0.000451288
2 0.365625 0.00234375 0.046875 0.0046875 0.000454009
1 0.399219 0.00234375 0.0421875 0.0046875 0.000467549
2 0.321094 0.00234375 0.0390625 0.0046875 0.000473115
1 0.553906 0.00234375 0.0421875 0.0046875 0.000480785
1 0.457031 0.00234375 0.0421875 0.0046875 0.000487014
2 0.917969 0.9625 0.0359375 0.075 0.000490837
1 0.417969 0.00234375 0.0421875 0.0046875 0.000517082
1 0.590625 0.00234375 0.040625 0.0046875 0.000527428
1 0.475781 0.00234375 0.0421875 0.0046875 0.000538032
1 0.513281 0.00234375 0.0421875 0.0046875 0.0005828
1 0.561719 0.003125 0.0640625 0.00625 0.000589051
2 0.572656 0.00234375 0.0421875 0.0046875 0.000590732
1 0.572656 0.00234375 0.0421875 0.0046875 0.000623878
0 0.614062 0.838281 0.03125 0.0421875 0.000630623
2 0.494531 0.00234375 0.0421875 0.0046875 0.00063816
2 0.592188 0.00234375 0.046875 0.0046875 0.000649278
1 0.496094 0.00234375 0.0421875 0.0046875 0.000657187
1 0.49375 0.003125 0.065625 0.00625 0.000661297
2 0.440625 0.00234375 0.046875 0.0046875 0.000731838
2 0.403125 0.00234375 0.04375 0.0046875 0.00075958
2 0.55625 0.00234375 0.046875 0.0046875 0.000821338
0 0.614062 0.852344 0.034375 0.0328125 0.000878181
2 0.517187 0.00234375 0.046875 0.0046875 0.00091124
0 0.616406 0.871094 0.0328125 0.0234375 0.00101175
2 0.479688 0.00234375 0.04375 0.0046875 0.0010149
1 0.621094 0.99375 0.0296875 0.0125 0.00116625
0 0.611719 0.796875 0.0328125 0.025 0.00251072
0 0.6125 0.817969 0.03125 0.0203125 0.00610408
1 0.620313 0.996875 0.028125 0.00625 0.0453773
3 0.460156 0.569531 0.0265625 0.0265625 0.0899109
3 0.474219 0.579687 0.0328125 0.03125 0.467641
0 0.611719 0.808594 0.0296875 0.0234375 0.769717
3 0.45 0.561719 0.021875 0.0234375 0.810169
2 0.475 0.579687 0.03125 0.03125 0.863482
