3 0.215625 0.249219 0.01875 0.0296875 0.000100044
3 0.228125 0.328125 0.046875 0.04375 0.000101478
0 0.139844 0.224219 0.0328125 0.0765625 0.000101563
3 0.245312 0.414062 0.10625 0.08125 0.000101651
2 0.9875 0.967188 0.025 0.065625 0.000101794
3 0.496094 0.420312 0.0484375 0.03125 0.000102848
0 0.792969 0.645312 0.0546875 0.109375 0.000104681
0 0.145313 0.0796875 0.03125 0.046875 0.000104753
2 0.88125 0.163281 0.075 0.0390625 0.000107179
2 0.797656 0.253906 0.0546875 0.110937 0.000107192
2 0.227344 0.897656 0.0484375 0.0453125 0.000107215
0 0.5375 0.521094 0.0375 0.0546875 0.000108381
0 0.594531 0.858594 0.0484375 0.0328125 0.000109187
3 0.775 0.828125 0.028125 0.075 0.000109822
3 0.925781 0.500781 0.114063 0.0921875 0.000110269
3 0.777344 0.865625 0.0515625 0.04375 0.000110891
3 0.775 0.638281 0.028125 0.0734375 0.000111863
2 0.8125 0.399219 0.053125 0.0421875 0.000112011
3 0.15 0.254687 0.075 0.10625 0.000112934
1 0.928125 0.648438 0.06875 0.153125 0.000113208
3 0.79375 0.119531 0.040625 0.0890625 0.000113356
2 0.815625 0.654688 0.025 0.0875 0.000113976
2 0.290625 0.00234375 0.046875 0.0046875 0.000116859
0 0.590625 0.832031 0.040625 0.0265625 0.000116993
3 0.926562 0.580469 0.078125 0.101562 0.000118805
3 0.221094 0.714063 0.0390625 0.040625 0.000119016
2 0.814062 0.732031 0.05625 0.0453125 0.000119552
0 0.60625 0.900781 0.053125 0.0296875 0.000120488
2 0.817187 0.305469 0.025 0.0921875 0.000121794
3 0.775 0.670313 0.028125 0.071875 0.000122012
1 0.928906 0.726562 0.0703125 0.153125 0.000122131
3 0.238281 0.796875 0.107813 0.084375 0.00012338
2 0.228125 0.942187 0.059375 0.115625 0.000128449
1 0.0125 0.964063 0.025 0.025 0.00012921
3 0.217969 0.597656 0.0390625 0.0390625 0.000132584
0 0.146875 0.14375 0.025 0.028125 0.000135167
2 0.909375 0.203125 0.028125 0.0875 0.000136656
2 0.890625 0.199219 0.028125 0.0953125 0.000139875
3 0.246875 0.492969 0.059375 0.139062 0.000141359
2 0.635156 0.00234375 0.0453125 0.0046875 0.000141671
2 0.226562 0.944531 0.05 0.0421875 0.000143189
2 0.907812 0.240625 0.059375 0.034375 0.000145715
3 0.928125 0.501562 0.065625 0.146875 0.000147756
3 0.246094 0.416406 0.0578125 0.135937 0.000150087
3 0.227344 0.328906 0.0265625 0.0671875 0.00015046
0 0.609375 0.94375 0.034375 0.034375 0.000150569
1 0.65 0.00234375 0.040625 0.0046875 0.000151964
1 0.925781 0.797656 0.0703125 0.148438 0.000152561
3 0.223438 0.515625 0.04375 0.040625 0.00015599
3 0.24375 0.873438 0.053125 0.146875 0.000159752
0 0.494531 0.434375 0.0359375 0.025 0.000161699
2 0.796094 0.4125 0.0515625 0.10625 0.00016328
2 0.227344 0.899219 0.0234375 0.0734375 0.000166099
1 0.125 0.210938 0.046875 0.065625 0.000167495
3 0.140625 0.124219 0.046875 0.0578125 0.000167879
2 0.907812 0.239063 0.028125 0.075 0.000168293
2 0.811719 0.397656 0.0234375 0.0796875 0.000171822
3 0.221094 0.675781 0.0234375 0.0609375 0.000176413
3 0.220313 0.715625 0.021875 0.059375 0.000176959
1 0.928125 0.58125 0.065625 0.146875 0.000177021
0 0.140625 0.124219 0.028125 0.0890625 0.000177502
2 0.814062 0.730469 0.025 0.0890625 0.000178359
1 0.126563 0.211719 0.0875 0.0359375 0.000184173
3 0.777344 0.866406 0.0265625 0.0703125 0.000188236
1 0.285937 0.0046875 0.06875 0.009375 0.000189918
1 0.340625 0.00390625 0.0625 0.0078125 0.000192297
0 0.575 0.742969 0.040625 0.0296875 0.00019263
3 0.0179687 0.0882813 0.0359375 0.0453125 0.00019503
3 0.217187 0.598437 0.021875 0.05625 0.000196699
2 0.671094 0.00234375 0.0453125 0.0046875 0.000200752
2 0.364062 0.00234375 0.040625 0.0046875 0.000202621
3 0.949219 0.916406 0.0796875 0.0984375 0.000205317
1 0.688281 0.00234375 0.0390625 0.0046875 0.000207382
2 0.910937 0.171094 0.059375 0.0421875 0.000215405
3 0.782031 0.126563 0.0171875 0.034375 0.000226057
3 0.240625 0.798437 0.05625 0.140625 0.000227635
3 0.223438 0.517187 0.025 0.0625 0.000228893
2 0.227344 0.367969 0.0484375 0.0453125 0.000233352
1 0.642969 0.003125 0.0671875 0.00625 0.000233973
2 0.946094 0.917969 0.107813 0.0890625 0.000238291
2 0.226562 0.946875 0.028125 0.065625 0.000243071
2 0.917188 0.974219 0.071875 0.0453125 0.000251331
3 0.2125 0.889844 0.025 0.0234375 0.000254408
1 0.669531 0.00234375 0.0390625 0.0046875 0.00025841
3 0.0117188 0.0890625 0.0234375 0.075 0.000282579
3 0.141406 0.0851562 0.0359375 0.0859375 0.000284593
1 0.590625 0.00234375 0.040625 0.0046875 0.000288622
2 0.916406 0.963281 0.0328125 0.0734375 0.000288776
1 0.610937 0.00234375 0.040625 0.0046875 0.000292636
3 0.220313 0.564062 0.021875 0.05625 0.000293808
1 0.634375 0.00234375 0.046875 0.0046875 0.000295044
2 0.225 0.404687 0.04375 0.04375 0.000295206
2 0.910156 0.169531 0.0296875 0.0828125 0.000309143
1 0.422656 0.003125 0.0609375 0.00625 0.000319593
2 0.533594 0.00234375 0.0390625 0.0046875 0.000320898
2 0.457031 0.00234375 0.0390625 0.0046875 0.000336528
1 0.438281 0.00234375 0.0390625 0.0046875 0.000339802
1 0.380469 0.00234375 0.0359375 0.0046875 0.000342391
2 0.226562 0.369531 0.028125 0.0671875 0.000353366
1 0.533594 0.00234375 0.0390625 0.0046875 0.000358558
1 0.571094 0.00234375 0.0390625 0.0046875 0.000364343
2 0.398438 0.00234375 0.0375 0.0046875 0.000375375
1 0.561719 0.00234375 0.0609375 0.0046875 0.000379131
1 0.457031 0.00234375 0.0390625 0.0046875 0.000386844
2 0.417188 0.00234375 0.0375 0.0046875 0.000396044
2 0.221094 0.754687 0.0203125 0.059375 0.000409242
1 0.3375 0.00234375 0.034375 0.0046875 0.000425243
1 0.417188 0.00234375 0.0375 0.0046875 0.000428016
1 0.363281 0.00234375 0.0421875 0.0046875 0.000448393
2 0.59375 0.00234375 0.04375 0.0046875 0.000459048
2 0.224219 0.40625 0.0234375 0.065625 0.000465264
1 0.553125 0.00234375 0.040625 0.0046875 0.000469861
1 0.475781 0.00234375 0.0390625 0.0046875 0.000480652
0 0.585938 0.805469 0.040625 0.0390625 0.000480849
2 0.224219 0.828906 0.0203125 0.0609375 0.000493942
2 0.554688 0.00234375 0.04375 0.0046875 0.000517131
3 0.219531 0.978906 0.0296875 0.0421875 0.000530016
1 0.494531 0.00234375 0.0578125 0.0046875 0.000535118
2 0.949219 0.916406 0.0671875 0.142188 0.000551171
2 0.221875 0.792188 0.021875 0.0625 0.000561338
1 0.5125 0.00234375 0.0375 0.0046875 0.000597033
2 0.225 0.446875 0.025 0.065625 0.000615666
2 0.225 0.483594 0.025 0.0609375 0.000623047
1 0.402344 0.00234375 0.0421875 0.0046875 0.000637725
1 0.496094 0.00234375 0.0390625 0.0046875 0.000659267
2 0.441406 0.00234375 0.0421875 0.0046875 0.000660157
3 0.219531 0.978125 0.0484375 0.025 0.000670262
2 0.495313 0.00234375 0.0375 0.0046875 0.000733759
2 0.516406 0.00234375 0.0421875 0.0046875 0.00077726
2 0.321875 0.00234375 0.034375 0.0046875 0.000833414
2 0.223438 0.871875 0.025 0.065625 0.000856578
2 0.480469 0.00234375 0.0421875 0.0046875 0.000914985
3 0.501562 0.445312 0.04375 0.028125 0.00121335
0 0.578125 0.755469 0.034375 0.0265625 0.00213391
0 0.582031 0.780469 0.0328125 0.0234375 0.00384895
1 0.604688 0.995313 0.03125 0.009375 0.00447578
1 0.609375 0.996875 0.028125 0.00625 0.0655262
3 0.504687 0.471094 0.034375 0.0234375 0.439516
0 0.580469 0.766406 0.0328125 0.0234375 0.771428
3 0.492969 0.435937 0.0296875 0.0125 0.794337
2 0.505469 0.471094 0.0359375 0.0234375 0.869645
