1 0.9375 0.721875 0.075 0.15625 0.000102108
3 0.275781 0.717969 0.0390625 0.0359375 0.000102273
3 0.979688 0.974219 0.040625 0.0515625 0.0001034
2 0.934375 0.650781 0.075 0.154687 0.000103568
3 0.796875 0.490625 0.053125 0.1125 0.000105565
3 0.221094 0.673437 0.0359375 0.040625 0.000106576
1 0.0125 0.583594 0.025 0.164062 0.000107042
2 0.813281 0.580469 0.0265625 0.0921875 0.000108366
0 0.889844 0.190625 0.0359375 0.09375 0.000108931
2 0.0179687 0.1875 0.0359375 0.05 0.000109929
1 0.301562 0.003125 0.04375 0.00625 0.000111968
3 0.941406 0.9 0.117188 0.096875 0.000112505
1 0.0992187 0.190625 0.0390625 0.0125 0.000113257
3 0.557031 0.784375 0.0328125 0.034375 0.000113816
3 0.0171875 0.0875 0.034375 0.04375 0.000114118
2 0.0101562 0.185937 0.0171875 0.096875 0.000114267
1 0.028125 0.003125 0.034375 0.00625 0.000116138
3 0.28125 0.34375 0.025 0.071875 0.000117055
3 0.275 0.71875 0.021875 0.05 0.000118767
1 0.219531 0.003125 0.0484375 0.00625 0.000122456
2 0.978125 0.975 0.04375 0.040625 0.000123704
2 0.991406 0.985156 0.0171875 0.0296875 0.000125439
3 0.211719 0.457812 0.0234375 0.03125 0.00012729
1 0.0117188 0.964063 0.0234375 0.028125 0.000128233
2 0.225 0.367969 0.034375 0.0796875 0.000129634
2 0.907812 0.319531 0.05625 0.0359375 0.000129974
3 0.222656 0.825781 0.0421875 0.0421875 0.000133783
1 0.282031 0.003125 0.0421875 0.00625 0.000134567
3 0.78125 0.448438 0.015625 0.028125 0.000136115
3 0.775 0.44375 0.025 0.075 0.000136942
1 0.650781 0.003125 0.0453125 0.00625 0.0001467
1 0.126563 0.2125 0.04375 0.05625 0.000147785
3 0.221094 0.675 0.0203125 0.059375 0.000154373
2 0.9875 0.967188 0.025 0.065625 0.000156058
3 0.210938 0.86875 0.025 0.025 0.000156292
3 0.0109375 0.0875 0.021875 0.075 0.000161931
0 0.8875 0.154687 0.04375 0.0875 0.0001628
3 0.788281 0.340625 0.0171875 0.021875 0.000163804
2 0.907812 0.317969 0.028125 0.0703125 0.000166084
3 0.222656 0.827344 0.0234375 0.0640625 0.000178067
1 0.261719 0.00234375 0.0515625 0.0046875 0.000181983
0 0.148438 0.239063 0.03125 0.028125 0.000182122
2 0.226562 0.520312 0.053125 0.04375 0.000191267
3 0.2875 0.365625 0.053125 0.109375 0.000192862
3 0.284375 0.429688 0.04375 0.10625 0.000196097
1 0.127344 0.213281 0.0828125 0.0296875 0.000197488
0 0.15625 0.253906 0.078125 0.104687 0.000209464
1 0.284375 0.00546875 0.075 0.0109375 0.000209562
1 0.3375 0.0046875 0.075 0.009375 0.000219612
2 0.292188 0.003125 0.05 0.00625 0.00022453
2 0.671094 0.003125 0.0484375 0.00625 0.000226806
1 0.685938 0.00234375 0.04375 0.0046875 0.000228023
2 0.220313 0.715625 0.021875 0.0625 0.000267419
3 0.227344 0.983594 0.0609375 0.0328125 0.000272193
2 0.228906 0.907031 0.0484375 0.0484375 0.000280466
3 0.227344 0.978125 0.0328125 0.04375 0.000286628
2 0.224219 0.4 0.0484375 0.04375 0.000291836
3 0.275781 0.473437 0.0171875 0.053125 0.000292054
2 0.225781 0.521094 0.0296875 0.0671875 0.000295037
3 0.276563 0.472656 0.03125 0.0359375 0.000297764
1 0.379687 0.00234375 0.040625 0.0046875 0.000306534
1 0.626562 0.00234375 0.04375 0.0046875 0.000308902
2 0.946094 0.899219 0.0734375 0.151562 0.000310751
1 0.571094 0.00234375 0.0453125 0.0046875 0.000311152
1 0.361719 0.00234375 0.0421875 0.0046875 0.000313112
2 0.225781 0.472656 0.0515625 0.0453125 0.000313335
1 0.592969 0.003125 0.0453125 0.00625 0.00031936
1 0.4 0.003125 0.04375 0.00625 0.000320518
1 0.634375 0.00390625 0.071875 0.0078125 0.000321318
3 0.225 0.554688 0.04375 0.040625 0.000324653
3 0.225 0.597656 0.0375 0.0484375 0.000325427
0 0.614062 0.957812 0.04375 0.03125 0.000341876
2 0.533594 0.003125 0.0453125 0.00625 0.000347301
1 0.535156 0.003125 0.0453125 0.00625 0.000354513
1 0.670313 0.003125 0.04375 0.00625 0.000395456
3 0.223438 0.402344 0.028125 0.0703125 0.000405201
2 0.920313 0.974219 0.075 0.0484375 0.000414871
2 0.224219 0.598437 0.0234375 0.0625 0.000418852
1 0.552344 0.003125 0.0453125 0.00625 0.000426213
3 0.225 0.55625 0.025 0.059375 0.0004305
2 0.225 0.944531 0.03125 0.0671875 0.000431351
3 0.219531 0.629687 0.0203125 0.053125 0.000432005
2 0.225 0.474219 0.028125 0.0703125 0.000453661
2 0.228125 0.447656 0.034375 0.0734375 0.000460832
2 0.219531 0.866406 0.0359375 0.0421875 0.000463101
1 0.339063 0.00234375 0.040625 0.0046875 0.000496828
1 0.425781 0.00390625 0.0703125 0.0078125 0.000504537
2 0.632812 0.003125 0.046875 0.00625 0.000508802
2 0.920313 0.9625 0.034375 0.075 0.000516866
2 0.3625 0.00234375 0.046875 0.0046875 0.000531378
1 0.496094 0.003125 0.0453125 0.00625 0.000531612
1 0.41875 0.00234375 0.04375 0.0046875 0.000532109
2 0.228125 0.908594 0.028125 0.0734375 0.000536544
1 0.513281 0.003125 0.0453125 0.00625 0.000543969
0 0.145313 0.238281 0.034375 0.0734375 0.000560057
2 0.495313 0.00234375 0.04375 0.0046875 0.00056431
2 0.339063 0.00234375 0.040625 0.0046875 0.000569239
1 0.564844 0.00390625 0.0671875 0.0078125 0.000611644
2 0.219531 0.867969 0.0203125 0.0609375 0.000624527
2 0.323438 0.00234375 0.040625 0.0046875 0.000627572
2 0.555469 0.003125 0.0484375 0.00625 0.000650361
1 0.611719 0.003125 0.0453125 0.00625 0.000695421
2 0.595312 0.003125 0.046875 0.00625 0.000773631
2 0.404687 0.003125 0.046875 0.00625 0.000783863
2 0.516406 0.003125 0.0484375 0.00625 0.000783887
1 0.484375 0.00390625 0.065625 0.0078125 0.000786663
2 0.610937 0.003125 0.04375 0.00625 0.000787662
2 0.455469 0.003125 0.0453125 0.00625 0.000902975
2 0.477344 0.003125 0.0453125 0.00625 0.00119981
2 0.440625 0.003125 0.046875 0.00625 0.00129642
0 0.6125 0.986719 0.0375 0.0234375 0.00183486
3 0.567969 0.76875 0.0390625 0.0125 0.00837554
2 0.578125 0.801562 0.040625 0.021875 0.0132526
0 0.615625 0.994531 0.034375 0.0109375 0.0161173
3 0.575781 0.808594 0.0359375 0.0234375 0.416716
3 0.566406 0.774219 0.0296875 0.0109375 0.800068
2 0.575781 0.809375 0.0359375 0.021875 0.870693
