0 0.142969 0.229687 0.0359375 0.084375 0.000100614
2 0.884375 0.192969 0.034375 0.0390625 0.000102147
2 0.820312 0.263281 0.025 0.0984375 0.000102165
1 0.0992187 0.189844 0.0390625 0.0140625 0.00010254
2 0.882812 0.242969 0.0375 0.0859375 0.000102611
1 0.0132813 0.583594 0.0265625 0.164062 0.000105438
0 0.889844 0.152344 0.0453125 0.0921875 0.000106294
0 0.628125 0.778906 0.053125 0.0703125 0.000106424
1 0.1 0.2125 0.0375 0.0125 0.000108718
3 0.275781 0.442969 0.0359375 0.0390625 0.000109707
2 0.907812 0.279687 0.028125 0.078125 0.000109798
0 0.154687 0.0679687 0.0375 0.0359375 0.000109856
2 0.811719 0.391406 0.0515625 0.0453125 0.000110392
2 0.229687 0.444531 0.06875 0.0484375 0.000111398
3 0.796094 0.338281 0.0546875 0.110937 0.00011301
3 0.28125 0.886719 0.025 0.0640625 0.000113229
3 0.285937 0.360938 0.053125 0.1125 0.000113294
2 0.0179687 0.1875 0.0359375 0.05 0.00011449
1 0.0125 0.964063 0.025 0.028125 0.000115596
3 0.23125 0.480469 0.034375 0.0765625 0.000116644
3 0.233594 0.975 0.0359375 0.05 0.000118248
2 0.813281 0.348437 0.0234375 0.09375 0.000118918
2 0.0101562 0.185937 0.0171875 0.096875 0.000119187
3 0.261719 0.180469 0.0578125 0.0515625 0.000119272
3 0.260938 0.182031 0.03125 0.0765625 0.000120039
3 0.234375 0.98125 0.06875 0.0375 0.000120242
1 0.257031 0.003125 0.0515625 0.00625 0.000120281
0 0.151562 0.0882813 0.034375 0.0359375 0.000120447
1 0.726562 0.003125 0.046875 0.00625 0.000122724
2 0.711719 0.003125 0.0515625 0.00625 0.00012342
3 0.226562 0.867969 0.03125 0.0765625 0.000123456
1 0.709375 0.00234375 0.046875 0.0046875 0.000125528
2 0.226562 0.791406 0.046875 0.0484375 0.000125914
2 0.224219 0.560156 0.0484375 0.0421875 0.000128393
0 0.139062 0.18125 0.034375 0.071875 0.000129075
2 0.888281 0.28125 0.0265625 0.096875 0.000132833
0 0.140625 0.0804688 0.0375 0.0890625 0.000136618
3 0.223438 0.710156 0.04375 0.0421875 0.000137061
3 0.222656 0.589063 0.0390625 0.040625 0.000137492
1 0.125781 0.210938 0.0453125 0.05625 0.000139021
2 0.229687 0.404687 0.059375 0.046875 0.00013917
3 0.225 0.514844 0.053125 0.0390625 0.000143474
2 0.908594 0.246875 0.0515625 0.040625 0.000144188
3 0.24375 0.414844 0.059375 0.145313 0.000145638
3 0.221875 0.66875 0.021875 0.065625 0.000146973
3 0.275781 0.991406 0.0234375 0.0140625 0.000147241
3 0.238281 0.477344 0.104687 0.0828125 0.000147718
3 0.0179687 0.0875 0.0359375 0.04375 0.00014941
3 0.210156 0.303125 0.0234375 0.028125 0.000153276
3 0.241406 0.797656 0.0609375 0.145313 0.000154621
0 0.142188 0.11875 0.03125 0.084375 0.000156487
1 0.6875 0.003125 0.04375 0.00625 0.000158131
3 0.230469 0.40625 0.0546875 0.05625 0.000162731
2 0.8125 0.389844 0.021875 0.0859375 0.000162979
2 0.295312 0.003125 0.05 0.00625 0.000163391
3 0.810156 0.822656 0.0484375 0.0640625 0.000166599
1 0.284375 0.0046875 0.078125 0.009375 0.000168084
2 0.223438 0.825 0.046875 0.046875 0.000172515
3 0.275781 0.445312 0.0203125 0.059375 0.000174195
3 0.279687 0.435937 0.034375 0.096875 0.000175722
2 0.228906 0.445312 0.0390625 0.078125 0.000176428
2 0.883594 0.24375 0.0734375 0.040625 0.000177579
2 0.224219 0.560938 0.0265625 0.065625 0.000177767
3 0.222656 0.711719 0.0234375 0.0640625 0.000180716
1 0.126563 0.211719 0.08125 0.0296875 0.00018204
3 0.777344 0.809375 0.0265625 0.025 0.000185823
3 0.221875 0.590625 0.021875 0.0625 0.000187952
2 0.929688 0.261719 0.06875 0.148438 0.00019243
3 0.225 0.516406 0.028125 0.0671875 0.000196152
0 0.890625 0.525781 0.01875 0.0515625 0.000198201
2 0.907812 0.316406 0.028125 0.0640625 0.000200426
0 0.141406 0.147656 0.0359375 0.0703125 0.000201005
2 0.907031 0.317969 0.0578125 0.0296875 0.000202428
2 0.229687 0.407031 0.034375 0.0765625 0.000203496
3 0.0117188 0.0875 0.0234375 0.075 0.000210968
2 0.226562 0.792188 0.025 0.075 0.000211407
2 0.908594 0.245312 0.0265625 0.075 0.000215504
1 0.65 0.003125 0.04375 0.00625 0.000216244
1 0.34375 0.0046875 0.071875 0.009375 0.000224298
1 0.361719 0.00234375 0.0421875 0.0046875 0.000232697
1 0.639063 0.00390625 0.075 0.0078125 0.000237056
3 0.791406 0.827344 0.0265625 0.0296875 0.000240458
3 0.240625 0.479688 0.05625 0.1375 0.000245347
2 0.672656 0.003125 0.0484375 0.00625 0.00024616
2 0.222656 0.750781 0.0390625 0.0453125 0.000270217
1 0.629687 0.003125 0.04375 0.00625 0.000282825
2 0.222656 0.826563 0.0265625 0.071875 0.000296341
1 0.667969 0.00234375 0.0421875 0.0046875 0.000307676
0 0.890625 0.526563 0.04375 0.021875 0.000308095
1 0.591406 0.003125 0.0453125 0.00625 0.00031548
2 0.3375 0.00234375 0.040625 0.0046875 0.000341498
0 0.157813 0.255469 0.078125 0.107813 0.000343251
1 0.610937 0.003125 0.04375 0.00625 0.000344655
1 0.38125 0.00234375 0.040625 0.0046875 0.000351084
1 0.571875 0.003125 0.04375 0.00625 0.000357699
1 0.3375 0.00234375 0.040625 0.0046875 0.000364225
1 0.438281 0.00234375 0.0453125 0.0046875 0.000381619
1 0.553125 0.003125 0.04375 0.00625 0.00040675
1 0.533594 0.003125 0.0453125 0.00625 0.00040868
2 0.221875 0.752344 0.021875 0.0671875 0.00042185
2 0.633594 0.003125 0.0484375 0.00625 0.000422473
2 0.532031 0.003125 0.0453125 0.00625 0.000428465
1 0.992969 0.991406 0.0140625 0.0171875 0.000433226
0 0.617969 0.942969 0.0359375 0.0328125 0.000436156
1 0.425781 0.00390625 0.0703125 0.0078125 0.000489373
1 0.399219 0.00234375 0.0421875 0.0046875 0.000489855
2 0.364844 0.00234375 0.0453125 0.0046875 0.000515008
2 0.457812 0.00234375 0.04375 0.0046875 0.00051742
2 0.417969 0.00234375 0.0421875 0.0046875 0.000519138
2 0.220313 0.644531 0.021875 0.0546875 0.000519232
1 0.457812 0.003125 0.04375 0.00625 0.000544013
2 0.758594 0.789844 0.0515625 0.0453125 0.000549174
1 0.55625 0.00390625 0.065625 0.0078125 0.000556997
2 0.59375 0.003125 0.046875 0.00625 0.000560702
1 0.417969 0.00234375 0.0421875 0.0046875 0.000582715
2 0.553906 0.003125 0.0484375 0.00625 0.00068875
1 0.475781 0.003125 0.0421875 0.00625 0.0007448
2 0.495313 0.00234375 0.04375 0.0046875 0.000884564
2 0.403906 0.00234375 0.0453125 0.0046875 0.000900924
2 0.321094 0.00234375 0.0390625 0.0046875 0.000914118
1 0.489844 0.00390625 0.0640625 0.0078125 0.000961221
0 0.622656 0.871875 0.0359375 0.03125 0.000968594
2 0.442969 0.003125 0.0484375 0.00625 0.00102348
2 0.515625 0.003125 0.046875 0.00625 0.00103664
0 0.624219 0.846094 0.0359375 0.0453125 0.00122648
2 0.764844 0.778906 0.0296875 0.0265625 0.00123776
0 0.621875 0.890625 0.034375 0.025 0.00125829
0 0.619531 0.928125 0.0328125 0.025 0.00131988
2 0.480469 0.003125 0.0453125 0.00625 0.00145209
0 0.616406 0.992188 0.0296875 0.015625 0.00145796
0 0.63125 0.792969 0.0375 0.0296875 0.00157741
0 0.628906 0.861719 0.0328125 0.0390625 0.00160684
0 0.621094 0.909375 0.0328125 0.025 0.00184491
1 0.616406 0.99375 0.0296875 0.0125 0.00435113
0 0.629687 0.819531 0.034375 0.0265625 0.00898853
1 0.614844 0.996875 0.0296875 0.00625 0.0440254
3 0.772656 0.789844 0.0359375 0.0328125 0.190285
0 0.630469 0.803906 0.0328125 0.0265625 0.711495
3 0.790625 0.817969 0.025 0.0234375 0.824525
2 0.772656 0.789062 0.0359375 0.034375 0.853885
