2 0.228125 0.366406 0.065625 0.0484375 0.000100477
0 0.611719 0.946875 0.0328125 0.0375 0.000101316
1 0.980469 0.0164062 0.0328125 0.0328125 0.000101375
2 0.226562 0.867969 0.053125 0.0484375 0.000103491
1 0.302344 0.003125 0.0421875 0.00625 0.000103905
2 0.8125 0.349219 0.059375 0.0453125 0.000104
0 0.610156 0.669531 0.0609375 0.107813 0.000108283
2 0.917969 0.210156 0.0703125 0.145313 0.000108992
1 0.0992187 0.190625 0.0390625 0.0125 0.000110693
3 0.279687 0.271875 0.028125 0.0625 0.000111728
2 0.816406 0.417969 0.0265625 0.0953125 0.000112086
3 0.232031 0.723437 0.0671875 0.15 0.000114887
3 0.975 0.95625 0.05 0.0875 0.00011552
2 0.814844 0.310937 0.0234375 0.096875 0.000115858
2 0.796094 0.335156 0.0859375 0.151562 0.000116111
3 0.228125 0.436719 0.05625 0.0421875 0.000116232
1 0.0117188 0.963281 0.0234375 0.0265625 0.00011649
3 0.989062 0.957031 0.021875 0.0453125 0.000117062
2 0.232812 0.40625 0.0375 0.078125 0.000117571
3 0.99375 0.957031 0.0125 0.0640625 0.000117967
2 0.885156 0.125781 0.0421875 0.0484375 0.000118659
2 0.814062 0.346875 0.025 0.090625 0.000123574
2 0.0171875 0.186719 0.034375 0.0484375 0.000123785
2 0.225 0.788281 0.04375 0.0453125 0.000124983
2 0.220313 0.673437 0.040625 0.040625 0.000126011
1 0.705469 0.00234375 0.0453125 0.0046875 0.000126768
2 0.0101562 0.185937 0.0171875 0.09375 0.00012736
2 0.222656 0.7125 0.0421875 0.04375 0.000127717
3 0.2375 0.794531 0.059375 0.148438 0.000128414
3 0.0109375 0.0875 0.021875 0.078125 0.000133305
3 0.221094 0.630469 0.0203125 0.0609375 0.000133389
3 0.285156 0.364844 0.0421875 0.104687 0.000133598
2 0.295312 0.003125 0.05 0.00625 0.000134266
3 0.2125 0.754687 0.021875 0.025 0.000135488
3 0.239063 0.486719 0.059375 0.145313 0.00013671
3 0.289062 0.296094 0.053125 0.104687 0.000136894
0 0.6375 0.785156 0.034375 0.0421875 0.000138213
3 0.226562 0.973437 0.0625 0.046875 0.000139697
0 0.148438 0.10625 0.03125 0.0625 0.000142242
3 0.275781 0.523438 0.0171875 0.05625 0.00014376
2 0.908594 0.279687 0.0640625 0.034375 0.000146989
2 0.98125 0.983594 0.0375 0.0328125 0.000147369
2 0.228906 0.36875 0.0359375 0.08125 0.000147582
3 0.241406 0.409375 0.0578125 0.14375 0.000147676
2 0.885156 0.201562 0.0390625 0.0875 0.000151189
2 0.883594 0.192969 0.0359375 0.0359375 0.000153669
3 0.982031 0.982031 0.0359375 0.0359375 0.000153891
3 0.228125 0.438281 0.03125 0.0703125 0.000157185
2 0.908594 0.278125 0.0296875 0.075 0.000157528
2 0.992188 0.985937 0.015625 0.028125 0.000157544
2 0.225 0.510156 0.04375 0.0359375 0.000158005
2 0.90625 0.208594 0.028125 0.0734375 0.000159681
1 0.125 0.209375 0.04375 0.05625 0.000160363
1 0.59375 0.994531 0.040625 0.0078125 0.000161887
2 0.220313 0.674219 0.021875 0.0640625 0.000163649
3 0.782812 0.717969 0.028125 0.0265625 0.000164568
3 0.225781 0.969531 0.0328125 0.0609375 0.000166884
2 0.226562 0.869531 0.028125 0.0765625 0.000168736
3 0.28125 0.428125 0.034375 0.09375 0.000174496
1 0.688281 0.00234375 0.0421875 0.0046875 0.000175995
0 0.142188 0.0828125 0.034375 0.084375 0.000177216
2 0.933594 0.255469 0.0671875 0.148438 0.00017938
2 0.877344 0.254687 0.0953125 0.159375 0.000179981
0 0.885938 0.157031 0.040625 0.0859375 0.000182553
2 0.225 0.823438 0.04375 0.04375 0.000190188
2 0.9875 0.976562 0.025 0.046875 0.000191322
2 0.222656 0.713281 0.0234375 0.0671875 0.000192583
2 0.225 0.789844 0.025 0.0703125 0.000204251
3 0.224219 0.511719 0.0234375 0.0609375 0.000204591
2 0.225781 0.595312 0.0484375 0.040625 0.00020616
2 0.889844 0.274219 0.0671875 0.0453125 0.000207702
0 0.152344 0.0914062 0.0296875 0.0328125 0.000211355
2 0.671094 0.003125 0.0484375 0.00625 0.000212418
3 0.223438 0.560156 0.040625 0.0390625 0.000215686
2 0.885938 0.203125 0.075 0.04375 0.000218095
1 0.288281 0.0046875 0.0734375 0.009375 0.000220202
0 0.636719 0.696875 0.0359375 0.053125 0.000226521
1 0.65 0.003125 0.04375 0.00625 0.000233777
1 0.607813 0.989844 0.034375 0.0171875 0.00023502
1 0.344531 0.0046875 0.0703125 0.009375 0.000236772
1 0.125781 0.210938 0.0828125 0.028125 0.000249484
2 0.883594 0.244531 0.0390625 0.0828125 0.000259884
1 0.667969 0.00234375 0.0421875 0.0046875 0.000262989
2 0.224219 0.825 0.0234375 0.06875 0.00028226
3 0.222656 0.561719 0.0234375 0.0578125 0.000302335
2 0.225 0.596094 0.028125 0.0640625 0.000312217
1 0.630469 0.003125 0.0703125 0.00625 0.000319403
2 0.883594 0.146094 0.0421875 0.0484375 0.00032286
1 0.515625 0.003125 0.04375 0.00625 0.000330267
1 0.628906 0.003125 0.0421875 0.00625 0.000333887
2 0.230469 0.4875 0.0546875 0.04375 0.000350213
2 0.889063 0.272656 0.028125 0.0890625 0.000350769
1 0.396875 0.00234375 0.040625 0.0046875 0.000355893
2 0.571875 0.00234375 0.04375 0.0046875 0.000364446
1 0.421875 0.00390625 0.06875 0.0078125 0.000390405
1 0.573438 0.003125 0.04375 0.00625 0.000401725
2 0.63125 0.003125 0.046875 0.00625 0.000409833
1 0.338281 0.00234375 0.0390625 0.0046875 0.000410101
2 0.909375 0.245312 0.05 0.0375 0.000419638
1 0.553125 0.003125 0.04375 0.00625 0.00042379
1 0.592188 0.003125 0.04375 0.00625 0.000443757
2 0.534375 0.00234375 0.04375 0.0046875 0.000451155
2 0.3375 0.00234375 0.0375 0.0046875 0.000453592
0 0.614844 0.886719 0.0390625 0.0265625 0.000467289
2 0.884375 0.244531 0.075 0.0390625 0.00046735
2 0.378906 0.00234375 0.0390625 0.0046875 0.000472339
1 0.534375 0.003125 0.04375 0.00625 0.000477874
2 0.420312 0.00234375 0.040625 0.0046875 0.000481214
1 0.610937 0.003125 0.04375 0.00625 0.000482911
2 0.229687 0.488281 0.03125 0.0703125 0.000489107
2 0.610937 0.00234375 0.04375 0.0046875 0.000489421
2 0.222656 0.752344 0.0234375 0.0640625 0.0004969
1 0.380469 0.00234375 0.0390625 0.0046875 0.00051614
1 0.420312 0.00234375 0.040625 0.0046875 0.000524904
2 0.494531 0.00234375 0.0421875 0.0046875 0.000525647
2 0.454688 0.00234375 0.04375 0.0046875 0.00055801
1 0.476562 0.003125 0.04375 0.00625 0.000559473
2 0.908594 0.24375 0.0265625 0.06875 0.000560353
1 0.455469 0.003125 0.0421875 0.00625 0.000561498
0 0.622656 0.773438 0.0359375 0.028125 0.000583413
1 0.494531 0.00234375 0.0421875 0.0046875 0.000599664
2 0.3625 0.00234375 0.04375 0.0046875 0.000620695
2 0.321094 0.00234375 0.0390625 0.0046875 0.00062376
1 0.564844 0.00390625 0.0640625 0.0078125 0.000676555
1 0.438281 0.00234375 0.0421875 0.0046875 0.000688756
1 0.488281 0.00390625 0.0640625 0.0078125 0.000718828
2 0.59375 0.003125 0.046875 0.00625 0.00074689
2 0.55625 0.003125 0.046875 0.00625 0.000797999
2 0.517187 0.003125 0.046875 0.00625 0.000900254
2 0.440625 0.003125 0.046875 0.00625 0.000906832
2 0.477344 0.003125 0.0453125 0.00625 0.000952411
2 0.403125 0.00234375 0.04375 0.0046875 0.000959054
0 0.616406 0.867969 0.0328125 0.0234375 0.00134455
0 0.624219 0.794531 0.0359375 0.0296875 0.0013544
0 0.627344 0.782031 0.0359375 0.0265625 0.00650068
0 0.632031 0.733594 0.0390625 0.0296875 0.00881861
0 0.617969 0.845312 0.0296875 0.025 0.0150976
0 0.619531 0.834375 0.0328125 0.025 0.0196468
0 0.627344 0.819531 0.0328125 0.0328125 0.0202721
0 0.628125 0.761719 0.034375 0.0265625 0.0316359
1 0.608594 0.996875 0.0296875 0.00625 0.203383
3 0.767969 0.705469 0.0359375 0.0359375 0.397386
0 0.630469 0.747656 0.0359375 0.0265625 0.71232
3 0.788281 0.730469 0.0265625 0.0234375 0.750178
2 0.766406 0.703906 0.0359375 0.0359375 0.859245
