1 0.126563 0.171875 0.046875 0.0625 0.000100239
2 0.813281 0.347656 0.0578125 0.0484375 0.000100321
2 0.796875 0.419531 0.08125 0.0765625 0.000100452
2 0.907031 0.320312 0.0546875 0.034375 0.000100816
2 0.932031 0.333594 0.0765625 0.154687 0.000103618
3 0.775781 0.557031 0.0265625 0.0734375 0.000104333
3 0.242969 0.877344 0.0609375 0.151562 0.000104599
2 0.228906 0.517969 0.0328125 0.0734375 0.000105544
3 0.78125 0.44375 0.015625 0.028125 0.000108139
3 0.239844 0.796875 0.114063 0.0875 0.000108353
2 0.226562 0.3625 0.0625 0.046875 0.000109096
1 0.707031 0.00234375 0.0453125 0.0046875 0.000111167
2 0.907031 0.317969 0.0265625 0.0703125 0.000113166
2 0.23125 0.440625 0.0375 0.08125 0.00011358
0 0.889063 0.192188 0.034375 0.090625 0.000113646
2 0.0179687 0.1875 0.0359375 0.05 0.00011408
1 0.259375 0.00234375 0.05 0.0046875 0.000116241
3 0.226562 0.904688 0.028125 0.075 0.000116462
2 0.296094 0.003125 0.0515625 0.00625 0.000116705
2 0.0101562 0.185937 0.0171875 0.096875 0.000116881
2 0.803125 0.483594 0.084375 0.151562 0.000117068
2 0.228125 0.825781 0.053125 0.0484375 0.000118078
2 0.810938 0.425781 0.053125 0.0453125 0.000119067
3 0.264844 0.182031 0.0578125 0.0515625 0.000121709
1 0.124219 0.210156 0.0453125 0.0578125 0.000123116
2 0.224219 0.710156 0.0453125 0.0453125 0.000124394
3 0.796094 0.560938 0.0515625 0.10625 0.000127037
2 0.815625 0.621094 0.01875 0.0828125 0.000128031
3 0.264062 0.182812 0.03125 0.078125 0.000131157
2 0.227344 0.480469 0.0359375 0.0765625 0.000131239
2 0.225781 0.864062 0.0515625 0.046875 0.000131423
3 0.775 0.442969 0.025 0.0734375 0.000131477
2 0.8125 0.542969 0.025 0.0890625 0.000132142
3 0.0179687 0.0882813 0.0359375 0.0421875 0.00013304
2 0.814062 0.346094 0.025 0.0921875 0.000134332
1 0.0117188 0.963281 0.0234375 0.0265625 0.000135557
3 0.223438 0.628125 0.040625 0.040625 0.000136543
2 0.228906 0.405469 0.0671875 0.0515625 0.000143771
3 0.225 0.974219 0.065625 0.0390625 0.000150501
3 0.797656 0.421875 0.0515625 0.1125 0.000152949
2 0.886719 0.174219 0.0359375 0.0359375 0.000154714
3 0.226562 0.364844 0.034375 0.0796875 0.000155168
2 0.223438 0.676562 0.040625 0.040625 0.000156306
3 0.223438 0.551562 0.046875 0.0375 0.000157097
1 0.361719 0.00234375 0.0421875 0.0046875 0.00016017
0 0.890625 0.154687 0.04375 0.090625 0.000163729
1 0.553906 0.829687 0.0546875 0.04375 0.000168766
3 0.223438 0.676562 0.0375 0.046875 0.00016882
1 0.289062 0.0046875 0.075 0.009375 0.000174453
2 0.228125 0.949219 0.0375 0.0734375 0.000179409
2 0.978906 0.971875 0.0421875 0.040625 0.000181193
1 0.125781 0.210938 0.0859375 0.028125 0.000186096
2 0.810938 0.424219 0.025 0.0859375 0.000188079
3 0.222656 0.630469 0.0234375 0.0609375 0.000189723
2 0.223438 0.711719 0.025 0.0703125 0.000191081
1 0.688281 0.00234375 0.0421875 0.0046875 0.000191294
3 0.223438 0.553125 0.025 0.0625 0.000193259
3 0.241406 0.799219 0.0578125 0.145313 0.000193387
3 0.0109375 0.0890625 0.021875 0.075 0.0001959
1 0.339063 0.0046875 0.071875 0.009375 0.000200831
2 0.227344 0.828125 0.0296875 0.078125 0.000202227
3 0.225 0.971094 0.034375 0.0578125 0.000203127
2 0.225781 0.866406 0.0296875 0.0734375 0.000203823
3 0.28125 0.434375 0.0375 0.096875 0.000212715
2 0.222656 0.677344 0.0234375 0.0609375 0.000213152
2 0.224219 0.60625 0.0234375 0.0625 0.000219182
3 0.284375 0.370313 0.046875 0.103125 0.000223285
1 0.66875 0.003125 0.04375 0.00625 0.00022428
2 0.988281 0.966406 0.0234375 0.0671875 0.000224835
2 0.228125 0.407031 0.0375 0.0828125 0.000226814
1 0.629687 0.003125 0.04375 0.00625 0.00024688
2 0.572656 0.00234375 0.0453125 0.0046875 0.000247897
2 0.671094 0.003125 0.0484375 0.00625 0.000259433
1 0.65 0.003125 0.04375 0.00625 0.000265177
1 0.572656 0.003125 0.0453125 0.00625 0.00028364
1 0.398438 0.00234375 0.040625 0.0046875 0.000290459
1 0.632812 0.00390625 0.071875 0.0078125 0.000292768
1 0.38125 0.00234375 0.040625 0.0046875 0.000294859
1 0.425 0.00390625 0.06875 0.0078125 0.000340273
2 0.917188 0.974219 0.075 0.0484375 0.000353459
1 0.551562 0.003125 0.04375 0.00625 0.000355943
2 0.45625 0.00234375 0.04375 0.0046875 0.000366058
1 0.592188 0.003125 0.04375 0.00625 0.000381573
1 0.514844 0.003125 0.0453125 0.00625 0.000402632
1 0.45625 0.003125 0.04375 0.00625 0.000406462
1 0.419531 0.00234375 0.0421875 0.0046875 0.000447773
2 0.534375 0.00234375 0.04375 0.0046875 0.000459076
2 0.917188 0.961719 0.0375 0.0765625 0.000479772
2 0.63125 0.003125 0.046875 0.00625 0.00048326
0 0.595312 0.969531 0.04375 0.0359375 0.000484066
2 0.338281 0.00234375 0.0390625 0.0046875 0.000494959
1 0.534375 0.003125 0.04375 0.00625 0.000501896
2 0.225781 0.75625 0.0203125 0.0625 0.000504216
1 0.609375 0.003125 0.04375 0.00625 0.000506938
1 0.338281 0.00234375 0.0390625 0.0046875 0.000510232
1 0.4375 0.00234375 0.04375 0.0046875 0.000511571
1 0.476562 0.003125 0.04375 0.00625 0.000517404
2 0.361719 0.00234375 0.0453125 0.0046875 0.000533841
1 0.564844 0.00390625 0.0671875 0.0078125 0.000540617
2 0.49375 0.00234375 0.04375 0.0046875 0.000589875
2 0.405469 0.00234375 0.0453125 0.0046875 0.000590998
1 0.490625 0.00390625 0.065625 0.0078125 0.00061019
1 0.494531 0.003125 0.0421875 0.00625 0.000611072
2 0.227344 0.789844 0.0265625 0.0671875 0.000617554
2 0.59375 0.003125 0.046875 0.00625 0.000628705
2 0.55625 0.003125 0.046875 0.00625 0.000657786
2 0.324219 0.003125 0.0390625 0.00625 0.000738306
2 0.442187 0.00234375 0.046875 0.0046875 0.000781053
2 0.515625 0.003125 0.046875 0.00625 0.00085837
2 0.478906 0.003125 0.0453125 0.00625 0.00100389
0 0.6 0.988281 0.0375 0.0234375 0.00261098
0 0.6 0.994531 0.034375 0.0109375 0.0388955
3 0.55 0.808594 0.0375 0.0234375 0.186921
3 0.539062 0.776563 0.03125 0.0125 0.758114
2 0.55 0.809375 0.0375 0.021875 0.842975
