3 0.153906 0.25625 0.0765625 0.121875 0.000103563
1 0.609375 0.00234375 0.040625 0.0046875 0.000104693
1 0.3375 0.0046875 0.071875 0.009375 0.000105173
2 0.227344 0.476562 0.0578125 0.04375 0.000110272
1 0.278906 0.00625 0.0828125 0.0125 0.000110683
3 0.227344 0.897656 0.0484375 0.0484375 0.000111837
1 0.125 0.208594 0.04375 0.0578125 0.000112804
1 0.338281 0.00234375 0.0359375 0.0046875 0.000114945
3 0.789062 0.171094 0.059375 0.117188 0.000115278
3 0.214844 0.89375 0.0265625 0.025 0.000116088
2 0.228125 0.789844 0.05 0.0484375 0.000116733
3 0.214844 0.339063 0.0265625 0.028125 0.000117105
0 0.6125 0.760156 0.03125 0.0234375 0.000117713
1 0.0117188 0.964063 0.0234375 0.028125 0.000118536
3 0.225 0.395312 0.05625 0.040625 0.000119428
2 0.689844 0.399219 0.0484375 0.0453125 0.000119978
0 0.6125 0.820312 0.04375 0.03125 0.000120101
3 0.214062 0.407813 0.025 0.028125 0.000120177
0 0.625781 0.478906 0.0359375 0.0328125 0.000122246
3 0.225781 0.552344 0.0484375 0.0421875 0.000124896
3 0.225781 0.899219 0.0265625 0.0703125 0.000126948
2 0.816406 0.769531 0.0546875 0.0453125 0.000127805
2 0.23125 0.364062 0.0625 0.046875 0.00012791
1 0.635938 0.003125 0.075 0.00625 0.000128117
0 0.889844 0.682813 0.0203125 0.0875 0.000128171
2 0.0171875 0.186719 0.034375 0.0484375 0.000128207
3 0.228125 0.477344 0.053125 0.0515625 0.000128745
2 0.009375 0.185156 0.015625 0.0953125 0.000129821
3 0.139844 0.1625 0.0359375 0.09375 0.000129906
3 0.916406 0.735937 0.114063 0.090625 0.000131549
2 0.819531 0.761719 0.0703125 0.139062 0.000131634
1 0.3625 0.00234375 0.046875 0.0046875 0.00013361
0 0.611719 0.709375 0.0453125 0.028125 0.000134901
1 0.605469 0.989844 0.0359375 0.0203125 0.000135841
0 0.7625 0.25625 0.075 0.134375 0.000138344
1 0.634375 0.003125 0.05 0.00625 0.000139863
0 0.610937 0.795313 0.03125 0.021875 0.00014174
3 0.226562 0.824219 0.046875 0.0453125 0.000144949
3 0.224219 0.671875 0.0359375 0.05 0.000146582
0 0.614844 0.719531 0.0515625 0.101562 0.000146673
2 0.223438 0.671094 0.040625 0.0421875 0.000147378
2 0.817187 0.767969 0.021875 0.0890625 0.000148375
2 0.9125 0.132031 0.028125 0.0921875 0.000148904
2 0.914062 0.170312 0.065625 0.04375 0.000151759
0 0.690625 0.4 0.040625 0.05 0.000152688
0 0.632031 0.45625 0.0609375 0.046875 0.000154696
1 0.534375 0.00234375 0.040625 0.0046875 0.000155232
3 0.01875 0.0875 0.0375 0.04375 0.000157078
3 0.804688 0.128125 0.0875 0.140625 0.000159964
3 0.257812 0.453125 0.01875 0.025 0.000162257
1 0.458594 0.00234375 0.0390625 0.0046875 0.000164279
3 0.224219 0.397656 0.0296875 0.0703125 0.000171395
3 0.225 0.554688 0.025 0.065625 0.00017248
2 0.227344 0.478125 0.0328125 0.071875 0.00017316
1 0.125781 0.209375 0.0859375 0.028125 0.000174847
0 0.607813 0.946094 0.028125 0.0421875 0.000177952
0 0.621094 0.497656 0.0328125 0.0296875 0.000177998
1 0.417188 0.00234375 0.0375 0.0046875 0.000184774
2 0.230469 0.365625 0.0359375 0.075 0.000185688
2 0.227344 0.791406 0.0265625 0.0734375 0.000191667
2 0.978906 0.974219 0.0421875 0.0390625 0.000191909
1 0.127344 0.173438 0.0828125 0.034375 0.000192236
2 0.223438 0.672656 0.021875 0.0671875 0.000197382
2 0.913281 0.16875 0.0296875 0.090625 0.000200894
3 0.226562 0.825781 0.025 0.0703125 0.000201156
0 0.613281 0.751562 0.0390625 0.03125 0.000202865
1 0.592969 0.99375 0.0390625 0.009375 0.000205074
2 0.225 0.867188 0.05 0.046875 0.000206651
1 0.428906 0.003125 0.0671875 0.00625 0.000206676
2 0.817969 0.880469 0.0265625 0.0953125 0.000210906
2 0.816406 0.882812 0.0671875 0.046875 0.000212646
1 0.321094 0.00234375 0.0359375 0.0046875 0.000214351
1 0.403906 0.00234375 0.0453125 0.0046875 0.000224774
2 0.916406 0.735937 0.0671875 0.146875 0.00022723
3 0.263281 0.155469 0.0515625 0.0453125 0.000227764
3 0.0117188 0.0882813 0.0234375 0.0765625 0.000230914
1 0.592969 0.00234375 0.0484375 0.0046875 0.000233413
3 0.733594 0.421094 0.0359375 0.0546875 0.000235142
2 0.226562 0.752344 0.046875 0.0453125 0.00023575
1 0.572656 0.00234375 0.0421875 0.0046875 0.000241069
2 0.9875 0.967969 0.025 0.0640625 0.000242492
3 0.211719 0.64375 0.0203125 0.028125 0.000246589
3 0.263281 0.15625 0.0265625 0.06875 0.000251619
0 0.611719 0.778125 0.0296875 0.021875 0.000257992
1 0.126563 0.172656 0.046875 0.0609375 0.00026346
2 0.222656 0.632812 0.0234375 0.065625 0.000280815
2 0.225781 0.709375 0.0421875 0.040625 0.000280984
1 0.557813 0.00234375 0.046875 0.0046875 0.00028109
3 0.9375 0.907812 0.109375 0.0875 0.000283744
3 0.432031 0.99375 0.0296875 0.009375 0.000284958
3 0.692969 0.389062 0.0296875 0.03125 0.000287828
1 0.44375 0.00234375 0.046875 0.0046875 0.000288512
1 0.564062 0.003125 0.06875 0.00625 0.000289514
0 0.617188 0.657812 0.0375 0.03125 0.000290542
1 0.517969 0.00234375 0.0453125 0.0046875 0.000292667
2 0.891406 0.216406 0.0203125 0.0578125 0.000298343
2 0.917188 0.974219 0.075 0.0453125 0.000299851
2 0.224219 0.86875 0.0296875 0.071875 0.000307143
2 0.885938 0.153125 0.096875 0.15 0.000310284
3 0.282031 0.357031 0.0390625 0.0984375 0.000312158
1 0.492969 0.00234375 0.0390625 0.0046875 0.000325586
2 0.917188 0.963281 0.034375 0.0734375 0.00034012
2 0.891406 0.216406 0.0453125 0.0296875 0.000355938
2 0.225781 0.753906 0.0265625 0.0703125 0.00035768
2 0.226562 0.944531 0.03125 0.0640625 0.00036988
2 0.225 0.710156 0.025 0.0640625 0.000383871
1 0.476562 0.00234375 0.0375 0.0046875 0.000394871
1 0.494531 0.00234375 0.0640625 0.0046875 0.000403692
2 0.804688 0.142188 0.075 0.125 0.000427158
2 0.224219 0.600781 0.0234375 0.0640625 0.000528589
2 0.939062 0.90625 0.065625 0.140625 0.000587381
2 0.227344 0.447656 0.0328125 0.0671875 0.00060503
3 0.221875 0.978125 0.03125 0.04375 0.000615652
3 0.221875 0.979688 0.053125 0.03125 0.000619182
0 0.615625 0.635938 0.03125 0.025 0.00083097
0 0.621094 0.508594 0.0328125 0.0265625 0.00137804
2 0.900781 0.2125 0.0921875 0.059375 0.0014396
0 0.61875 0.5625 0.03125 0.028125 0.00150598
0 0.617188 0.614062 0.03125 0.028125 0.00557364
0 0.620313 0.520312 0.03125 0.028125 0.00925026
0 0.617188 0.599219 0.03125 0.0265625 0.00960125
0 0.617188 0.589063 0.03125 0.025 0.0126643
0 0.617969 0.544531 0.0296875 0.0296875 0.0309374
1 0.605469 0.996875 0.0296875 0.00625 0.110842
3 0.703906 0.410156 0.0359375 0.0328125 0.303252
0 0.620313 0.530469 0.03125 0.0265625 0.733162
3 0.71875 0.417969 0.021875 0.0265625 0.840693
2 0.7 0.407813 0.03125 0.034375 0.876158
