0 0.140625 0.145313 0.034375 0.071875 0.000101553
1 0.726562 0.00234375 0.04375 0.0046875 0.000101767
1 0.604688 0.994531 0.034375 0.0109375 0.000103321
3 0.798437 0.146094 0.040625 0.0828125 0.000104495
0 0.15 0.297656 0.028125 0.0265625 0.000104656
2 0.826563 0.523438 0.065625 0.115625 0.000104997
1 0.0992187 0.189844 0.0390625 0.0140625 0.000105221
3 0.241406 0.48125 0.107813 0.084375 0.000106533
3 0.142188 0.123438 0.03125 0.0875 0.000106752
1 0.0125 0.583594 0.025 0.164062 0.00010728
1 0.258594 0.003125 0.0515625 0.00625 0.000107499
2 0.192969 0.9625 0.0390625 0.075 0.000107646
3 0.279687 0.839063 0.01875 0.06875 0.000107885
3 0.278125 0.308594 0.028125 0.0640625 0.000109064
2 0.791406 0.474219 0.0765625 0.0640625 0.000112742
2 0.809375 0.390625 0.025 0.090625 0.000113641
2 0.810156 0.426562 0.0578125 0.04375 0.000114683
3 0.228906 0.972656 0.0734375 0.0484375 0.000115446
0 0.886719 0.146875 0.0390625 0.0875 0.000115469
3 0.24375 0.410937 0.059375 0.146875 0.000116008
2 0.880469 0.238281 0.0328125 0.0828125 0.000116882
2 0.228906 0.482812 0.0609375 0.046875 0.000118634
3 0.214062 0.470313 0.025 0.028125 0.000119232
2 0.0179687 0.186719 0.0359375 0.0484375 0.000121345
3 0.228125 0.442187 0.0375 0.078125 0.000121572
3 0.771094 0.289062 0.0453125 0.0375 0.000123069
2 0.0101562 0.185156 0.0171875 0.0953125 0.000125037
3 0.228125 0.967188 0.0375 0.065625 0.000126421
1 0.0117188 0.964063 0.0234375 0.028125 0.000126739
3 0.228125 0.328906 0.034375 0.0765625 0.000126953
3 0.278906 0.486719 0.0203125 0.0640625 0.000128533
3 0.225781 0.822656 0.0296875 0.0765625 0.000129462
2 0.284375 0.902344 0.0375 0.104687 0.000129778
2 0.934375 0.258594 0.071875 0.151562 0.000130553
3 0.0117188 0.0875 0.0234375 0.078125 0.000130919
2 0.192188 0.964844 0.078125 0.0421875 0.000135389
2 0.813281 0.347656 0.0578125 0.0421875 0.00013717
2 0.871094 0.269531 0.0984375 0.160938 0.000137618
3 0.223438 0.745313 0.028125 0.071875 0.00013861
2 0.225781 0.596094 0.0484375 0.0453125 0.000140231
2 0.228125 0.791406 0.053125 0.0484375 0.000141011
3 0.225781 0.8625 0.0546875 0.046875 0.000141045
2 0.814062 0.346094 0.021875 0.0890625 0.000142415
2 0.224219 0.635938 0.0234375 0.071875 0.000146711
3 0.759375 0.8125 0.028125 0.01875 0.000147558
2 0.226562 0.713281 0.028125 0.0734375 0.000149244
2 0.815625 0.266406 0.05625 0.0484375 0.000149253
2 0.813281 0.308594 0.0515625 0.0453125 0.00015363
1 0.707031 0.00234375 0.0453125 0.0046875 0.000155262
3 0.791406 0.475781 0.0484375 0.0984375 0.000156381
2 0.908594 0.31875 0.0609375 0.03125 0.000162582
3 0.766406 0.291406 0.0203125 0.0234375 0.000163888
0 0.138281 0.182031 0.0328125 0.0703125 0.000164944
2 0.810156 0.425781 0.0234375 0.0859375 0.000165987
2 0.816406 0.264844 0.0234375 0.0953125 0.000166045
2 0.295312 0.00234375 0.05 0.0046875 0.000167291
2 0.88125 0.239063 0.06875 0.040625 0.000169823
2 0.907812 0.317187 0.028125 0.065625 0.000175629
3 0.7375 0.761719 0.034375 0.0359375 0.000178238
2 0.228125 0.367188 0.065625 0.05 0.000180359
1 0.125 0.210156 0.046875 0.0578125 0.000180591
2 0.228125 0.483594 0.034375 0.0734375 0.000183697
3 0.242969 0.483594 0.0546875 0.139062 0.000187098
2 0.814062 0.307813 0.021875 0.0875 0.00018728
3 0.225781 0.864062 0.0296875 0.075 0.000212085
3 0.771094 0.290625 0.0265625 0.0625 0.000213804
1 0.125781 0.211719 0.0859375 0.0328125 0.000214258
1 0.340625 0.0046875 0.071875 0.009375 0.000217696
2 0.907031 0.245312 0.0484375 0.0375 0.000220587
2 0.225 0.597656 0.028125 0.0703125 0.000223036
2 0.227344 0.792969 0.0296875 0.0765625 0.000223746
1 0.290625 0.0046875 0.075 0.009375 0.000224501
1 0.688281 0.00234375 0.0421875 0.0046875 0.000234262
2 0.671094 0.003125 0.0484375 0.00625 0.000237398
1 0.649219 0.00234375 0.0421875 0.0046875 0.000238748
0 0.614062 0.986719 0.034375 0.0203125 0.000240603
1 0.669531 0.003125 0.0421875 0.00625 0.000241991
0 0.624219 0.773438 0.0421875 0.028125 0.000242396
1 0.3625 0.00234375 0.040625 0.0046875 0.000244344
3 0.278906 0.436719 0.0296875 0.0859375 0.000252702
1 0.635156 0.00390625 0.0734375 0.0078125 0.000258059
0 0.615625 0.949219 0.0375 0.0328125 0.000267421
2 0.228125 0.36875 0.0375 0.078125 0.000268033
0 0.627344 0.789062 0.0421875 0.046875 0.000292652
1 0.592188 0.003125 0.04375 0.00625 0.000301984
2 0.885938 0.121094 0.0375 0.0453125 0.000304309
2 0.907031 0.242969 0.0265625 0.0671875 0.000306754
3 0.282031 0.360938 0.0390625 0.096875 0.00031995
1 0.420312 0.00390625 0.071875 0.0078125 0.000331503
1 0.439063 0.00234375 0.04375 0.0046875 0.00033398
2 0.227344 0.678125 0.0296875 0.071875 0.00034969
1 0.628906 0.003125 0.0421875 0.00625 0.000369511
1 0.399219 0.00234375 0.0421875 0.0046875 0.000374345
2 0.63125 0.003125 0.046875 0.00625 0.000411775
0 0.615625 0.936719 0.034375 0.0328125 0.000417433
1 0.379687 0.00234375 0.040625 0.0046875 0.000429447
1 0.553125 0.003125 0.04375 0.00625 0.000439168
3 0.779688 0.814062 0.03125 0.021875 0.000441056
0 0.617188 0.907031 0.034375 0.0234375 0.000441237
1 0.570312 0.00234375 0.04375 0.0046875 0.000444314
1 0.417969 0.00234375 0.0421875 0.0046875 0.000453104
3 0.740625 0.821094 0.028125 0.0484375 0.000455206
1 0.611719 0.003125 0.0421875 0.00625 0.000461863
1 0.338281 0.00234375 0.0390625 0.0046875 0.000485581
1 0.475781 0.00234375 0.0421875 0.0046875 0.000500897
2 0.45625 0.00234375 0.04375 0.0046875 0.000511229
2 0.3375 0.00234375 0.040625 0.0046875 0.000527479
2 0.3625 0.00234375 0.046875 0.0046875 0.000537492
1 0.45625 0.00234375 0.04375 0.0046875 0.000566679
2 0.402344 0.00234375 0.0453125 0.0046875 0.000623526
1 0.496094 0.00234375 0.0421875 0.0046875 0.000631579
2 0.59375 0.003125 0.046875 0.00625 0.000633165
1 0.559375 0.00390625 0.065625 0.0078125 0.000648095
2 0.532812 0.00234375 0.04375 0.0046875 0.000692603
1 0.514063 0.003125 0.04375 0.00625 0.000719252
2 0.440625 0.00234375 0.046875 0.0046875 0.000734912
1 0.49375 0.00390625 0.065625 0.0078125 0.000785609
2 0.553125 0.003125 0.046875 0.00625 0.000795825
2 0.322656 0.00234375 0.0390625 0.0046875 0.000909982
2 0.517187 0.003125 0.046875 0.00625 0.00103903
2 0.479688 0.00234375 0.046875 0.0046875 0.00114607
0 0.617969 0.886719 0.0328125 0.0265625 0.00175251
0 0.614062 0.992969 0.028125 0.0140625 0.00219048
0 0.626562 0.786719 0.03125 0.0265625 0.00419596
0 0.621875 0.832812 0.03125 0.025 0.00438917
0 0.619531 0.867188 0.0328125 0.025 0.00498764
0 0.619531 0.84375 0.0328125 0.034375 0.00692225
0 0.623438 0.820312 0.03125 0.028125 0.0161007
1 0.613281 0.996875 0.0296875 0.00625 0.0389152
3 0.761719 0.803906 0.0359375 0.0359375 0.204532
3 0.75 0.78125 0.034375 0.034375 0.304917
0 0.625 0.803125 0.03125 0.025 0.700771
3 0.771094 0.811719 0.0265625 0.0234375 0.788013
2 0.749219 0.780469 0.0359375 0.0359375 0.847529
