3 0.765625 0.335156 0.015625 0.0234375 0.000101011
0 0.139844 0.146875 0.0328125 0.075 0.00010211
0 0.617188 0.897656 0.05 0.0328125 0.000102256
2 0.880469 0.165625 0.0765625 0.04375 0.000102339
2 0.8125 0.422656 0.025 0.0921875 0.000102602
3 0.288281 0.285937 0.0546875 0.121875 0.000103773
0 0.155469 0.06875 0.0328125 0.0375 0.000107029
1 0.300781 0.00234375 0.0421875 0.0046875 0.000108032
1 0.127344 0.172656 0.0953125 0.0359375 0.000108087
2 0.946875 0.892969 0.075 0.154687 0.000108857
1 0.0148437 0.964844 0.0296875 0.0265625 0.000111482
3 0.223438 0.329688 0.075 0.146875 0.000112157
2 0.909375 0.275781 0.028125 0.0765625 0.000112381
3 0.230469 0.35625 0.0484375 0.04375 0.00011251
2 0.891406 0.235156 0.0328125 0.0296875 0.000114122
3 0.232812 0.977344 0.065625 0.0453125 0.000116841
3 0.789844 0.125781 0.0390625 0.0828125 0.00011738
3 0.278906 0.889063 0.0234375 0.05625 0.000119461
3 0.765625 0.201562 0.021875 0.025 0.000122742
1 0.283594 0.00625 0.0828125 0.0125 0.000127142
2 0.907031 0.169531 0.0296875 0.0796875 0.000131428
3 0.228906 0.357812 0.0265625 0.065625 0.000131665
1 0.125781 0.171875 0.0515625 0.06875 0.000133848
3 0.23125 0.971094 0.034375 0.0578125 0.000135377
3 0.447656 0.5875 0.0265625 0.03125 0.000137961
2 0.366406 0.003125 0.0453125 0.00625 0.000150309
2 0.883594 0.211719 0.0296875 0.0296875 0.000151496
1 0.339844 0.0046875 0.0734375 0.009375 0.000163285
2 0.910937 0.244531 0.059375 0.0390625 0.000163944
0 0.605469 0.857813 0.0578125 0.046875 0.000165261
2 0.882812 0.20625 0.0375 0.084375 0.00016697
0 0.589063 0.821875 0.046875 0.034375 0.000171183
2 0.382812 0.548437 0.028125 0.04375 0.000172314
1 0.379687 0.00234375 0.040625 0.0046875 0.000184647
3 0.01875 0.0867188 0.0375 0.0484375 0.000187676
3 0.141406 0.0851562 0.0328125 0.0890625 0.000191322
2 0.910156 0.242969 0.0265625 0.0796875 0.000216943
1 0.321875 0.00234375 0.040625 0.0046875 0.000236376
1 0.63125 0.003125 0.04375 0.00625 0.00024688
2 0.321094 0.00234375 0.0390625 0.0046875 0.000246948
2 0.909375 0.20625 0.053125 0.040625 0.000247852
2 0.892969 0.216406 0.0296875 0.0328125 0.000250671
0 0.609375 0.845312 0.04375 0.0375 0.000264468
1 0.610156 0.00234375 0.0421875 0.0046875 0.000266646
1 0.686719 0.003125 0.0421875 0.00625 0.000270102
1 0.590625 0.00234375 0.04375 0.0046875 0.000271051
2 0.885156 0.121094 0.0359375 0.0421875 0.000276383
2 0.882812 0.248437 0.090625 0.15625 0.000276486
1 0.339844 0.00234375 0.0390625 0.0046875 0.000279731
1 0.398438 0.00234375 0.040625 0.0046875 0.000284385
2 0.882812 0.207813 0.075 0.0375 0.000287307
1 0.669531 0.003125 0.0421875 0.00625 0.000296727
3 0.0117188 0.0875 0.0234375 0.078125 0.000297537
1 0.364844 0.00234375 0.0453125 0.0046875 0.000300324
1 0.65 0.003125 0.04375 0.00625 0.000300507
1 0.641406 0.00390625 0.0703125 0.0078125 0.000318733
3 0.260938 0.158594 0.05 0.0484375 0.000321859
2 0.670313 0.003125 0.046875 0.00625 0.000342362
3 0.260938 0.158594 0.028125 0.0703125 0.000349095
1 0.424219 0.00390625 0.0703125 0.0078125 0.000352013
1 0.455469 0.00234375 0.0421875 0.0046875 0.000360389
0 0.610937 0.833594 0.034375 0.0265625 0.000383283
2 0.635156 0.003125 0.0484375 0.00625 0.00039408
2 0.886719 0.242969 0.0609375 0.0453125 0.000409246
2 0.909375 0.204688 0.028125 0.075 0.00041901
2 0.915625 0.973437 0.071875 0.046875 0.000420161
1 0.475781 0.00234375 0.0421875 0.0046875 0.000425123
1 0.553125 0.003125 0.04375 0.00625 0.000430491
2 0.592969 0.003125 0.0484375 0.00625 0.000464616
1 0.571875 0.00234375 0.04375 0.0046875 0.000471268
2 0.916406 0.9625 0.0359375 0.075 0.000525555
2 0.496094 0.00234375 0.0421875 0.0046875 0.000543209
2 0.532031 0.00234375 0.0421875 0.0046875 0.000550813
2 0.419531 0.00234375 0.0421875 0.0046875 0.000558974
1 0.559375 0.003125 0.065625 0.00625 0.000573225
1 0.532812 0.00234375 0.04375 0.0046875 0.000584494
1 0.420312 0.00234375 0.040625 0.0046875 0.000586372
1 0.496094 0.00234375 0.0421875 0.0046875 0.000613754
1 0.514844 0.00234375 0.0421875 0.0046875 0.000643354
1 0.436719 0.00234375 0.0421875 0.0046875 0.00066535
2 0.40625 0.00234375 0.04375 0.0046875 0.000681833
2 0.886719 0.242188 0.0265625 0.084375 0.000703777
2 0.440625 0.00234375 0.046875 0.0046875 0.000710014
2 0.553125 0.00234375 0.046875 0.0046875 0.0007224
0 0.603906 0.809375 0.0328125 0.025 0.000768868
1 0.495313 0.003125 0.065625 0.00625 0.000799923
2 0.48125 0.00234375 0.046875 0.0046875 0.00087559
2 0.517187 0.003125 0.046875 0.00625 0.00109261
0 0.607813 0.817187 0.03125 0.03125 0.00338198
0 0.603125 0.778125 0.0375 0.028125 0.00444778
2 0.416406 0.572656 0.0296875 0.0328125 0.0683044
1 0.615625 0.996875 0.028125 0.00625 0.0875519
3 0.426562 0.577344 0.03125 0.0328125 0.304073
0 0.604688 0.791406 0.034375 0.0265625 0.733851
3 0.395312 0.5625 0.01875 0.028125 0.798703
2 0.426562 0.576563 0.03125 0.03125 0.894762
