2 0.816406 0.691406 0.0234375 0.0921875 0.000100579
2 0.222656 0.795313 0.0421875 0.04375 0.000100958
3 0.217969 0.600781 0.0203125 0.0515625 0.000103597
0 0.885938 0.7125 0.021875 0.09375 0.00010371
3 0.258594 0.154687 0.0578125 0.046875 0.00010574
3 0.761719 0.150781 0.0328125 0.0609375 0.000107218
1 0.125781 0.172656 0.0515625 0.0765625 0.000107476
3 0.446875 0.595312 0.021875 0.03125 0.00010759
1 0.942187 0.500781 0.071875 0.151562 0.000107729
2 0.910937 0.241406 0.028125 0.0859375 0.000109466
3 0.230469 0.397656 0.0546875 0.0390625 0.000110062
3 0.246875 0.880469 0.05625 0.151562 0.000110577
1 0.124219 0.20625 0.0484375 0.06875 0.000111348
3 0.225781 0.44375 0.0234375 0.0625 0.000113162
1 0.980469 0.0171875 0.0328125 0.034375 0.000115193
3 0.259375 0.155469 0.03125 0.0703125 0.00011609
3 0.766406 0.885156 0.0203125 0.0203125 0.000116215
3 0.772656 0.878125 0.0296875 0.075 0.00011698
2 0.480469 0.615625 0.0296875 0.03125 0.000118062
2 0.296094 0.003125 0.0515625 0.00625 0.000118719
2 0.232031 0.367969 0.0359375 0.0765625 0.000119312
2 0.888281 0.614062 0.0171875 0.06875 0.000119491
3 0.763281 0.164062 0.0234375 0.028125 0.000120118
3 0.409375 0.592188 0.08125 0.140625 0.000120267
2 0.813281 0.889063 0.0671875 0.046875 0.000122427
0 0.610156 0.95 0.0296875 0.04375 0.000122511
2 0.814844 0.771094 0.0265625 0.0921875 0.000123734
3 0.786719 0.102344 0.0390625 0.0203125 0.000125454
3 0.770312 0.432813 0.015625 0.01875 0.000125458
3 0.771094 0.530469 0.0171875 0.0203125 0.000128354
0 0.600781 0.885938 0.0421875 0.03125 0.000129474
1 0.125 0.207813 0.09375 0.034375 0.000131707
3 0.935938 0.582812 0.065625 0.15 0.000132678
3 0.286719 0.29375 0.0546875 0.115625 0.000133168
2 0.81875 0.264062 0.021875 0.09375 0.000135423
2 0.909375 0.279687 0.0625 0.034375 0.000136297
3 0.775 0.550781 0.025 0.0703125 0.000136958
2 0.221094 0.757031 0.0203125 0.0578125 0.000139405
3 0.224219 0.484375 0.0203125 0.059375 0.000139838
2 0.222656 0.834375 0.0203125 0.06875 0.000140132
3 0.777344 0.522656 0.0234375 0.0734375 0.000143829
2 0.911719 0.172656 0.0546875 0.0484375 0.000148869
3 0.775 0.4375 0.025 0.06875 0.000151418
2 0.222656 0.796094 0.0234375 0.0640625 0.000153459
2 0.885156 0.164844 0.0390625 0.0921875 0.000155401
2 0.949219 0.895312 0.0734375 0.153125 0.000156137
3 0.278906 0.8875 0.0203125 0.05625 0.000157201
2 0.909375 0.277344 0.028125 0.0765625 0.000158343
2 0.817187 0.265625 0.059375 0.04375 0.000159719
2 0.225 0.872656 0.025 0.0765625 0.000162464
2 0.813281 0.386719 0.0515625 0.0390625 0.000166487
3 0.0179687 0.0867188 0.0359375 0.0453125 0.000170242
1 0.2875 0.00546875 0.078125 0.0109375 0.000171209
2 0.814062 0.8875 0.028125 0.09375 0.000171498
2 0.814062 0.385156 0.01875 0.0859375 0.00017352
2 0.880469 0.632031 0.0234375 0.0140625 0.000173682
3 0.230469 0.398438 0.0296875 0.065625 0.000176034
3 0.7625 0.144531 0.028125 0.0203125 0.000178468
0 0.597656 0.871094 0.0328125 0.0234375 0.000180723
0 0.142188 0.124219 0.03125 0.0890625 0.000183435
1 0.93125 0.723437 0.059375 0.15 0.00018596
2 0.891406 0.203125 0.0640625 0.065625 0.000191358
1 0.688281 0.00234375 0.0421875 0.0046875 0.000191452
1 0.65 0.00234375 0.04375 0.0046875 0.000193857
1 0.340625 0.0046875 0.071875 0.009375 0.00019452
2 0.670313 0.003125 0.046875 0.00625 0.000211115
2 0.364062 0.00234375 0.04375 0.0046875 0.000213497
1 0.66875 0.00234375 0.04375 0.0046875 0.000228204
2 0.885938 0.166406 0.078125 0.0453125 0.000230987
2 0.914844 0.974219 0.0734375 0.0484375 0.000240607
3 0.778125 0.367188 0.0125 0.025 0.00024586
0 0.5875 0.7375 0.0375 0.028125 0.000248744
3 0.0117188 0.0875 0.0234375 0.075 0.000251495
0 0.497656 0.635938 0.0453125 0.034375 0.000253896
1 0.380469 0.00234375 0.0390625 0.0046875 0.000278468
3 0.778125 0.886719 0.015625 0.0265625 0.0002833
2 0.9125 0.20625 0.05625 0.04375 0.000283508
2 0.9125 0.171875 0.028125 0.084375 0.000293679
1 0.630469 0.003125 0.0703125 0.00625 0.000303623
1 0.590625 0.003125 0.04375 0.00625 0.000313812
2 0.914844 0.961719 0.0359375 0.0765625 0.000317548
3 0.815625 0.621875 0.040625 0.0375 0.00032309
1 0.629687 0.003125 0.04375 0.00625 0.00032724
1 0.398438 0.00234375 0.040625 0.0046875 0.000329995
1 0.425781 0.00390625 0.0703125 0.0078125 0.00033167
2 0.632031 0.003125 0.0484375 0.00625 0.000357516
2 0.338281 0.00234375 0.0390625 0.0046875 0.000363456
2 0.457812 0.00234375 0.04375 0.0046875 0.000363594
1 0.534375 0.00234375 0.04375 0.0046875 0.000374525
3 0.814844 0.621875 0.0171875 0.071875 0.000376325
2 0.890625 0.202344 0.03125 0.0953125 0.00038011
2 0.610937 0.00234375 0.04375 0.0046875 0.000381986
1 0.6125 0.003125 0.04375 0.00625 0.000389845
1 0.514844 0.00234375 0.0421875 0.0046875 0.000389931
1 0.338281 0.00234375 0.0390625 0.0046875 0.000392357
1 0.457812 0.003125 0.04375 0.00625 0.000403
0 0.598437 0.785937 0.034375 0.0375 0.000403793
1 0.363281 0.00234375 0.0453125 0.0046875 0.000420136
3 0.23125 0.978125 0.05625 0.04375 0.000421292
1 0.419531 0.00234375 0.0421875 0.0046875 0.00042259
2 0.910937 0.635938 0.09375 0.084375 0.000427984
1 0.438281 0.00234375 0.0421875 0.0046875 0.000447758
2 0.9125 0.204688 0.028125 0.08125 0.000449906
3 0.886719 0.632812 0.0203125 0.015625 0.000453387
3 0.229687 0.972656 0.03125 0.0546875 0.000459739
2 0.492969 0.00234375 0.0421875 0.0046875 0.000505476
1 0.554688 0.003125 0.04375 0.00625 0.000533371
2 0.322656 0.00234375 0.0390625 0.0046875 0.00054478
2 0.867188 0.6125 0.090625 0.159375 0.000573466
1 0.494531 0.00234375 0.0421875 0.0046875 0.000574487
2 0.405469 0.00234375 0.0453125 0.0046875 0.000590726
1 0.571875 0.003125 0.04375 0.00625 0.000645509
1 0.49375 0.00390625 0.065625 0.0078125 0.000686721
2 0.911719 0.636719 0.0515625 0.135937 0.000687345
2 0.571875 0.00234375 0.04375 0.0046875 0.000701629
1 0.564844 0.003125 0.0640625 0.00625 0.000749047
1 0.475781 0.00234375 0.0421875 0.0046875 0.000765435
2 0.517969 0.003125 0.0484375 0.00625 0.000767689
0 0.599219 0.860937 0.0390625 0.040625 0.000777517
2 0.592188 0.003125 0.046875 0.00625 0.00079193
2 0.442969 0.003125 0.0484375 0.00625 0.00080579
0 0.585938 0.746875 0.0375 0.025 0.000947048
2 0.55625 0.003125 0.046875 0.00625 0.000979185
2 0.478906 0.00234375 0.0453125 0.0046875 0.0010037
2 0.882812 0.630469 0.0375 0.0359375 0.00142484
2 0.882812 0.630469 0.01875 0.0578125 0.00219466
0 0.597656 0.85 0.0328125 0.025 0.00240124
0 0.592188 0.795313 0.03125 0.0375 0.0025301
0 0.595312 0.823438 0.034375 0.025 0.00465151
0 0.592188 0.775 0.034375 0.025 0.005311
0 0.596094 0.832812 0.0328125 0.025 0.0108789
1 0.603906 0.99375 0.0296875 0.009375 0.0284864
1 0.607813 0.995313 0.028125 0.00625 0.187857
3 0.470313 0.608594 0.028125 0.0328125 0.411093
0 0.589844 0.75625 0.0328125 0.025 0.773091
3 0.446875 0.609375 0.01875 0.028125 0.816578
2 0.471094 0.609375 0.0296875 0.03125 0.88758
