0 0.621094 0.503906 0.0453125 0.0296875 0.000100062
2 0.813281 0.813281 0.0640625 0.0484375 0.000100112
3 0.240625 0.41875 0.065625 0.146875 0.000100186
2 0.222656 0.753125 0.0265625 0.078125 0.000100564
3 0.760938 0.14375 0.01875 0.025 0.000101069
2 0.224219 0.782812 0.0484375 0.040625 0.000101144
3 0.76875 0.857813 0.025 0.08125 0.000102725
3 0.229687 0.342969 0.06875 0.142188 0.000103414
2 0.767969 0.420312 0.0328125 0.034375 0.000103942
1 0.95 0.890625 0.075 0.15625 0.000104268
0 0.613281 0.884375 0.0546875 0.09375 0.000104416
0 0.610937 0.821875 0.046875 0.025 0.000105236
3 0.221875 0.830469 0.025 0.0703125 0.000105308
3 0.265625 0.184375 0.053125 0.04375 0.000105595
2 0.198437 0.963281 0.078125 0.0453125 0.000105988
3 0.226562 0.367188 0.053125 0.05 0.000106782
3 0.225 0.783594 0.04375 0.0484375 0.000106943
3 0.907031 0.709375 0.0421875 0.034375 0.000108
1 0.0132813 0.583594 0.0265625 0.164062 0.000110549
1 0.671875 0.00234375 0.05 0.0046875 0.000111905
1 0.126563 0.177344 0.046875 0.0640625 0.000113864
3 0.785156 0.16875 0.0609375 0.109375 0.000114662
1 0.978906 0.974219 0.0421875 0.0515625 0.000115003
3 0.809375 0.432813 0.01875 0.028125 0.000115941
0 0.610156 0.989062 0.0328125 0.01875 0.000116245
2 0.821094 0.692969 0.0515625 0.0421875 0.00011687
2 0.984375 0.0859375 0.03125 0.09375 0.000117365
2 0.221094 0.714063 0.0453125 0.04375 0.00011885
1 0.0117188 0.964063 0.0234375 0.028125 0.000123442
3 0.225781 0.367188 0.0296875 0.071875 0.000123689
1 0.340625 0.00390625 0.06875 0.0078125 0.000124877
2 0.0179687 0.186719 0.0359375 0.0484375 0.00012711
3 0.265625 0.185156 0.028125 0.0734375 0.000127293
0 0.616406 0.744531 0.0421875 0.0296875 0.000128089
2 0.0101562 0.185156 0.0171875 0.0953125 0.000128648
1 0.489844 0.103906 0.0578125 0.0203125 0.000128767
2 0.227344 0.867969 0.0546875 0.0484375 0.000129944
2 0.832812 0.214062 0.065625 0.071875 0.000130902
1 0.9875 0.966406 0.025 0.0671875 0.000131984
1 0.571875 0.00234375 0.040625 0.0046875 0.000133258
3 0.223438 0.785156 0.025 0.0703125 0.000134011
0 0.141406 0.0796875 0.0359375 0.090625 0.000135676
2 0.913281 0.133594 0.0296875 0.0953125 0.000135906
0 0.6125 0.783594 0.04375 0.0265625 0.000137834
1 0.339063 0.0015625 0.034375 0.003125 0.000139236
3 0.90625 0.708594 0.025 0.0546875 0.000140193
2 0.821875 0.692187 0.021875 0.084375 0.000140318
1 0.320312 0.00234375 0.034375 0.0046875 0.000144531
0 0.608594 0.957031 0.0359375 0.0359375 0.000145092
2 0.825 0.222656 0.028125 0.0890625 0.00014751
2 0.221094 0.635938 0.0265625 0.071875 0.000148894
1 0.277344 0.0046875 0.0765625 0.009375 0.000149219
2 0.817969 0.765625 0.0203125 0.090625 0.000149414
1 0.610937 0.00234375 0.040625 0.0046875 0.000149677
3 0.7625 0.160156 0.015625 0.0203125 0.000151088
1 0.124219 0.210156 0.0453125 0.0609375 0.000151572
3 0.274219 0.492188 0.0203125 0.059375 0.000155007
2 0.816406 0.767187 0.0546875 0.04375 0.000159979
0 0.154687 0.0679687 0.034375 0.0359375 0.000160528
2 0.228125 0.483594 0.053125 0.0421875 0.000160787
3 0.228906 0.975 0.0671875 0.040625 0.00016237
3 0.221094 0.714844 0.0265625 0.0671875 0.000165297
2 0.814844 0.846094 0.0234375 0.0921875 0.000165998
1 0.3625 0.00234375 0.046875 0.0046875 0.000167423
2 0.227344 0.442187 0.0296875 0.075 0.000170075
2 0.222656 0.596875 0.0515625 0.04375 0.000170745
0 0.617969 0.707031 0.0515625 0.101562 0.000170907
2 0.916406 0.728906 0.0984375 0.0859375 0.000172522
3 0.796875 0.860937 0.0875 0.153125 0.000175104
1 0.629687 0.00234375 0.040625 0.0046875 0.000176206
1 0.638281 0.003125 0.0734375 0.00625 0.000177402
2 0.813281 0.847656 0.0609375 0.0453125 0.00017774
3 0.764063 0.832812 0.015625 0.025 0.000179093
3 0.0179687 0.0882813 0.0359375 0.0421875 0.000180749
3 0.246875 0.489062 0.05625 0.140625 0.000181876
0 0.627344 0.51875 0.0359375 0.03125 0.000184909
1 0.494531 0.00234375 0.0390625 0.0046875 0.000188778
3 0.228125 0.485156 0.05 0.0484375 0.000190225
1 0.417969 0.00234375 0.0359375 0.0046875 0.00019179
1 0.125781 0.211719 0.0859375 0.0328125 0.000192247
0 0.609375 0.904688 0.04375 0.025 0.000192985
1 0.457031 0.00234375 0.0390625 0.0046875 0.000194211
0 0.610937 0.942969 0.03125 0.0359375 0.000198973
1 0.425781 0.003125 0.0671875 0.00625 0.000203488
0 0.613281 0.703906 0.0421875 0.0265625 0.000204751
2 0.226562 0.870313 0.03125 0.078125 0.000206112
3 0.228125 0.971094 0.034375 0.0578125 0.000211919
1 0.594531 0.00234375 0.0484375 0.0046875 0.00021916
3 0.211719 0.832031 0.0234375 0.0234375 0.000221249
3 0.792969 0.084375 0.0265625 0.028125 0.000236745
2 0.227344 0.485156 0.0296875 0.0671875 0.000242797
2 0.221875 0.598437 0.028125 0.065625 0.000245185
3 0.0109375 0.0882813 0.021875 0.0734375 0.000257967
0 0.610156 0.913281 0.0328125 0.0203125 0.000258671
2 0.917188 0.728906 0.053125 0.139062 0.000258926
3 0.271094 0.442969 0.0296875 0.0265625 0.00026108
0 0.619531 0.559375 0.0328125 0.025 0.000264699
2 0.226562 0.514844 0.053125 0.0421875 0.000267384
1 0.610156 0.989062 0.0328125 0.01875 0.00026814
2 0.886719 0.7125 0.0203125 0.075 0.000272044
1 0.404687 0.00234375 0.04375 0.0046875 0.000279351
1 0.892969 0.201562 0.0703125 0.053125 0.000286156
2 0.224219 0.553125 0.0484375 0.040625 0.000296539
1 0.561719 0.003125 0.0671875 0.00625 0.000303145
3 0.271875 0.444531 0.015625 0.0421875 0.000310589
1 0.554688 0.00234375 0.046875 0.0046875 0.000315256
2 0.534375 0.00234375 0.040625 0.0046875 0.000323091
1 0.480469 0.00234375 0.0453125 0.0046875 0.000347799
1 0.442187 0.00234375 0.046875 0.0046875 0.000347834
2 0.764844 0.407031 0.0359375 0.0484375 0.000350038
2 0.225781 0.516406 0.0296875 0.0671875 0.000357954
1 0.534375 0.00234375 0.040625 0.0046875 0.000367407
1 0.519531 0.00234375 0.0453125 0.0046875 0.000388331
0 0.614844 0.680469 0.0328125 0.0234375 0.000391192
2 0.226562 0.414062 0.05 0.046875 0.000399415
2 0.223438 0.555469 0.028125 0.0640625 0.000427781
1 0.496875 0.00234375 0.0625 0.0046875 0.000456483
3 0.7625 0.394531 0.025 0.0265625 0.000463464
2 0.914844 0.973437 0.0734375 0.046875 0.000464839
3 0.792188 0.402344 0.025 0.0328125 0.000472635
2 0.914844 0.963281 0.0359375 0.0734375 0.000577629
0 0.615625 0.663281 0.03125 0.0234375 0.00060809
2 0.225781 0.415625 0.0296875 0.071875 0.000643641
2 0.882812 0.15 0.09375 0.1375 0.000878287
0 0.616406 0.636719 0.0328125 0.0234375 0.000893834
2 0.871875 0.722656 0.078125 0.148438 0.000926427
1 0.604688 0.99375 0.03125 0.009375 0.00147121
0 0.622656 0.549219 0.0296875 0.0234375 0.00221742
0 0.61875 0.591406 0.034375 0.0265625 0.00378481
0 0.617969 0.615625 0.0328125 0.028125 0.00444689
2 0.889063 0.707031 0.046875 0.0859375 0.00825497
0 0.617969 0.603906 0.0328125 0.0265625 0.0123641
1 0.610937 0.996875 0.028125 0.00625 0.0966688
3 0.777344 0.414062 0.0296875 0.034375 0.412111
3 0.805469 0.424219 0.0234375 0.0296875 0.710732
0 0.623438 0.535937 0.03125 0.025 0.758706
2 0.777344 0.414062 0.0296875 0.034375 0.855917
