3 0.21875 0.629687 0.040625 0.0375 0.000102225
1 0.726562 0.00234375 0.04375 0.0046875 0.000103062
3 0.221094 0.555469 0.0234375 0.0640625 0.000105921
3 0.239844 0.876562 0.0609375 0.153125 0.000109015
1 0.0117188 0.964063 0.0234375 0.028125 0.000109825
1 0.0984375 0.189844 0.0375 0.0140625 0.000110016
2 0.229687 0.402344 0.0625 0.0484375 0.000110612
2 0.814062 0.346875 0.05625 0.046875 0.000111065
2 0.225 0.865625 0.046875 0.046875 0.000111505
0 0.657812 0.772656 0.0375 0.0484375 0.000112453
3 0.240625 0.410156 0.0625 0.145313 0.00011312
1 0.219531 0.003125 0.0484375 0.00625 0.000114513
2 0.910156 0.278125 0.0265625 0.075 0.000116452
2 0.710156 0.003125 0.0515625 0.00625 0.000118604
3 0.792188 0.474219 0.05 0.101562 0.000120013
2 0.8125 0.390625 0.05625 0.046875 0.000121436
1 0.126563 0.175 0.046875 0.0625 0.000121472
3 0.233594 0.975781 0.0671875 0.0484375 0.000121549
2 0.0179687 0.186719 0.0359375 0.0484375 0.000122386
1 0.302344 0.00234375 0.0421875 0.0046875 0.000123687
0 0.638281 0.859375 0.0328125 0.05 0.000124166
3 0.21875 0.63125 0.021875 0.059375 0.000124452
3 0.763281 0.392188 0.0140625 0.021875 0.000125979
3 0.228125 0.442187 0.03125 0.071875 0.000127553
2 0.0101562 0.185156 0.0171875 0.0953125 0.0001278
1 0.28125 0.00234375 0.040625 0.0046875 0.000127842
3 0.767969 0.489062 0.0171875 0.01875 0.000128717
1 0.125781 0.210156 0.0453125 0.0578125 0.000129801
3 0.0179687 0.0890625 0.0359375 0.04375 0.000130678
2 0.826563 0.517187 0.065625 0.1125 0.000134629
2 0.814844 0.345313 0.0234375 0.09375 0.000136683
1 0.992969 0.983594 0.0140625 0.0234375 0.000137889
3 0.232031 0.970312 0.0359375 0.059375 0.000138154
0 0.622656 0.877344 0.0359375 0.0265625 0.000138445
2 0.227344 0.36875 0.0546875 0.05 0.000139868
0 0.889063 0.155469 0.04375 0.0890625 0.000142413
2 0.224219 0.710938 0.0234375 0.06875 0.000143976
1 0.707031 0.00234375 0.0453125 0.0046875 0.000152284
3 0.226562 0.479688 0.05 0.040625 0.000156511
0 0.8375 0.642969 0.078125 0.139062 0.000158219
2 0.222656 0.790625 0.0390625 0.04375 0.000158527
2 0.228906 0.403906 0.0328125 0.0796875 0.000160713
2 0.8125 0.389062 0.021875 0.090625 0.0001634
1 0.360938 0.00234375 0.040625 0.0046875 0.000166536
2 0.224219 0.825781 0.0453125 0.0453125 0.000170418
2 0.908594 0.244531 0.0515625 0.0390625 0.000171896
1 0.257812 0.00234375 0.05 0.0046875 0.000171976
1 0.279687 0.0046875 0.075 0.009375 0.000174549
1 0.126563 0.211719 0.084375 0.0296875 0.000177729
2 0.224219 0.867188 0.0234375 0.075 0.000179513
1 0.338281 0.0046875 0.0734375 0.009375 0.000188737
3 0.0109375 0.0890625 0.021875 0.075 0.000189982
2 0.291406 0.00234375 0.0484375 0.0046875 0.000193701
1 0.992969 0.991406 0.0140625 0.0171875 0.000197679
3 0.225781 0.482031 0.0265625 0.0671875 0.000199499
1 0.688281 0.00234375 0.0421875 0.0046875 0.00020306
3 0.221875 0.792188 0.021875 0.065625 0.000223461
2 0.227344 0.370313 0.0296875 0.078125 0.000226744
1 0.667969 0.00234375 0.0421875 0.0046875 0.000235258
2 0.907812 0.319531 0.05625 0.0296875 0.000252564
2 0.908594 0.242969 0.0265625 0.0703125 0.00025555
1 0.38125 0.00234375 0.040625 0.0046875 0.000264225
1 0.635938 0.00390625 0.071875 0.0078125 0.000276061
2 0.223438 0.827344 0.025 0.0703125 0.000276864
2 0.670313 0.003125 0.046875 0.00625 0.00028046
2 0.220313 0.679688 0.021875 0.059375 0.000283002
2 0.907812 0.317969 0.028125 0.0640625 0.000287664
2 0.219531 0.514844 0.0390625 0.0390625 0.00029521
1 0.425 0.00390625 0.071875 0.0078125 0.000310411
1 0.45625 0.00234375 0.04375 0.0046875 0.000326546
2 0.570312 0.00234375 0.04375 0.0046875 0.000334001
1 0.592188 0.003125 0.04375 0.00625 0.000338414
3 0.826563 0.81875 0.028125 0.03125 0.000338566
1 0.649219 0.00234375 0.0421875 0.0046875 0.000338872
1 0.629687 0.003125 0.04375 0.00625 0.000350365
2 0.534375 0.00234375 0.04375 0.0046875 0.000355694
2 0.219531 0.516406 0.0234375 0.0578125 0.000388583
1 0.570312 0.003125 0.04375 0.00625 0.0003894
1 0.534375 0.003125 0.04375 0.00625 0.000389647
2 0.365625 0.00234375 0.046875 0.0046875 0.000390704
1 0.338281 0.00234375 0.0390625 0.0046875 0.000392735
1 0.398438 0.00234375 0.040625 0.0046875 0.000422372
1 0.610937 0.003125 0.04375 0.00625 0.000424505
1 0.477344 0.00234375 0.0421875 0.0046875 0.000429744
2 0.632031 0.003125 0.0484375 0.00625 0.000444735
2 0.41875 0.00234375 0.040625 0.0046875 0.000499194
1 0.419531 0.00234375 0.0421875 0.0046875 0.000545536
1 0.436719 0.00234375 0.0421875 0.0046875 0.000565256
0 0.621094 0.991406 0.0296875 0.0171875 0.000573495
2 0.59375 0.003125 0.046875 0.00625 0.000590396
1 0.5125 0.00234375 0.04375 0.0046875 0.000591659
1 0.553125 0.003125 0.04375 0.00625 0.000608566
2 0.321094 0.00234375 0.0390625 0.0046875 0.000617041
1 0.560938 0.00390625 0.065625 0.0078125 0.000639625
2 0.442187 0.00234375 0.046875 0.0046875 0.000667007
2 0.554688 0.003125 0.046875 0.00625 0.000683521
2 0.405469 0.00234375 0.0453125 0.0046875 0.000685131
0 0.621875 0.933594 0.034375 0.0265625 0.000710901
1 0.495313 0.00390625 0.065625 0.0078125 0.000763682
2 0.494531 0.00234375 0.0421875 0.0046875 0.000810634
1 0.496094 0.00234375 0.0421875 0.0046875 0.000861375
2 0.480469 0.00234375 0.0453125 0.0046875 0.000974903
2 0.517187 0.00234375 0.046875 0.0046875 0.00104348
0 0.621094 0.98125 0.0359375 0.025 0.00156671
0 0.625781 0.894531 0.0328125 0.0296875 0.00227432
0 0.630469 0.842969 0.0359375 0.0390625 0.00243076
0 0.621875 0.921094 0.03125 0.0296875 0.00245521
1 0.621094 0.992969 0.0296875 0.0140625 0.00330802
0 0.632031 0.871094 0.0296875 0.0328125 0.00346066
0 0.624219 0.910937 0.0328125 0.025 0.0055178
1 0.61875 0.996875 0.028125 0.00625 0.0149351
0 0.633594 0.819531 0.0328125 0.0265625 0.0158718
0 0.638281 0.796094 0.0359375 0.0265625 0.080115
3 0.797656 0.790625 0.0359375 0.034375 0.180492
3 0.807031 0.8 0.0328125 0.0375 0.448873
0 0.6375 0.805469 0.034375 0.0265625 0.70787
3 0.817969 0.817187 0.0296875 0.025 0.820057
2 0.797656 0.789062 0.0359375 0.034375 0.875313
