2 0.814844 0.389062 0.0546875 0.046875 0.000100382
1 0.978125 0.0179687 0.034375 0.0359375 0.00010151
2 0.907031 0.31875 0.0546875 0.034375 0.000102174
1 0.0125 0.583594 0.025 0.164062 0.00010241
3 0.226562 0.94375 0.059375 0.1125 0.00010259
2 0.8875 0.135937 0.034375 0.040625 0.000102617
1 0.707031 0.00234375 0.0421875 0.0046875 0.000103065
2 0.225 0.439844 0.053125 0.0421875 0.000104021
2 0.886719 0.316406 0.0203125 0.0859375 0.00010426
3 0.816406 0.422656 0.0515625 0.0390625 0.000105642
2 0.225 0.405469 0.053125 0.0421875 0.000105649
0 0.140625 0.151562 0.03125 0.078125 0.000106546
2 0.225 0.517969 0.04375 0.0421875 0.00010751
3 0.225 0.440625 0.05 0.05 0.000108422
3 0.225781 0.40625 0.0484375 0.05 0.000108753
3 0.766406 0.198437 0.0234375 0.025 0.000109611
2 0.009375 0.185156 0.015625 0.0953125 0.000109653
1 0.125 0.208594 0.046875 0.0609375 0.000109717
2 0.910156 0.242188 0.0265625 0.084375 0.000110052
2 0.925 0.333594 0.06875 0.148438 0.000110122
3 0.252344 0.157813 0.0578125 0.046875 0.000111355
2 0.0171875 0.186719 0.034375 0.0484375 0.000111795
3 0.925 0.65 0.075 0.1 0.000113071
3 0.220313 0.755469 0.03125 0.0421875 0.000113261
3 0.783594 0.195312 0.0203125 0.028125 0.000113392
0 0.603906 0.779688 0.0359375 0.025 0.0001158
3 0.225781 0.517969 0.0390625 0.0484375 0.000116968
1 0.0117188 0.503125 0.0234375 0.1625 0.000116984
3 0.817187 0.421094 0.021875 0.0796875 0.000118534
3 0.275 0.371875 0.01875 0.059375 0.000120128
2 0.224219 0.903125 0.0421875 0.040625 0.000122414
3 0.21875 0.710938 0.01875 0.05625 0.000127379
3 0.252344 0.157813 0.0296875 0.071875 0.000128458
0 0.600781 0.764844 0.0546875 0.0453125 0.000129366
3 0.927344 0.726562 0.0765625 0.1 0.000129701
3 0.221875 0.982031 0.05625 0.0359375 0.000130291
1 0.0117188 0.963281 0.0234375 0.0265625 0.00013114
2 0.225781 0.364844 0.0515625 0.0421875 0.000133366
3 0.221875 0.869531 0.034375 0.0453125 0.00013509
3 0.933594 0.427344 0.0671875 0.148438 0.000136633
1 0.925781 0.65 0.0609375 0.14375 0.000136986
1 0.127344 0.173438 0.0890625 0.0375 0.000137463
3 0.226562 0.365625 0.046875 0.05 0.000142077
2 0.221875 0.86875 0.0375 0.040625 0.000142091
1 0.335938 0.0046875 0.071875 0.009375 0.000142284
2 0.219531 0.75625 0.0203125 0.05625 0.000142821
2 0.814844 0.388281 0.0234375 0.0890625 0.000144286
2 0.225 0.407031 0.028125 0.0703125 0.000144306
2 0.885156 0.201562 0.0734375 0.040625 0.000145305
3 0.980469 0.975781 0.0390625 0.0484375 0.000147022
2 0.225 0.441406 0.028125 0.0703125 0.000147483
0 0.586719 0.863281 0.0453125 0.0359375 0.000151137
3 0.01875 0.0882813 0.0375 0.0453125 0.000151307
2 0.225 0.51875 0.021875 0.065625 0.000151768
1 0.614062 0.988281 0.03125 0.0203125 0.000154584
2 0.978906 0.976562 0.0421875 0.040625 0.000154719
1 0.928125 0.727344 0.0625 0.145313 0.000159395
1 0.125781 0.210156 0.0890625 0.0296875 0.000161959
2 0.221094 0.821875 0.0359375 0.040625 0.000164427
3 0.223438 0.904688 0.021875 0.0625 0.000165556
3 0.139844 0.0859375 0.0328125 0.090625 0.000165803
3 0.221875 0.976562 0.03125 0.046875 0.000173181
3 0.558594 0.496094 0.0328125 0.0140625 0.000174322
1 0.38125 0.00234375 0.0375 0.0046875 0.000181563
2 0.221094 0.871094 0.0203125 0.0609375 0.000182856
1 0.126563 0.172656 0.05 0.0640625 0.000184844
2 0.226562 0.366406 0.028125 0.0703125 0.000188971
2 0.66875 0.003125 0.046875 0.00625 0.000191335
1 0.286719 0.00546875 0.0765625 0.0109375 0.000191358
1 0.666406 0.003125 0.0421875 0.00625 0.00019332
0 0.615625 0.953906 0.034375 0.0328125 0.000207246
2 0.9875 0.96875 0.025 0.0625 0.00020819
2 0.221094 0.823438 0.0203125 0.059375 0.000210315
3 0.221094 0.636719 0.0203125 0.0546875 0.00021074
1 0.338281 0.00234375 0.0390625 0.0046875 0.000213758
2 0.992188 0.985156 0.015625 0.0296875 0.000225911
3 0.5375 0.492188 0.040625 0.025 0.000227049
3 0.0117188 0.0882813 0.0234375 0.0765625 0.000233332
2 0.222656 0.336719 0.0484375 0.0421875 0.000235112
0 0.615625 0.988281 0.034375 0.0203125 0.000237612
2 0.907031 0.279687 0.0515625 0.03125 0.00023854
2 0.222656 0.791406 0.0203125 0.0640625 0.000239709
1 0.636719 0.003125 0.0703125 0.00625 0.000244132
1 0.426562 0.00390625 0.06875 0.0078125 0.000248704
2 0.889844 0.239063 0.0609375 0.046875 0.000253591
0 0.602344 0.807031 0.0328125 0.0265625 0.0002546
1 0.630469 0.00234375 0.0421875 0.0046875 0.000258133
1 0.591406 0.00234375 0.0421875 0.0046875 0.000259789
1 0.363281 0.00234375 0.0453125 0.0046875 0.000260521
2 0.91875 0.975781 0.075 0.0453125 0.000263347
3 0.555469 0.529688 0.0484375 0.046875 0.000273493
2 0.91875 0.964063 0.034375 0.071875 0.000285302
1 0.41875 0.00234375 0.040625 0.0046875 0.000288747
2 0.221875 0.338281 0.028125 0.0671875 0.000288766
2 0.907031 0.278125 0.0265625 0.065625 0.000289651
1 0.610937 0.00234375 0.040625 0.0046875 0.000303503
1 0.457031 0.00234375 0.0421875 0.0046875 0.000324188
2 0.535156 0.00234375 0.0421875 0.0046875 0.000338157
2 0.649219 0.00234375 0.0421875 0.0046875 0.000343216
2 0.221875 0.559375 0.021875 0.05625 0.000345845
2 0.224219 0.946094 0.0265625 0.0640625 0.0003484
1 0.649219 0.003125 0.0421875 0.00625 0.000357412
1 0.571094 0.00234375 0.0421875 0.0046875 0.000358385
1 0.438281 0.00234375 0.0421875 0.0046875 0.000358772
0 0.610156 0.875 0.0328125 0.021875 0.000359733
2 0.877344 0.244531 0.0953125 0.154687 0.000366683
1 0.535156 0.00234375 0.0421875 0.0046875 0.000367503
2 0.632812 0.00234375 0.046875 0.0046875 0.000384693
1 0.513281 0.00234375 0.0421875 0.0046875 0.000390829
1 0.405469 0.00234375 0.0453125 0.0046875 0.000402267
0 0.609375 0.884375 0.040625 0.03125 0.000404276
2 0.321094 0.00234375 0.0390625 0.0046875 0.00041885
2 0.889063 0.2375 0.028125 0.084375 0.000440079
2 0.59375 0.00234375 0.046875 0.0046875 0.000458211
1 0.564062 0.003125 0.065625 0.00625 0.000470678
2 0.442969 0.00234375 0.0453125 0.0046875 0.000472435
1 0.495313 0.00234375 0.040625 0.0046875 0.000485566
1 0.475 0.00234375 0.040625 0.0046875 0.000496867
0 0.603125 0.791406 0.040625 0.0671875 0.000515986
2 0.909375 0.208594 0.046875 0.0390625 0.000528792
1 0.553125 0.00234375 0.040625 0.0046875 0.000528879
1 0.494531 0.003125 0.0640625 0.00625 0.000547083
0 0.603125 0.849219 0.03125 0.0234375 0.000568366
2 0.554688 0.00234375 0.046875 0.0046875 0.000585928
3 0.939062 0.925 0.1 0.078125 0.000633714
2 0.517969 0.00234375 0.0453125 0.0046875 0.00072662
2 0.479688 0.00234375 0.04375 0.0046875 0.000758747
2 0.909375 0.20625 0.025 0.06875 0.000865564
0 0.607031 0.857813 0.0328125 0.034375 0.000956368
2 0.940625 0.924219 0.0625 0.126563 0.00109901
3 0.544531 0.490625 0.0328125 0.0125 0.00160274
0 0.605469 0.8375 0.0296875 0.021875 0.00715548
0 0.603906 0.817187 0.0328125 0.025 0.0139876
1 0.616406 0.996875 0.0296875 0.00625 0.0547499
3 0.550781 0.504687 0.0328125 0.021875 0.0825542
3 0.554688 0.528125 0.034375 0.025 0.334801
0 0.604688 0.825781 0.03125 0.0234375 0.725228
3 0.545313 0.494531 0.03125 0.0109375 0.750359
2 0.553906 0.528125 0.0328125 0.025 0.899138
