1 0.59375 0.0015625 0.040625 0.003125 0.00116172
0 0.586719 0.765625 0.0359375 0.0375 0.00124793
0 0.577344 0.842969 0.0328125 0.0296875 0.00125548
1 0.454688 0.0015625 0.03125 0.003125 0.00134746
0 0.572656 0.910156 0.0296875 0.0234375 0.0014043
1 0.555469 0.0015625 0.0390625 0.003125 0.00142491
1 0.478125 0.0015625 0.0375 0.003125 0.00148124
1 0.517969 0.0015625 0.0390625 0.003125 0.00152457
1 0.326562 0.0015625 0.034375 0.003125 0.00177089
1 0.414844 0.0015625 0.0296875 0.003125 0.0017746
1 0.363281 0.0015625 0.0359375 0.003125 0.00191764
1 0.439063 0.0015625 0.0375 0.003125 0.00196499
1 0.403125 0.0015625 0.0375 0.003125 0.00205501
0 0.573438 0.892187 0.03125 0.025 0.00205983
1 0.338281 0.0015625 0.0296875 0.003125 0.0020675
0 0.582031 0.775781 0.0359375 0.0234375 0.0023129
0 0.577344 0.819531 0.0359375 0.0359375 0.00274778
0 0.573438 0.879687 0.03125 0.028125 0.00721603
0 0.579687 0.799219 0.03125 0.0234375 0.00805503
1 0.569531 0.992969 0.0296875 0.0109375 0.0135151
0 0.575 0.863281 0.028125 0.0265625 0.0321346
1 0.570312 0.996875 0.028125 0.00625 0.0659635
3 0.760156 0.713281 0.0328125 0.0328125 0.46241
0 0.582812 0.785156 0.034375 0.0265625 0.718867
3 0.785156 0.729688 0.0234375 0.025 0.81853
2 0.760156 0.7125 0.0328125 0.03125 0.883139
