1 0.633594 0.0015625 0.0359375 0.003125 0.00105001
1 0.453906 0.00078125 0.0265625 0.0015625 0.00108465
1 0.327344 0.0015625 0.0328125 0.003125 0.0010945
0 0.557031 0.883594 0.0359375 0.0328125 0.00111295
1 0.594531 0.0015625 0.0359375 0.003125 0.00118551
1 0.478125 0.0015625 0.034375 0.003125 0.00126005
1 0.561719 0.992969 0.0296875 0.0140625 0.00135383
1 0.555469 0.0015625 0.0359375 0.003125 0.0013614
1 0.364062 0.0015625 0.034375 0.003125 0.00139989
3 0.792969 0.135937 0.0296875 0.06875 0.00140404
1 0.517969 0.0015625 0.0359375 0.003125 0.00143614
1 0.440625 0.00078125 0.034375 0.0015625 0.00147961
1 0.401563 0.0015625 0.034375 0.003125 0.00154927
0 0.553906 0.849219 0.0421875 0.0421875 0.00189361
0 0.55625 0.872656 0.03125 0.0265625 0.00207695
0 0.550781 0.795313 0.0328125 0.03125 0.00321138
0 0.0617188 0.171875 0.0765625 0.09375 0.00427483
0 0.551562 0.765625 0.03125 0.025 0.0056722
3 0.533594 0.489844 0.0296875 0.0265625 0.0141941
1 0.561719 0.996875 0.0296875 0.00625 0.0463973
0 0.550781 0.777344 0.0328125 0.0234375 0.76263
3 0.53125 0.45625 0.028125 0.0125 0.786205
2 0.533594 0.489844 0.0296875 0.0265625 0.868551
