1 0.416406 0.0015625 0.0296875 0.003125 0.00100327
1 0.492969 0.0015625 0.0328125 0.003125 0.00103857
1 0.569531 0.0015625 0.0328125 0.003125 0.00120149
1 0.59375 0.0015625 0.040625 0.003125 0.00122597
1 0.339844 0.0015625 0.0296875 0.003125 0.00142585
0 0.575 0.892969 0.034375 0.0296875 0.00143812
1 0.517969 0.0015625 0.0390625 0.003125 0.00144675
0 0.585156 0.774219 0.0359375 0.0265625 0.00150068
1 0.557031 0.0015625 0.0390625 0.003125 0.00152149
0 0.575 0.874219 0.034375 0.0296875 0.00158835
1 0.325781 0.0015625 0.0359375 0.003125 0.00159544
1 0.403906 0.0015625 0.0359375 0.003125 0.00164603
1 0.476562 0.0015625 0.0375 0.003125 0.00165641
1 0.453125 0.0015625 0.03125 0.003125 0.00165867
1 0.363281 0.0015625 0.0359375 0.003125 0.00174588
1 0.440625 0.0015625 0.0375 0.003125 0.00190389
0 0.577344 0.857031 0.0359375 0.0421875 0.00383682
0 0.58125 0.8 0.034375 0.025 0.00718456
1 0.569531 0.992969 0.0296875 0.0109375 0.017423
1 0.571094 0.996875 0.0296875 0.00625 0.08575
2 0.802344 0.703125 0.0453125 0.03125 0.154758
3 0.790625 0.699219 0.03125 0.0328125 0.249169
0 0.584375 0.785156 0.034375 0.0234375 0.749581
3 0.821094 0.714063 0.0203125 0.028125 0.814904
2 0.790625 0.698438 0.03125 0.034375 0.897816
