1 0.635156 0.0015625 0.0359375 0.003125 0.00101578
1 0.594531 0.0015625 0.0359375 0.003125 0.00101868
1 0.532812 0.00078125 0.028125 0.0015625 0.0010635
1 0.336719 0.00078125 0.0265625 0.0015625 0.00116999
1 0.326562 0.0015625 0.034375 0.003125 0.00119899
1 0.490625 0.0015625 0.028125 0.003125 0.00129775
1 0.3625 0.0015625 0.034375 0.003125 0.00131448
1 0.561719 0.992969 0.0296875 0.0140625 0.0013189
1 0.555469 0.0015625 0.0359375 0.003125 0.00137064
1 0.478906 0.0015625 0.0359375 0.003125 0.00139315
0 0.555469 0.855469 0.0328125 0.0265625 0.00143742
1 0.416406 0.00078125 0.0265625 0.0015625 0.0014421
1 0.403906 0.0015625 0.0328125 0.003125 0.00146266
0 0.553125 0.841406 0.0375 0.0453125 0.00146425
1 0.439844 0.0015625 0.0359375 0.003125 0.00155014
1 0.516406 0.0015625 0.0359375 0.003125 0.00161606
0 0.550781 0.76875 0.0296875 0.025 0.00491973
0 0.551562 0.795313 0.03125 0.03125 0.00542172
3 0.532031 0.485938 0.0296875 0.025 0.00911053
1 0.561719 0.996875 0.0296875 0.00625 0.0462068
3 0.528906 0.451562 0.0296875 0.0125 0.77129
0 0.550781 0.778906 0.0328125 0.0234375 0.785601
2 0.53125 0.485938 0.028125 0.025 0.866668
