1 0.335938 0.00078125 0.025 0.0015625 0.00100461
1 0.320312 0.00078125 0.025 0.0015625 0.001062
0 0.535937 0.814844 0.03125 0.0390625 0.0010646
1 0.376563 0.00078125 0.025 0.0015625 0.00111981
1 0.592188 0.0015625 0.0375 0.003125 0.00112461
1 0.364062 0.0015625 0.034375 0.003125 0.00138338
1 0.567969 0.00078125 0.0296875 0.0015625 0.00140068
1 0.51875 0.0015625 0.0375 0.003125 0.00143067
1 0.478906 0.0015625 0.0359375 0.003125 0.00143925
1 0.555469 0.0015625 0.0359375 0.003125 0.0014865
1 0.440625 0.0015625 0.034375 0.003125 0.00150458
1 0.402344 0.0015625 0.0328125 0.003125 0.0015448
0 0.532812 0.769531 0.034375 0.0265625 0.00408542
0 0.535156 0.789062 0.0328125 0.025 0.00807298
2 0.473437 0.473437 0.03125 0.025 0.0084756
1 0.553125 0.996875 0.03125 0.00625 0.0444149
3 0.475781 0.483594 0.0328125 0.0234375 0.423886
0 0.533594 0.778906 0.0328125 0.0234375 0.780265
3 0.467969 0.449219 0.0296875 0.0109375 0.811792
2 0.476562 0.484375 0.03125 0.021875 0.861979
