1 0.58125 0.99375 0.03125 0.0125 0.00100879
1 0.414844 0.00078125 0.0265625 0.0015625 0.00104283
1 0.594531 0.0015625 0.0359375 0.003125 0.00117038
1 0.403125 0.0015625 0.034375 0.003125 0.00120752
1 0.339063 0.00078125 0.025 0.0015625 0.00123252
1 0.327344 0.0015625 0.0328125 0.003125 0.00126215
1 0.55625 0.0015625 0.0375 0.003125 0.00127769
0 0.578906 0.864844 0.0328125 0.0265625 0.00137278
1 0.355469 0.00078125 0.0265625 0.0015625 0.00140218
2 0.875781 0.101562 0.0703125 0.115625 0.00140741
1 0.478906 0.0015625 0.0359375 0.003125 0.00143441
1 0.517969 0.0015625 0.0359375 0.003125 0.00146046
1 0.440625 0.00078125 0.034375 0.0015625 0.00164866
0 0.582031 0.805469 0.0328125 0.0296875 0.00233408
0 0.584375 0.769531 0.03125 0.0265625 0.00431536
1 0.571875 0.99375 0.03125 0.0125 0.00569699
0 0.580469 0.846094 0.0296875 0.0296875 0.00711745
0 0.579687 0.832031 0.03125 0.0359375 0.0108677
0 0.582031 0.79375 0.0296875 0.028125 0.0149123
1 0.574219 0.996875 0.0296875 0.00625 0.0720608
3 0.628906 0.486719 0.0328125 0.0265625 0.432493
0 0.584375 0.779688 0.03125 0.025 0.746467
3 0.635156 0.450781 0.0296875 0.0140625 0.769759
2 0.628906 0.488281 0.0328125 0.0265625 0.855615
