1 0.491406 0.00078125 0.0265625 0.0015625 0.00103137
1 0.325 0.0015625 0.034375 0.003125 0.00109588
1 0.633594 0.0015625 0.0359375 0.003125 0.00114997
1 0.479688 0.0015625 0.034375 0.003125 0.0012993
0 0.55625 0.855469 0.03125 0.0265625 0.00132294
0 0.554688 0.835156 0.04375 0.0421875 0.00147281
1 0.517187 0.0015625 0.034375 0.003125 0.00147806
1 0.557031 0.0015625 0.0359375 0.003125 0.0014828
1 0.595312 0.0015625 0.034375 0.003125 0.00149578
1 0.364844 0.0015625 0.0328125 0.003125 0.0015031
1 0.4375 0.00078125 0.034375 0.0015625 0.0015996
1 0.403906 0.00078125 0.0328125 0.0015625 0.00174351
1 0.415625 0.00078125 0.025 0.0015625 0.00177324
1 0.559375 0.992188 0.034375 0.015625 0.00189534
0 0.553125 0.794531 0.03125 0.0296875 0.0062024
0 0.553125 0.76875 0.03125 0.025 0.00679768
1 0.561719 0.996094 0.0296875 0.0078125 0.016324
3 0.540625 0.486719 0.03125 0.0265625 0.331223
0 0.553125 0.778125 0.03125 0.025 0.74306
3 0.539062 0.452344 0.028125 0.0109375 0.760974
2 0.541406 0.486719 0.0296875 0.0234375 0.891001
