1 0.635156 0.0015625 0.0359375 0.003125 0.00102942
0 0.560938 0.828125 0.040625 0.05 0.00103844
1 0.5625 0.992969 0.028125 0.0140625 0.00110548
1 0.325781 0.0015625 0.0328125 0.003125 0.001109
1 0.594531 0.0015625 0.0359375 0.003125 0.00122757
3 0.580469 0.474219 0.0359375 0.0328125 0.00130103
1 0.365625 0.0015625 0.034375 0.003125 0.00133373
1 0.453906 0.00078125 0.0265625 0.0015625 0.00133926
1 0.555469 0.0015625 0.0359375 0.003125 0.00135379
1 0.516406 0.0015625 0.0359375 0.003125 0.00144459
1 0.402344 0.0015625 0.0328125 0.003125 0.00146995
1 0.442187 0.0015625 0.034375 0.003125 0.00156365
1 0.478125 0.0015625 0.034375 0.003125 0.00168965
3 0.578906 0.45625 0.0328125 0.01875 0.0033423
0 0.561719 0.792969 0.0296875 0.0265625 0.00335111
2 0.876562 0.103125 0.053125 0.09375 0.00572185
0 0.561719 0.767187 0.0296875 0.025 0.0169888
1 0.564062 0.996875 0.028125 0.00625 0.0479189
3 0.569531 0.489844 0.0296875 0.0265625 0.42057
0 0.560938 0.775781 0.03125 0.0234375 0.740185
3 0.571094 0.457812 0.0296875 0.0125 0.764907
2 0.569531 0.490625 0.0296875 0.025 0.861318
