1 0.326562 0.0015625 0.034375 0.003125 0.00103524
1 0.414062 0.00078125 0.025 0.0015625 0.00104894
1 0.453906 0.00078125 0.0265625 0.0015625 0.00116005
1 0.492188 0.00078125 0.028125 0.0015625 0.00116782
1 0.517187 0.0015625 0.0375 0.003125 0.00131804
1 0.365625 0.0015625 0.034375 0.003125 0.00135179
1 0.592969 0.0015625 0.0359375 0.003125 0.00138481
1 0.478906 0.0015625 0.0359375 0.003125 0.00145362
1 0.557031 0.0015625 0.0359375 0.003125 0.00147554
1 0.402344 0.00078125 0.0328125 0.0015625 0.00151962
1 0.440625 0.00078125 0.034375 0.0015625 0.00155175
1 0.56875 0.00078125 0.028125 0.0015625 0.00175889
0 0.527344 0.767969 0.0359375 0.0265625 0.00252304
0 0.528906 0.790625 0.0359375 0.025 0.00380734
1 0.552344 0.996875 0.0296875 0.00625 0.0377392
3 0.464063 0.484375 0.034375 0.021875 0.062455
3 0.45625 0.453906 0.028125 0.0140625 0.272032
3 0.454688 0.449219 0.028125 0.0109375 0.753181
0 0.527344 0.778906 0.0328125 0.0234375 0.782165
2 0.464844 0.485156 0.0328125 0.0234375 0.880933
