1 0.286719 0.0015625 0.0390625 0.003125 0.00100177
1 0.3375 0.00078125 0.028125 0.0015625 0.00115383
1 0.595312 0.0015625 0.040625 0.003125 0.00116883
0 0.572656 0.9125 0.0296875 0.025 0.0012237
1 0.555469 0.0015625 0.0390625 0.003125 0.0012325
1 0.453906 0.0015625 0.0296875 0.003125 0.001239
0 0.569531 0.990625 0.0296875 0.01875 0.00129313
1 0.492188 0.0015625 0.03125 0.003125 0.00155184
1 0.516406 0.0015625 0.0390625 0.003125 0.00158649
1 0.327344 0.0015625 0.0359375 0.003125 0.00163458
0 0.572656 0.885938 0.0328125 0.034375 0.00183829
1 0.440625 0.0015625 0.0375 0.003125 0.00188086
0 0.575 0.840625 0.034375 0.03125 0.00188673
1 0.377344 0.0015625 0.0296875 0.003125 0.00192969
1 0.478125 0.0015625 0.0375 0.003125 0.001932
1 0.364844 0.0015625 0.0359375 0.003125 0.00207287
1 0.400781 0.0015625 0.0359375 0.003125 0.00213248
0 0.573438 0.871875 0.03125 0.025 0.00430329
1 0.569531 0.992188 0.0296875 0.015625 0.00650487
0 0.577344 0.799219 0.0296875 0.0265625 0.00729397
0 0.573438 0.860156 0.028125 0.0328125 0.00894372
1 0.571094 0.996875 0.0296875 0.00625 0.0608561
3 0.7125 0.726562 0.034375 0.034375 0.216191
3 0.721875 0.7375 0.03125 0.03125 0.247545
0 0.579687 0.786719 0.03125 0.0265625 0.751467
3 0.732031 0.747656 0.0234375 0.0234375 0.800089
2 0.7125 0.725781 0.034375 0.0328125 0.869428
