1 0.633594 0.0015625 0.0390625 0.003125 0.00101036
1 0.609375 0.0015625 0.028125 0.003125 0.00103057
1 0.328906 0.0015625 0.0328125 0.003125 0.00106041
1 0.56875 0.00078125 0.028125 0.0015625 0.00109225
0 0.539062 0.8375 0.034375 0.025 0.00112888
1 0.53125 0.00078125 0.028125 0.0015625 0.0011666
0 0.540625 0.850781 0.034375 0.0265625 0.00119708
1 0.478125 0.0015625 0.034375 0.003125 0.00137369
1 0.364062 0.0015625 0.034375 0.003125 0.00141761
1 0.402344 0.0015625 0.0328125 0.003125 0.00142428
1 0.596094 0.0015625 0.0359375 0.003125 0.00146687
1 0.555469 0.0015625 0.0359375 0.003125 0.0015058
1 0.440625 0.0015625 0.034375 0.003125 0.00151855
1 0.517969 0.0015625 0.0359375 0.003125 0.00156145
0 0.53125 0.770312 0.034375 0.034375 0.00163334
0 0.534375 0.821875 0.03125 0.0375 0.00197147
2 0.475781 0.472656 0.0328125 0.0234375 0.00351018
0 0.533594 0.790625 0.0328125 0.021875 0.0218337
3 0.479688 0.486719 0.03125 0.0234375 0.0312958
1 0.554688 0.996094 0.03125 0.0078125 0.0539993
0 0.532031 0.78125 0.0328125 0.021875 0.759639
3 0.471875 0.452344 0.028125 0.0109375 0.782433
2 0.478906 0.486719 0.0328125 0.0234375 0.869399
