1 0.567969 0.0015625 0.0296875 0.003125 0.00103141
1 0.634375 0.0015625 0.0375 0.003125 0.00105481
1 0.327344 0.0015625 0.0328125 0.003125 0.00116149
1 0.3375 0.00078125 0.025 0.0015625 0.00118026
0 0.542188 0.835156 0.034375 0.0234375 0.00121568
1 0.414844 0.00078125 0.0265625 0.0015625 0.00122172
1 0.453125 0.00078125 0.028125 0.0015625 0.00124599
1 0.594531 0.0015625 0.0359375 0.003125 0.00126194
2 0.871875 0.101562 0.075 0.121875 0.00132568
1 0.477344 0.0015625 0.0359375 0.003125 0.00138672
1 0.555469 0.0015625 0.0359375 0.003125 0.00147438
1 0.519531 0.0015625 0.0359375 0.003125 0.00150356
1 0.363281 0.0015625 0.0328125 0.003125 0.00150468
1 0.403125 0.0015625 0.034375 0.003125 0.00154579
1 0.440625 0.0015625 0.034375 0.003125 0.00173686
2 0.453906 0.474219 0.0359375 0.0265625 0.00280825
0 0.539062 0.803906 0.03125 0.0328125 0.0030005
1 0.563281 0.996875 0.0296875 0.00625 0.040599
3 0.455469 0.484375 0.0359375 0.025 0.389804
0 0.535156 0.783594 0.0328125 0.0234375 0.773848
3 0.44375 0.45 0.03125 0.0125 0.785588
2 0.45625 0.485156 0.034375 0.0234375 0.882979
