1 0.480469 0.0015625 0.0359375 0.003125 0.00119317
1 0.365625 0.0015625 0.034375 0.003125 0.00123963
1 0.592969 0.0015625 0.0359375 0.003125 0.00131333
1 0.438281 0.00078125 0.0359375 0.0015625 0.00137214
1 0.517969 0.0015625 0.0359375 0.003125 0.00142917
0 0.532031 0.81875 0.0328125 0.0375 0.00149124
1 0.557031 0.0015625 0.0359375 0.003125 0.00154857
0 0.535937 0.832812 0.034375 0.040625 0.00161672
1 0.402344 0.00078125 0.0328125 0.0015625 0.0016393
1 0.414062 0.00078125 0.025 0.0015625 0.00168423
1 0.567187 0.0015625 0.028125 0.003125 0.00168492
0 0.53125 0.8 0.034375 0.025 0.0108527
1 0.553125 0.996094 0.03125 0.0078125 0.0434127
3 0.467969 0.492969 0.0328125 0.0234375 0.203751
3 0.458594 0.459375 0.0296875 0.0125 0.734864
0 0.529688 0.785156 0.03125 0.0234375 0.74582
2 0.467969 0.492188 0.0328125 0.025 0.875324
