1 0.635156 0.0015625 0.0421875 0.003125 0.00103105
1 0.378125 0.0015625 0.03125 0.003125 0.00104188
1 0.567969 0.0015625 0.0328125 0.003125 0.00110459
1 0.595312 0.0015625 0.040625 0.003125 0.0011132
0 0.0492188 0.165625 0.0421875 0.09375 0.00120246
1 0.555469 0.0015625 0.0390625 0.003125 0.00128474
1 0.338281 0.0015625 0.0296875 0.003125 0.00128709
1 0.454688 0.00078125 0.03125 0.0015625 0.00152209
0 0.571875 0.885156 0.034375 0.0296875 0.00155685
1 0.517969 0.0015625 0.0390625 0.003125 0.00157236
1 0.478125 0.0015625 0.0375 0.003125 0.00159511
1 0.415625 0.0015625 0.03125 0.003125 0.00165181
1 0.31875 0.00078125 0.028125 0.0015625 0.00169591
1 0.364844 0.0015625 0.0359375 0.003125 0.00179316
1 0.403125 0.0015625 0.0375 0.003125 0.00207706
1 0.439844 0.0015625 0.0359375 0.003125 0.00218081
1 0.567969 0.992188 0.0296875 0.015625 0.00424018
0 0.572656 0.871875 0.0296875 0.025 0.00544513
0 0.573438 0.827344 0.03125 0.0390625 0.0138726
0 0.572656 0.860937 0.0296875 0.028125 0.0141796
1 0.571094 0.996875 0.0296875 0.00625 0.0359254
3 0.700781 0.741406 0.0296875 0.0296875 0.282279
3 0.692187 0.728906 0.034375 0.0359375 0.330362
3 0.710938 0.751562 0.021875 0.021875 0.728068
0 0.575781 0.792969 0.0328125 0.0265625 0.744431
2 0.692969 0.728125 0.0359375 0.034375 0.777533
