1 0.592188 0.0015625 0.0375 0.003125 0.00109191
1 0.56875 0.00078125 0.028125 0.0015625 0.00110446
1 0.414844 0.00078125 0.0265625 0.0015625 0.00118622
1 0.364062 0.0015625 0.034375 0.003125 0.00122145
0 0.59375 0.774219 0.034375 0.0265625 0.00122903
1 0.55625 0.0015625 0.0375 0.003125 0.00135984
1 0.403125 0.0015625 0.034375 0.003125 0.00144404
1 0.479688 0.0015625 0.034375 0.003125 0.00161065
1 0.439844 0.0015625 0.0359375 0.003125 0.00165988
1 0.517187 0.0015625 0.034375 0.003125 0.00175129
1 0.492188 0.00078125 0.028125 0.0015625 0.00178473
1 0.580469 0.99375 0.0296875 0.0125 0.00237656
0 0.583594 0.855469 0.0328125 0.0484375 0.00364137
0 0.582812 0.88125 0.03125 0.028125 0.00389222
0 0.582812 0.870313 0.03125 0.025 0.0061696
1 0.572656 0.99375 0.0296875 0.009375 0.0142037
1 0.575 0.996875 0.028125 0.00625 0.146368
3 0.667188 0.485156 0.034375 0.0265625 0.429805
0 0.592188 0.783594 0.03125 0.0234375 0.765328
3 0.679688 0.453125 0.03125 0.015625 0.821177
2 0.667188 0.486719 0.034375 0.0265625 0.87696
