1 0.594531 0.0015625 0.0359375 0.003125 0.00100486
0 0.544531 0.857031 0.0328125 0.0265625 0.00107512
2 0.879687 0.1 0.071875 0.121875 0.00110799
1 0.363281 0.0015625 0.0328125 0.003125 0.00123386
1 0.492969 0.00078125 0.0265625 0.0015625 0.00126709
1 0.555469 0.0015625 0.0359375 0.003125 0.00127084
1 0.403125 0.0015625 0.034375 0.003125 0.00131644
1 0.517187 0.00078125 0.034375 0.0015625 0.00156458
1 0.442187 0.0015625 0.034375 0.003125 0.00171337
1 0.476562 0.00078125 0.034375 0.0015625 0.00172639
1 0.452344 0.00078125 0.0265625 0.0015625 0.00197747
3 0.842969 0.991406 0.0328125 0.0171875 0.0026817
3 0.844531 0.995313 0.0171875 0.009375 0.00351838
3 0.480469 0.449219 0.0296875 0.0109375 0.00422906
0 0.540625 0.792969 0.03125 0.0265625 0.00798588
1 0.553125 0.996094 0.03125 0.0078125 0.017611
3 0.491406 0.4875 0.0328125 0.025 0.0486159
0 0.538281 0.778906 0.0328125 0.0234375 0.748521
3 0.484375 0.452344 0.028125 0.0109375 0.766373
2 0.490625 0.4875 0.03125 0.025 0.858445
