0 0.580469 0.819531 0.0359375 0.0359375 0.00101153
0 0.572656 0.903125 0.0328125 0.028125 0.00105372
1 0.59375 0.0015625 0.040625 0.003125 0.00110275
1 0.555469 0.0015625 0.0390625 0.003125 0.00112603
1 0.339063 0.0015625 0.028125 0.003125 0.00120505
1 0.417969 0.0015625 0.0296875 0.003125 0.00122278
0 0.585938 0.774219 0.0375 0.0265625 0.00124714
1 0.492188 0.0015625 0.03125 0.003125 0.00147312
1 0.375781 0.0015625 0.0296875 0.003125 0.00156992
0 0.573438 0.879687 0.04375 0.034375 0.00157001
1 0.326562 0.0015625 0.034375 0.003125 0.00163212
1 0.517187 0.0015625 0.0375 0.003125 0.00163843
1 0.478906 0.0015625 0.0390625 0.003125 0.00176259
1 0.402344 0.0015625 0.0359375 0.003125 0.00181765
1 0.363281 0.0015625 0.0359375 0.003125 0.00187115
1 0.433594 0.0015625 0.0296875 0.003125 0.00198005
0 0.582031 0.799219 0.0328125 0.0234375 0.00204455
0 0.575 0.889844 0.03125 0.0296875 0.00547266
0 0.577344 0.86875 0.0328125 0.0375 0.0104713
1 0.56875 0.99375 0.03125 0.009375 0.0226224
1 0.570312 0.996875 0.028125 0.00625 0.0861016
3 0.799219 0.696094 0.0328125 0.0328125 0.408534
3 0.829687 0.710156 0.01875 0.0265625 0.700749
0 0.585156 0.785156 0.0328125 0.0234375 0.764311
2 0.796875 0.696094 0.028125 0.0328125 0.887208
