1 0.492188 0.00078125 0.028125 0.0015625 0.00103662
1 0.415625 0.00078125 0.025 0.0015625 0.0010384
1 0.633594 0.0015625 0.0359375 0.003125 0.00105113
3 0.578125 0.451562 0.03125 0.0125 0.00106598
1 0.327344 0.0015625 0.0328125 0.003125 0.00121686
1 0.557031 0.0015625 0.0359375 0.003125 0.0013273
1 0.364062 0.0015625 0.034375 0.003125 0.00137125
1 0.479688 0.00078125 0.034375 0.0015625 0.00137414
1 0.59375 0.0015625 0.034375 0.003125 0.00142357
1 0.440625 0.00078125 0.034375 0.0015625 0.00142363
1 0.517187 0.00078125 0.034375 0.0015625 0.00142577
1 0.402344 0.00078125 0.0328125 0.0015625 0.00144482
0 0.557031 0.767187 0.0328125 0.028125 0.00147358
0 0.5625 0.788281 0.03125 0.0203125 0.0018623
0 0.563281 0.828125 0.0359375 0.04375 0.00233892
0 0.561719 0.841406 0.0328125 0.0265625 0.00253615
0 0.564844 0.853906 0.0328125 0.0296875 0.00317501
2 0.879687 0.100781 0.059375 0.104687 0.00320617
0 0.5625 0.8 0.03125 0.0375 0.00368351
3 0.578906 0.46875 0.0265625 0.025 0.00858355
1 0.563281 0.996875 0.0296875 0.00625 0.0281134
3 0.573438 0.489062 0.03125 0.025 0.416405
0 0.5625 0.773438 0.03125 0.025 0.73906
3 0.576563 0.45625 0.028125 0.0125 0.754091
2 0.573438 0.489062 0.03125 0.025 0.878182
