1 0.5875 0.0015625 0.028125 0.003125 0.00118448
1 0.325781 0.0015625 0.0328125 0.003125 0.00120516
0 0.528906 0.800781 0.0359375 0.0265625 0.00124667
1 0.557031 0.0015625 0.0359375 0.003125 0.00132582
1 0.517969 0.0015625 0.0359375 0.003125 0.00133079
1 0.357031 0.00078125 0.0265625 0.0015625 0.00133779
1 0.476562 0.0015625 0.034375 0.003125 0.0014274
1 0.403125 0.0015625 0.034375 0.003125 0.00145197
1 0.453125 0.00078125 0.028125 0.0015625 0.00163613
1 0.440625 0.0015625 0.034375 0.003125 0.00171941
0 0.528125 0.789062 0.034375 0.021875 0.0204751
1 0.553906 0.996875 0.0296875 0.00625 0.0595552
3 0.4625 0.49375 0.034375 0.025 0.167584
0 0.527344 0.782031 0.0328125 0.0234375 0.781827
3 0.453125 0.460156 0.03125 0.0109375 0.78779
2 0.463281 0.49375 0.0328125 0.025 0.90173
