3 0.79375 0.13125 0.03125 0.071875 0.00100062
1 0.53125 0.00078125 0.028125 0.0015625 0.0010755
0 0.548437 0.867969 0.034375 0.0296875 0.00112021
1 0.317969 0.00078125 0.0234375 0.0015625 0.0011685
1 0.635156 0.0015625 0.0359375 0.003125 0.00118554
1 0.363281 0.0015625 0.0359375 0.003125 0.00120868
2 0.503906 0.485156 0.0359375 0.0296875 0.00122933
1 0.594531 0.0015625 0.0359375 0.003125 0.00123206
1 0.555469 0.0015625 0.0359375 0.003125 0.00143204
1 0.479688 0.0015625 0.034375 0.003125 0.00144192
1 0.517969 0.0015625 0.0359375 0.003125 0.00148028
1 0.414062 0.00078125 0.025 0.0015625 0.00153904
1 0.557031 0.992969 0.0296875 0.0140625 0.00154111
0 0.547656 0.854688 0.0328125 0.028125 0.00164494
1 0.403906 0.0015625 0.0328125 0.003125 0.00167599
1 0.439844 0.0015625 0.0328125 0.003125 0.00175574
2 0.877344 0.101562 0.0578125 0.103125 0.0032759
0 0.542188 0.791406 0.03125 0.0265625 0.0066576
1 0.555469 0.996875 0.0296875 0.00625 0.034968
3 0.497656 0.475781 0.0328125 0.0328125 0.25318
0 0.542188 0.778906 0.03125 0.0234375 0.767641
3 0.491406 0.444531 0.0296875 0.0109375 0.770909
2 0.496875 0.478906 0.03125 0.0234375 0.869865
