1 0.635156 0.0015625 0.0359375 0.003125 0.0010974
1 0.338281 0.00078125 0.0265625 0.0015625 0.00110102
1 0.595312 0.0015625 0.0375 0.003125 0.00111784
1 0.491406 0.00078125 0.0265625 0.0015625 0.00117844
1 0.328125 0.0015625 0.034375 0.003125 0.0011846
0 0.55625 0.871094 0.03125 0.0265625 0.00120455
1 0.478125 0.0015625 0.034375 0.003125 0.00128324
1 0.555469 0.0015625 0.0359375 0.003125 0.00135331
1 0.364062 0.0015625 0.034375 0.003125 0.00137342
1 0.517969 0.0015625 0.0359375 0.003125 0.00145979
0 0.553906 0.84375 0.0421875 0.04375 0.001484
1 0.416406 0.00078125 0.0265625 0.0015625 0.00162778
0 0.555469 0.857813 0.0296875 0.025 0.00164478
1 0.4375 0.0015625 0.034375 0.003125 0.00172592
1 0.403906 0.0015625 0.0328125 0.003125 0.00172895
3 0.532812 0.460156 0.028125 0.0234375 0.00185518
1 0.561719 0.992969 0.0296875 0.0140625 0.00194329
0 0.551562 0.8 0.03125 0.034375 0.00310375
0 0.551562 0.765625 0.03125 0.025 0.00518327
3 0.533594 0.486719 0.0296875 0.0265625 0.0108339
1 0.561719 0.996875 0.0296875 0.00625 0.0620614
3 0.532812 0.453125 0.028125 0.0125 0.757006
0 0.551562 0.776563 0.03125 0.025 0.759927
2 0.534375 0.486719 0.028125 0.0265625 0.874681
