1 0.635938 0.0015625 0.040625 0.003125 0.00100474
1 0.492188 0.0015625 0.03125 0.003125 0.0010392
1 0.532812 0.0015625 0.03125 0.003125 0.00104755
0 0.572656 0.867969 0.0359375 0.0296875 0.00105171
1 0.595312 0.0015625 0.040625 0.003125 0.00106048
1 0.549219 0.0015625 0.0328125 0.003125 0.00130026
1 0.414844 0.0015625 0.0296875 0.003125 0.00140487
1 0.377344 0.00078125 0.0296875 0.0015625 0.00141102
1 0.455469 0.00078125 0.0296875 0.0015625 0.0014295
1 0.339063 0.00078125 0.028125 0.0015625 0.00144342
0 0.578125 0.800781 0.034375 0.0265625 0.0014964
1 0.325781 0.0015625 0.0359375 0.003125 0.00151401
1 0.517969 0.0015625 0.0390625 0.003125 0.00164012
1 0.478125 0.0015625 0.0375 0.003125 0.001753
1 0.400781 0.0015625 0.0359375 0.003125 0.00181279
1 0.440625 0.0015625 0.0375 0.003125 0.00194794
1 0.364062 0.0015625 0.034375 0.003125 0.00207881
0 0.585156 0.766406 0.0390625 0.0296875 0.00220025
0 0.575781 0.85 0.0359375 0.04375 0.00412731
1 0.567187 0.99375 0.03125 0.0125 0.0109732
3 0.832031 0.650781 0.0203125 0.0265625 0.0116305
1 0.569531 0.996875 0.0296875 0.00625 0.0493527
3 0.803906 0.645312 0.0234375 0.03125 0.41107
0 0.582031 0.782031 0.0328125 0.0265625 0.761967
3 0.8375 0.648438 0.0125 0.028125 0.802723
2 0.802344 0.645312 0.0234375 0.03125 0.866753
