1 0.327344 0.0015625 0.0328125 0.003125 0.00101346
1 0.56875 0.00078125 0.028125 0.0015625 0.00103135
1 0.530469 0.00078125 0.0265625 0.0015625 0.00104757
1 0.452344 0.00078125 0.0265625 0.0015625 0.00106851
1 0.492969 0.00078125 0.0265625 0.0015625 0.00107016
1 0.635156 0.0015625 0.0359375 0.003125 0.00109964
1 0.594531 0.0015625 0.0359375 0.003125 0.00114294
1 0.375781 0.00078125 0.0265625 0.0015625 0.00130042
1 0.555469 0.0015625 0.0359375 0.003125 0.00138728
0 0.542188 0.85 0.034375 0.03125 0.00138736
1 0.401563 0.0015625 0.034375 0.003125 0.00139448
1 0.363281 0.0015625 0.0328125 0.003125 0.0014199
1 0.440625 0.0015625 0.034375 0.003125 0.00148012
1 0.479688 0.0015625 0.034375 0.003125 0.00149847
1 0.517187 0.0015625 0.034375 0.003125 0.00165542
2 0.479688 0.474219 0.028125 0.0296875 0.0027646
0 0.541406 0.839844 0.0328125 0.0265625 0.0032532
0 0.539844 0.804688 0.0296875 0.0375 0.00414381
0 0.539062 0.792969 0.034375 0.0296875 0.00598495
3 0.484375 0.483594 0.03125 0.0234375 0.0325458
1 0.552344 0.996094 0.0296875 0.0078125 0.0358669
0 0.536719 0.778906 0.0328125 0.0234375 0.746097
3 0.475781 0.449219 0.0296875 0.0109375 0.757005
2 0.483594 0.483594 0.0328125 0.0234375 0.889206
