1 0.327344 0.0015625 0.0328125 0.003125 0.00100648
1 0.357031 0.00078125 0.0265625 0.0015625 0.00102324
0 0.530469 0.800781 0.0359375 0.0265625 0.00109187
1 0.553125 0.99375 0.03125 0.0125 0.0010959
0 0.528125 0.769531 0.034375 0.0328125 0.00110689
1 0.492188 0.0015625 0.028125 0.003125 0.00117003
1 0.478906 0.0015625 0.0359375 0.003125 0.00126133
1 0.592969 0.0015625 0.0359375 0.003125 0.0012892
3 0.7875 0.141406 0.028125 0.0640625 0.00130137
1 0.567969 0.0015625 0.0296875 0.003125 0.00136892
1 0.365625 0.0015625 0.034375 0.003125 0.00139668
1 0.555469 0.0015625 0.0359375 0.003125 0.00141714
1 0.517969 0.0015625 0.0359375 0.003125 0.00144508
1 0.439063 0.00078125 0.034375 0.0015625 0.00157657
1 0.402344 0.0015625 0.0328125 0.003125 0.00159455
1 0.414844 0.00078125 0.0265625 0.0015625 0.00183046
0 0.529688 0.789844 0.034375 0.0203125 0.0249204
1 0.553906 0.996875 0.0296875 0.00625 0.0356844
3 0.465625 0.489844 0.034375 0.0234375 0.105123
0 0.528125 0.782031 0.03125 0.0234375 0.760959
3 0.457031 0.457031 0.0296875 0.0109375 0.767364
2 0.464844 0.489844 0.0328125 0.0234375 0.894817
