0 0.552344 0.842969 0.0390625 0.0484375 0.00105223
1 0.492188 0.00078125 0.028125 0.0015625 0.00115322
1 0.634375 0.0015625 0.0375 0.003125 0.00118781
1 0.325781 0.0015625 0.0328125 0.003125 0.00119381
1 0.596094 0.0015625 0.0359375 0.003125 0.00124254
1 0.3625 0.0015625 0.034375 0.003125 0.00135501
1 0.478906 0.0015625 0.0359375 0.003125 0.00138445
3 0.791406 0.136719 0.0296875 0.0703125 0.00139446
1 0.557031 0.0015625 0.0359375 0.003125 0.00146761
1 0.416406 0.00078125 0.0265625 0.0015625 0.00152803
1 0.517187 0.0015625 0.034375 0.003125 0.00153133
1 0.439844 0.0015625 0.0359375 0.003125 0.0015754
1 0.403906 0.0015625 0.0328125 0.003125 0.00163126
1 0.561719 0.992969 0.0296875 0.0140625 0.00182931
0 0.55 0.795313 0.03125 0.03125 0.00337856
0 0.55 0.76875 0.03125 0.025 0.00850643
3 0.530469 0.4875 0.0296875 0.025 0.0118517
1 0.561719 0.996875 0.0296875 0.00625 0.0585485
3 0.528125 0.453125 0.028125 0.0125 0.789426
0 0.55 0.777344 0.03125 0.0234375 0.792678
2 0.530469 0.4875 0.0296875 0.025 0.858705
