1 0.364062 0.0015625 0.034375 0.003125 0.00119582
0 0.534375 0.846875 0.0375 0.046875 0.00121749
1 0.472656 0.00078125 0.0265625 0.0015625 0.00130643
1 0.517969 0.0015625 0.0359375 0.003125 0.00136477
1 0.592969 0.0015625 0.0359375 0.003125 0.00137184
1 0.403125 0.0015625 0.034375 0.003125 0.00152759
1 0.56875 0.00078125 0.028125 0.0015625 0.00154588
1 0.439063 0.0015625 0.034375 0.003125 0.00157696
1 0.557031 0.0015625 0.0359375 0.003125 0.00167584
1 0.414844 0.00078125 0.0265625 0.0015625 0.00171703
0 0.528906 0.76875 0.0359375 0.028125 0.00259436
3 0.192188 0.995313 0.021875 0.009375 0.00762529
0 0.530469 0.789844 0.0359375 0.0234375 0.00802277
1 0.551562 0.996094 0.03125 0.0078125 0.0440969
3 0.46875 0.483594 0.034375 0.0234375 0.16241
0 0.528906 0.779688 0.0328125 0.025 0.758227
3 0.460156 0.45 0.0296875 0.0125 0.786042
2 0.469531 0.485156 0.0328125 0.0234375 0.865913
