1 0.413281 0.00078125 0.0265625 0.0015625 0.00102631
1 0.453906 0.00078125 0.0265625 0.0015625 0.0010288
1 0.326562 0.0015625 0.034375 0.003125 0.00104149
1 0.635938 0.0015625 0.0375 0.003125 0.00110342
1 0.595312 0.0015625 0.0375 0.003125 0.00118201
1 0.555469 0.0015625 0.0359375 0.003125 0.00126217
1 0.365625 0.0015625 0.034375 0.003125 0.00139858
1 0.440625 0.0015625 0.034375 0.003125 0.0014015
1 0.478906 0.00078125 0.0359375 0.0015625 0.00144174
1 0.517187 0.00078125 0.034375 0.0015625 0.001448
1 0.400781 0.0015625 0.0328125 0.003125 0.00145898
0 0.540625 0.79375 0.03125 0.03125 0.00456074
1 0.554688 0.996094 0.03125 0.0078125 0.03072
3 0.486719 0.483594 0.0328125 0.0234375 0.433078
0 0.5375 0.779688 0.03125 0.025 0.758334
3 0.479688 0.449219 0.028125 0.0109375 0.760169
2 0.486719 0.483594 0.0328125 0.0234375 0.865796
