1 0.685156 0.0015625 0.0328125 0.003125 0.00103825
1 0.673437 0.0015625 0.040625 0.003125 0.00107222
1 0.453906 0.00078125 0.0296875 0.0015625 0.00111905
1 0.595312 0.0015625 0.040625 0.003125 0.00114227
1 0.492188 0.0015625 0.03125 0.003125 0.00114605
1 0.532812 0.0015625 0.03125 0.003125 0.00130022
1 0.555469 0.0015625 0.0390625 0.003125 0.00131353
0 0.575 0.867969 0.034375 0.0296875 0.00149535
1 0.339063 0.00078125 0.028125 0.0015625 0.0015728
1 0.414844 0.0015625 0.0296875 0.003125 0.00157753
1 0.378906 0.0015625 0.0296875 0.003125 0.00162261
3 0.852344 0.671875 0.0203125 0.028125 0.00172638
1 0.478125 0.0015625 0.0375 0.003125 0.001736
1 0.326562 0.0015625 0.034375 0.003125 0.00179293
0 0.58125 0.8 0.034375 0.025 0.00186789
1 0.51875 0.0015625 0.0375 0.003125 0.00187516
0 0.585156 0.774219 0.0359375 0.0265625 0.00187569
1 0.439063 0.0015625 0.0375 0.003125 0.00193741
1 0.364844 0.0015625 0.0359375 0.003125 0.00212757
1 0.396094 0.0015625 0.0296875 0.003125 0.00230791
0 0.576563 0.853125 0.034375 0.04375 0.00426074
3 0.845312 0.675781 0.0125 0.0328125 0.00822654
1 0.567969 0.992969 0.0296875 0.0109375 0.0156276
3 0.825781 0.670313 0.0265625 0.03125 0.0179413
2 0.825781 0.671094 0.0265625 0.0328125 0.0206403
1 0.569531 0.996875 0.0296875 0.00625 0.0729988
3 0.80625 0.667188 0.025 0.03125 0.399161
0 0.584375 0.784375 0.034375 0.025 0.753272
3 0.838281 0.675 0.0171875 0.03125 0.812823
2 0.80625 0.667188 0.025 0.03125 0.874138
