1 0.665625 0.00078125 0.028125 0.0015625 0.00100301
1 0.608594 0.0015625 0.0296875 0.003125 0.00102611
3 0.791406 0.1375 0.0296875 0.071875 0.00104703
1 0.327344 0.0015625 0.0328125 0.003125 0.00105439
1 0.492188 0.00078125 0.028125 0.0015625 0.0010718
1 0.555469 0.992969 0.0296875 0.0140625 0.00108723
1 0.529688 0.00078125 0.028125 0.0015625 0.00111064
0 0.542969 0.849219 0.0328125 0.0265625 0.00113559
1 0.553906 0.0015625 0.0359375 0.003125 0.00123067
1 0.596094 0.0015625 0.0359375 0.003125 0.00125545
1 0.635156 0.0015625 0.0359375 0.003125 0.00127008
1 0.401563 0.0015625 0.034375 0.003125 0.00133044
1 0.441406 0.0015625 0.0359375 0.003125 0.00140564
1 0.364062 0.00078125 0.034375 0.0015625 0.00142287
1 0.515625 0.0015625 0.034375 0.003125 0.00144164
1 0.479688 0.0015625 0.034375 0.003125 0.0014432
0 0.538281 0.810156 0.0296875 0.0390625 0.00164322
0 0.536719 0.786719 0.0328125 0.0234375 0.00499988
0 0.536719 0.76875 0.0359375 0.028125 0.00831064
1 0.554688 0.996875 0.03125 0.00625 0.0323068
3 0.478906 0.483594 0.0328125 0.0234375 0.423629
3 0.472656 0.449219 0.0296875 0.0109375 0.759669
0 0.535156 0.777344 0.0328125 0.0234375 0.785386
2 0.478906 0.484375 0.0328125 0.021875 0.853186
