1 0.635156 0.0015625 0.0359375 0.003125 0.00101339
1 0.375781 0.00078125 0.0265625 0.0015625 0.00105119
1 0.3375 0.00078125 0.025 0.0015625 0.00106801
1 0.492188 0.00078125 0.028125 0.0015625 0.00110091
1 0.569531 0.00078125 0.0296875 0.0015625 0.00119165
1 0.328906 0.0015625 0.0328125 0.003125 0.00121813
1 0.477344 0.0015625 0.0359375 0.003125 0.00127625
1 0.594531 0.0015625 0.0359375 0.003125 0.00127922
1 0.416406 0.00078125 0.0265625 0.0015625 0.00136639
2 0.875 0.100781 0.071875 0.120312 0.00141557
1 0.557031 0.0015625 0.0359375 0.003125 0.00143566
1 0.517969 0.0015625 0.0359375 0.003125 0.00147495
1 0.439063 0.0015625 0.034375 0.003125 0.00150705
1 0.364062 0.0015625 0.034375 0.003125 0.00152116
1 0.402344 0.00078125 0.0328125 0.0015625 0.00160593
0 0.545313 0.771094 0.03125 0.0265625 0.00191027
2 0.517969 0.473437 0.0265625 0.021875 0.00206752
1 0.555469 0.994531 0.0328125 0.0109375 0.00274083
0 0.546094 0.789844 0.0328125 0.0234375 0.0135203
1 0.560938 0.996875 0.03125 0.00625 0.0592557
3 0.525 0.492188 0.03125 0.025 0.427049
3 0.523438 0.459375 0.028125 0.0125 0.730743
0 0.546094 0.782031 0.0296875 0.0234375 0.759045
2 0.524219 0.491406 0.0296875 0.0265625 0.897145
