1 0.635938 0.0015625 0.040625 0.003125 0.00100084
2 0.804688 0.65625 0.04375 0.065625 0.00103281
0 0.58125 0.81875 0.0375 0.03125 0.00110524
1 0.569531 0.0015625 0.0328125 0.003125 0.001118
1 0.672656 0.0015625 0.0390625 0.003125 0.00112519
0 0.575781 0.889844 0.0328125 0.0296875 0.0011328
1 0.532812 0.0015625 0.03125 0.003125 0.00116577
1 0.594531 0.0015625 0.0390625 0.003125 0.00119983
1 0.492188 0.0015625 0.03125 0.003125 0.00127415
0 0.5875 0.773438 0.0375 0.025 0.00137796
1 0.378125 0.0015625 0.03125 0.003125 0.00145109
1 0.414844 0.0015625 0.0296875 0.003125 0.00148756
1 0.554688 0.0015625 0.0375 0.003125 0.00155152
0 0.576563 0.871875 0.034375 0.028125 0.00159921
1 0.439844 0.0015625 0.0359375 0.003125 0.00174044
1 0.327344 0.0015625 0.0359375 0.003125 0.00178342
1 0.479688 0.0015625 0.0375 0.003125 0.00186051
1 0.517969 0.0015625 0.0390625 0.003125 0.00188946
1 0.338281 0.00078125 0.0296875 0.0015625 0.00193029
1 0.395312 0.0015625 0.028125 0.003125 0.00216201
1 0.364844 0.0015625 0.0359375 0.003125 0.00220002
0 0.583594 0.799219 0.0328125 0.0234375 0.00305765
0 0.578125 0.85 0.034375 0.04375 0.00495938
2 0.803906 0.655469 0.0234375 0.0265625 0.00742949
1 0.569531 0.992969 0.0296875 0.0109375 0.0174345
1 0.570312 0.996875 0.028125 0.00625 0.0939374
3 0.810156 0.664844 0.0265625 0.0328125 0.206605
0 0.585938 0.785937 0.034375 0.025 0.748616
3 0.844531 0.671094 0.0171875 0.0296875 0.81165
2 0.810156 0.664844 0.0265625 0.0328125 0.867855
