1 0.327344 0.0015625 0.0328125 0.003125 0.00101492
1 0.416406 0.00078125 0.0265625 0.0015625 0.00109855
3 0.7875 0.135937 0.034375 0.08125 0.00110071
0 0.582031 0.86875 0.0328125 0.025 0.00116042
3 0.671094 0.45625 0.0359375 0.01875 0.00118883
1 0.570312 0.0015625 0.028125 0.003125 0.00123414
1 0.364062 0.00078125 0.034375 0.0015625 0.00126977
1 0.59375 0.0015625 0.0375 0.003125 0.00128212
1 0.492188 0.00078125 0.028125 0.0015625 0.00132479
1 0.516406 0.0015625 0.0359375 0.003125 0.00135828
1 0.55625 0.0015625 0.034375 0.003125 0.00141145
1 0.479688 0.0015625 0.034375 0.003125 0.00142107
1 0.403125 0.00078125 0.034375 0.0015625 0.00142522
0 0.582031 0.852344 0.0328125 0.0265625 0.00150793
1 0.433594 0.00078125 0.0265625 0.0015625 0.00159634
3 0.663281 0.503906 0.0296875 0.0390625 0.0018896
0 0.582812 0.834375 0.034375 0.04375 0.00270418
1 0.570312 0.992969 0.03125 0.0109375 0.00714992
1 0.572656 0.996875 0.0296875 0.00625 0.0743475
3 0.66875 0.492188 0.034375 0.028125 0.425221
3 0.682031 0.460156 0.0265625 0.0171875 0.784073
0 0.589844 0.783594 0.0328125 0.0234375 0.784149
2 0.667969 0.492969 0.0328125 0.0265625 0.89485
