1 0.452344 0.00078125 0.0265625 0.0015625 0.0010076
1 0.327344 0.0015625 0.0328125 0.003125 0.00104218
1 0.635156 0.0015625 0.0359375 0.003125 0.00106207
1 0.558594 0.0015625 0.0359375 0.003125 0.00113724
1 0.514844 0.0015625 0.0359375 0.003125 0.00124266
1 0.492188 0.00078125 0.028125 0.0015625 0.00127843
1 0.594531 0.0015625 0.0359375 0.003125 0.00131692
1 0.364844 0.0015625 0.0328125 0.003125 0.00137264
1 0.403125 0.0015625 0.034375 0.003125 0.00152007
1 0.478125 0.00078125 0.034375 0.0015625 0.00152042
1 0.440625 0.0015625 0.034375 0.003125 0.00153394
0 0.528125 0.76875 0.034375 0.028125 0.00165066
1 0.546875 0.995313 0.03125 0.009375 0.00283653
0 0.529688 0.789844 0.034375 0.0234375 0.00760483
1 0.552344 0.996875 0.0296875 0.00625 0.0933419
3 0.467187 0.484375 0.034375 0.021875 0.115771
3 0.459375 0.450781 0.028125 0.0109375 0.763671
0 0.528125 0.779688 0.03125 0.021875 0.764465
2 0.467187 0.485156 0.034375 0.0234375 0.871741
