1 0.532812 0.0015625 0.03125 0.003125 0.00104935
1 0.594531 0.0015625 0.0390625 0.003125 0.00122931
1 0.453906 0.0015625 0.0296875 0.003125 0.00127998
1 0.338281 0.0015625 0.0296875 0.003125 0.00130332
1 0.557031 0.0015625 0.0390625 0.003125 0.00139825
1 0.492188 0.0015625 0.03125 0.003125 0.00141279
1 0.416406 0.0015625 0.0296875 0.003125 0.00151314
1 0.327344 0.0015625 0.0359375 0.003125 0.0015135
1 0.478125 0.0015625 0.0375 0.003125 0.00162408
1 0.376563 0.0015625 0.03125 0.003125 0.00166553
1 0.517187 0.0015625 0.0375 0.003125 0.00167942
1 0.439844 0.0015625 0.0359375 0.003125 0.00187774
0 0.533594 0.853125 0.0359375 0.0375 0.00187947
1 0.364844 0.0015625 0.0359375 0.003125 0.00196641
1 0.401563 0.0015625 0.0375 0.003125 0.00212343
1 0.55625 0.992188 0.03125 0.0125 0.00345517
1 0.55625 0.996094 0.03125 0.0078125 0.0612992
3 0.314844 0.767969 0.0328125 0.0328125 0.382298
0 0.530469 0.83125 0.0359375 0.025 0.780472
3 0.285937 0.785937 0.021875 0.025 0.796112
2 0.314844 0.767187 0.0328125 0.03125 0.903321
