1 0.595312 0.0015625 0.0375 0.003125 0.0010232
1 0.363281 0.0015625 0.0359375 0.003125 0.00102634
1 0.569531 0.00078125 0.0265625 0.0015625 0.00105479
1 0.403125 0.0015625 0.034375 0.003125 0.00106569
0 0.580469 0.58125 0.0359375 0.034375 0.0010678
1 0.479688 0.0015625 0.034375 0.003125 0.00108179
1 0.557031 0.0015625 0.0359375 0.003125 0.00112314
1 0.440625 0.0015625 0.034375 0.003125 0.00116856
1 0.519531 0.00078125 0.0359375 0.0015625 0.00117062
3 0.835156 0.08125 0.0171875 0.021875 0.00131468
0 0.577344 0.625781 0.0328125 0.0265625 0.00154275
0 0.573438 0.678125 0.03125 0.021875 0.00242745
0 0.584375 0.546875 0.034375 0.028125 0.00506294
0 0.575781 0.65 0.0328125 0.0375 0.00508629
0 0.574219 0.664844 0.0296875 0.0265625 0.010498
0 0.582812 0.56875 0.03125 0.021875 0.0111686
1 0.565625 0.99375 0.03125 0.009375 0.0161991
1 0.564844 0.996875 0.0296875 0.00625 0.0539107
3 0.766406 0.332812 0.0296875 0.034375 0.455612
0 0.584375 0.557031 0.03125 0.0234375 0.744771
3 0.797656 0.317969 0.0203125 0.0265625 0.840409
2 0.764844 0.333594 0.0296875 0.0359375 0.904773
