1 0.414844 0.00078125 0.0265625 0.0015625 0.00100233
0 0.539062 0.717969 0.03125 0.0234375 0.00100824
1 0.454688 0.00078125 0.028125 0.0015625 0.00103102
1 0.59375 0.0015625 0.0375 0.003125 0.00107387
1 0.364062 0.00078125 0.034375 0.0015625 0.00108341
1 0.55625 0.0015625 0.0375 0.003125 0.00120239
1 0.401563 0.0015625 0.034375 0.003125 0.00125449
1 0.517969 0.0015625 0.0359375 0.003125 0.00136685
1 0.441406 0.00078125 0.0359375 0.0015625 0.00144702
1 0.478906 0.0015625 0.0359375 0.003125 0.00150551
0 0.517187 0.582031 0.0375 0.0296875 0.00164491
3 0.805469 0.104687 0.0640625 0.0625 0.00206433
2 0.865625 0.103125 0.071875 0.1125 0.00232171
0 0.523438 0.614844 0.034375 0.0328125 0.00254901
0 0.507812 0.540625 0.040625 0.028125 0.00302593
0 0.521094 0.6 0.0328125 0.0375 0.00390782
0 0.514063 0.569531 0.0375 0.0265625 0.00578399
1 0.566406 0.99375 0.0296875 0.009375 0.0306584
3 0.2875 0.436719 0.021875 0.0328125 0.0458882
1 0.567187 0.996875 0.028125 0.00625 0.0796437
3 0.307813 0.43125 0.028125 0.03125 0.392206
0 0.509375 0.552344 0.0375 0.0265625 0.735187
3 0.278906 0.439063 0.0171875 0.028125 0.818503
2 0.308594 0.432813 0.0296875 0.03125 0.895853
