1 0.376563 0.0015625 0.03125 0.003125 0.00100634
1 0.569531 0.0015625 0.0328125 0.003125 0.00105492
1 0.453125 0.0015625 0.03125 0.003125 0.00119846
1 0.59375 0.0015625 0.040625 0.003125 0.00130574
1 0.49375 0.0015625 0.03125 0.003125 0.00130597
0 0.561719 0.992969 0.0296875 0.0140625 0.00132203
0 0.557813 0.949219 0.034375 0.0328125 0.0013498
1 0.557031 0.0015625 0.0390625 0.003125 0.00139998
1 0.339844 0.0015625 0.0296875 0.003125 0.00154
0 0.559375 0.986719 0.0375 0.0234375 0.00155883
1 0.327344 0.0015625 0.0359375 0.003125 0.00161872
1 0.517187 0.0015625 0.0375 0.003125 0.0016904
1 0.478125 0.0015625 0.0375 0.003125 0.0017083
1 0.364062 0.0015625 0.0375 0.003125 0.00183731
1 0.415625 0.0015625 0.03125 0.003125 0.00204517
1 0.439063 0.0015625 0.0375 0.003125 0.00207463
1 0.402344 0.0015625 0.0359375 0.003125 0.00215608
0 0.538281 0.814062 0.0390625 0.028125 0.00326136
1 0.557813 0.991406 0.03125 0.0140625 0.00817414
1 0.560938 0.996094 0.03125 0.0078125 0.0265281
0 0.54375 0.838281 0.034375 0.0234375 0.0303437
3 0.316406 0.723437 0.0296875 0.034375 0.475802
0 0.540625 0.825781 0.0375 0.0265625 0.756626
3 0.282813 0.733594 0.01875 0.0296875 0.784719
2 0.317187 0.724219 0.028125 0.0328125 0.873851
