1 0.378906 0.0015625 0.0296875 0.003125 0.00109267
1 0.594531 0.0015625 0.0390625 0.003125 0.00112623
1 0.3375 0.00078125 0.028125 0.0015625 0.00133984
1 0.478125 0.0015625 0.0375 0.003125 0.00143856
1 0.414844 0.0015625 0.0296875 0.003125 0.00146698
1 0.53125 0.0015625 0.03125 0.003125 0.00146785
1 0.325781 0.0015625 0.0359375 0.003125 0.00149041
1 0.555469 0.0015625 0.0390625 0.003125 0.00154785
1 0.453906 0.00078125 0.0296875 0.0015625 0.00161696
1 0.51875 0.0015625 0.0375 0.003125 0.00164704
1 0.364844 0.0015625 0.0359375 0.003125 0.00170302
1 0.402344 0.0015625 0.0359375 0.003125 0.0019591
1 0.438281 0.0015625 0.0359375 0.003125 0.00203
0 0.564062 0.824219 0.034375 0.0390625 0.00280463
0 0.5625 0.792188 0.03125 0.025 0.00506267
0 0.5625 0.767187 0.03125 0.025 0.00549203
1 0.567969 0.99375 0.0296875 0.0125 0.0067616
1 0.571094 0.996875 0.0296875 0.00625 0.0569113
3 0.459375 0.627344 0.03125 0.0328125 0.227138
0 0.5625 0.778125 0.03125 0.025 0.782366
3 0.433594 0.625 0.0171875 0.028125 0.833082
2 0.459375 0.625781 0.028125 0.0328125 0.894692
