1 0.53125 0.0015625 0.03125 0.003125 0.00104393
1 0.634375 0.0015625 0.040625 0.003125 0.0010564
1 0.492969 0.00078125 0.0296875 0.0015625 0.00108409
1 0.594531 0.0015625 0.0390625 0.003125 0.00121831
1 0.416406 0.0015625 0.0296875 0.003125 0.0012248
1 0.340625 0.0015625 0.028125 0.003125 0.00123392
1 0.453906 0.0015625 0.0296875 0.003125 0.00126477
1 0.554688 0.0015625 0.0375 0.003125 0.00127107
1 0.327344 0.0015625 0.0359375 0.003125 0.00138152
0 0.571875 0.816406 0.03125 0.0265625 0.00154242
1 0.479688 0.0015625 0.0375 0.003125 0.00156828
1 0.517187 0.0015625 0.0375 0.003125 0.00157313
1 0.56875 0.991406 0.03125 0.0140625 0.00162089
1 0.402344 0.0015625 0.0359375 0.003125 0.00163029
1 0.363281 0.0015625 0.0359375 0.003125 0.00165844
1 0.439844 0.0015625 0.0359375 0.003125 0.00183092
3 0.130469 0.0929687 0.0265625 0.0578125 0.00305118
0 0.571875 0.836719 0.03125 0.0203125 0.00757832
1 0.572656 0.996875 0.0296875 0.00625 0.0437103
3 0.594531 0.598437 0.0296875 0.03125 0.317291
3 0.6 0.577344 0.025 0.0140625 0.676298
0 0.571875 0.828906 0.03125 0.0234375 0.786036
2 0.59375 0.598437 0.03125 0.03125 0.895481
