1 0.670313 0.0015625 0.034375 0.003125 0.00109701
0 0.550781 0.547656 0.0328125 0.0265625 0.00110537
1 0.454688 0.0015625 0.028125 0.003125 0.00119893
1 0.340625 0.00078125 0.025 0.0015625 0.00121328
1 0.414844 0.00078125 0.0265625 0.0015625 0.00123283
1 0.530469 0.00078125 0.0265625 0.0015625 0.00125476
1 0.646875 0.0015625 0.028125 0.003125 0.00129308
1 0.491406 0.0015625 0.0265625 0.003125 0.00130497
1 0.633594 0.0015625 0.0359375 0.003125 0.00133731
1 0.761719 0.00078125 0.0234375 0.0015625 0.00137689
1 0.375781 0.00078125 0.0265625 0.0015625 0.00142035
1 0.570312 0.0015625 0.028125 0.003125 0.00145317
1 0.330469 0.0015625 0.0328125 0.003125 0.00146923
1 0.5875 0.0015625 0.028125 0.003125 0.00153972
1 0.400781 0.0015625 0.0328125 0.003125 0.00162704
1 0.440625 0.0015625 0.034375 0.003125 0.00172659
1 0.478125 0.0015625 0.034375 0.003125 0.00179713
0 0.552344 0.567969 0.0296875 0.0203125 0.0018146
1 0.517187 0.0015625 0.034375 0.003125 0.00185106
1 0.557031 0.0015625 0.0359375 0.003125 0.00188859
1 0.357031 0.00078125 0.0265625 0.0015625 0.00214525
0 0.554688 0.698438 0.03125 0.025 0.00220836
0 0.55625 0.680469 0.040625 0.0765625 0.00248183
3 0.554688 0.249219 0.03125 0.0140625 0.00371291
0 0.553906 0.682031 0.0296875 0.0265625 0.00422268
0 0.553906 0.644531 0.0296875 0.0265625 0.00487832
0 0.554688 0.666406 0.03125 0.0390625 0.00620986
1 0.557031 0.996875 0.0296875 0.00625 0.0682104
3 0.553125 0.285937 0.03125 0.028125 0.40436
3 0.554688 0.255469 0.028125 0.0140625 0.746283
0 0.551562 0.557031 0.03125 0.0234375 0.766286
2 0.552344 0.286719 0.0296875 0.0265625 0.860848
