1 0.634375 0.0015625 0.040625 0.003125 0.00104894
1 0.453125 0.00078125 0.028125 0.0015625 0.00105412
1 0.492188 0.00078125 0.028125 0.0015625 0.00106979
0 0.527344 0.551562 0.0453125 0.046875 0.0010738
1 0.557031 0.0015625 0.0390625 0.003125 0.00129717
1 0.415625 0.00078125 0.028125 0.0015625 0.00136019
1 0.516406 0.0015625 0.0359375 0.003125 0.00136587
1 0.364844 0.0015625 0.0359375 0.003125 0.00138212
1 0.595312 0.0015625 0.0375 0.003125 0.00142155
0 0.544531 0.694531 0.0296875 0.0234375 0.00149697
1 0.478125 0.0015625 0.0375 0.003125 0.00151668
1 0.317969 0.00078125 0.0265625 0.0015625 0.00159022
3 0.788281 0.139844 0.0296875 0.0640625 0.00174389
0 0.551562 0.815625 0.03125 0.025 0.00179139
1 0.403125 0.0015625 0.034375 0.003125 0.00184308
2 0.870313 0.103906 0.06875 0.104687 0.00184469
1 0.439844 0.0015625 0.0359375 0.003125 0.00188586
0 0.532812 0.603125 0.034375 0.04375 0.00236874
0 0.479688 0.597656 0.04375 0.0421875 0.0026803
1 0.558594 0.992969 0.0296875 0.0109375 0.0065956
0 0.53125 0.56875 0.03125 0.021875 0.0138145
0 0.539062 0.628906 0.034375 0.0265625 0.0230709
0 0.54375 0.679688 0.028125 0.025 0.0353956
0 0.539844 0.646875 0.0328125 0.025 0.0506228
1 0.555469 0.996875 0.0296875 0.00625 0.138238
3 0.433594 0.545313 0.0359375 0.034375 0.16631
0 0.541406 0.663281 0.0296875 0.0296875 0.167639
0 0.530469 0.559375 0.0328125 0.025 0.750964
3 0.421875 0.575 0.028125 0.021875 0.810466
2 0.432813 0.544531 0.034375 0.0328125 0.873199
