3 0.267969 0.791406 0.0359375 0.0703125 0.00107762
1 0.673437 0.0015625 0.040625 0.003125 0.00108639
0 0.538281 0.870313 0.0390625 0.028125 0.00120105
1 0.557031 0.0015625 0.0390625 0.003125 0.00129022
1 0.453906 0.00078125 0.0296875 0.0015625 0.00138206
1 0.596094 0.0015625 0.0390625 0.003125 0.00140153
1 0.492188 0.0015625 0.03125 0.003125 0.0014576
1 0.516406 0.0015625 0.0390625 0.003125 0.0016063
1 0.339844 0.0015625 0.0296875 0.003125 0.0016107
1 0.416406 0.0015625 0.0296875 0.003125 0.00170489
1 0.327344 0.0015625 0.0359375 0.003125 0.00182153
1 0.363281 0.0015625 0.0359375 0.003125 0.00183731
1 0.478125 0.0015625 0.0375 0.003125 0.00184052
1 0.403906 0.0015625 0.0359375 0.003125 0.00194551
1 0.439844 0.0015625 0.0359375 0.003125 0.00228883
1 0.554688 0.992969 0.03125 0.0140625 0.00277481
0 0.533594 0.855469 0.0359375 0.0359375 0.00304826
1 0.55625 0.996875 0.03125 0.00625 0.0396937
3 0.295312 0.770312 0.03125 0.03125 0.062805
3 0.30625 0.766406 0.034375 0.0328125 0.326473
0 0.529688 0.832031 0.0375 0.0234375 0.770929
3 0.276563 0.78125 0.021875 0.028125 0.782865
2 0.308594 0.764063 0.0328125 0.03125 0.881813
