0 0.575 0.640625 0.034375 0.03125 0.00113237
1 0.364844 0.0015625 0.0359375 0.003125 0.00115662
1 0.417188 0.00078125 0.028125 0.0015625 0.00116025
1 0.491406 0.0015625 0.0296875 0.003125 0.00118588
1 0.55625 0.0015625 0.0375 0.003125 0.0012579
0 0.575781 0.701563 0.0390625 0.075 0.00126002
1 0.439844 0.0015625 0.0359375 0.003125 0.00126748
1 0.479688 0.0015625 0.0375 0.003125 0.00131752
1 0.403125 0.0015625 0.034375 0.003125 0.001451
1 0.516406 0.0015625 0.0359375 0.003125 0.00154188
0 0.574219 0.676562 0.0328125 0.04375 0.00156142
1 0.570312 0.992188 0.028125 0.015625 0.00192811
0 0.576563 0.590625 0.040625 0.065625 0.00305685
0 0.578125 0.557031 0.034375 0.0296875 0.00314443
0 0.573438 0.707812 0.03125 0.028125 0.00320931
3 0.601562 0.4125 0.028125 0.021875 0.00438133
3 0.59375 0.436719 0.03125 0.0234375 0.00854508
1 0.571875 0.996875 0.028125 0.00625 0.0781881
0 0.583594 0.547656 0.0546875 0.0484375 0.112662
3 0.599219 0.422656 0.0328125 0.0328125 0.487329
2 0.6 0.420312 0.034375 0.03125 0.577042
0 0.578125 0.567969 0.03125 0.0234375 0.723937
