1 0.35625 0.00078125 0.025 0.0015625 0.00101889
1 0.607813 0.00078125 0.028125 0.0015625 0.00106576
1 0.684375 0.00078125 0.028125 0.0015625 0.00108518
1 0.532812 0.00078125 0.028125 0.0015625 0.00125675
0 0.55 0.646875 0.03125 0.025 0.00131902
1 0.672656 0.0015625 0.0359375 0.003125 0.00132334
1 0.452344 0.00078125 0.0265625 0.0015625 0.0013263
1 0.633594 0.0015625 0.0359375 0.003125 0.0013313
1 0.56875 0.00078125 0.028125 0.0015625 0.00134016
1 0.491406 0.00078125 0.0265625 0.0015625 0.00134018
1 0.363281 0.00078125 0.0328125 0.0015625 0.00143573
0 0.550781 0.671094 0.0328125 0.0296875 0.00146611
1 0.59375 0.0015625 0.034375 0.003125 0.00156447
1 0.415625 0.00078125 0.025 0.0015625 0.00160848
1 0.402344 0.0015625 0.0328125 0.003125 0.00162581
1 0.55625 0.99375 0.028125 0.0125 0.00168927
1 0.478125 0.0015625 0.034375 0.003125 0.0018265
1 0.439844 0.0015625 0.0328125 0.003125 0.00196197
1 0.51875 0.0015625 0.034375 0.003125 0.00206896
1 0.55625 0.0015625 0.034375 0.003125 0.00214477
0 0.546094 0.617969 0.0359375 0.0609375 0.00288669
0 0.547656 0.580469 0.0328125 0.0265625 0.00392859
0 0.55 0.657031 0.03125 0.0296875 0.00405135
0 0.546875 0.557031 0.03125 0.0265625 0.00644561
1 0.560156 0.996875 0.0296875 0.00625 0.0939564
3 0.617188 0.276563 0.034375 0.03125 0.45545
0 0.546875 0.566406 0.03125 0.0234375 0.752892
3 0.633594 0.246094 0.0265625 0.0171875 0.797808
2 0.617188 0.275781 0.034375 0.0296875 0.909042
