1 0.59375 0.0015625 0.0375 0.003125 0.00103711
1 0.55625 0.0015625 0.0375 0.003125 0.00112509
1 0.364844 0.0015625 0.0359375 0.003125 0.00114022
1 0.453125 0.00078125 0.028125 0.0015625 0.0012207
1 0.517187 0.0015625 0.0375 0.003125 0.00122237
1 0.477344 0.0015625 0.0359375 0.003125 0.00128444
3 0.432031 0.510156 0.0296875 0.0359375 0.00129369
0 0.525781 0.603906 0.0359375 0.0296875 0.00130589
1 0.402344 0.0015625 0.0359375 0.003125 0.00132196
2 0.872656 0.103906 0.0796875 0.123438 0.00135124
1 0.439844 0.0015625 0.0359375 0.003125 0.00151526
0 0.53125 0.635938 0.034375 0.025 0.00176321
1 0.565625 0.992188 0.03125 0.0125 0.00384335
2 0.435937 0.5125 0.03125 0.028125 0.00536368
0 0.544531 0.724219 0.0328125 0.0296875 0.00640386
0 0.532812 0.649219 0.034375 0.0359375 0.0101786
0 0.541406 0.708594 0.0328125 0.0265625 0.0127142
0 0.539062 0.696094 0.028125 0.0328125 0.0522217
1 0.567187 0.996875 0.028125 0.00625 0.0899191
3 0.442187 0.505469 0.034375 0.0359375 0.314161
0 0.528125 0.619531 0.034375 0.0265625 0.73436
3 0.427344 0.519531 0.0234375 0.0265625 0.783291
2 0.442969 0.50625 0.0328125 0.034375 0.866783
