1 0.635156 0.0015625 0.0421875 0.003125 0.00108788
1 0.376563 0.0015625 0.03125 0.003125 0.00112863
1 0.414844 0.0015625 0.0296875 0.003125 0.00114058
1 0.491406 0.00078125 0.0296875 0.0015625 0.00120594
1 0.339844 0.0015625 0.0296875 0.003125 0.00124831
1 0.594531 0.0015625 0.0390625 0.003125 0.00129077
1 0.55 0.0015625 0.03125 0.003125 0.00134674
3 0.301562 0.786719 0.028125 0.0265625 0.00137186
0 0.551562 0.944531 0.034375 0.0328125 0.00147773
0 0.533594 0.852344 0.0359375 0.0390625 0.00149028
1 0.453906 0.0015625 0.0296875 0.003125 0.00150464
1 0.51875 0.0015625 0.0375 0.003125 0.00159825
1 0.327344 0.0015625 0.0359375 0.003125 0.00160244
0 0.528125 0.816406 0.0375 0.0265625 0.00164247
1 0.477344 0.0015625 0.0390625 0.003125 0.00177115
1 0.396094 0.0015625 0.0296875 0.003125 0.0018363
0 0.555469 0.990625 0.0296875 0.015625 0.00187594
1 0.364062 0.0015625 0.0375 0.003125 0.00189525
1 0.440625 0.0015625 0.0375 0.003125 0.00195013
1 0.555469 0.992188 0.0296875 0.0125 0.00819963
1 0.55625 0.996094 0.03125 0.0078125 0.0355941
0 0.532812 0.8375 0.034375 0.021875 0.0459798
3 0.317187 0.774219 0.034375 0.0328125 0.36167
0 0.53125 0.828906 0.0375 0.0265625 0.7622
3 0.292188 0.792188 0.021875 0.025 0.83649
2 0.319531 0.771875 0.0328125 0.034375 0.915164
