1 0.404687 0.0015625 0.034375 0.003125 0.00114143
1 0.478125 0.0015625 0.0375 0.003125 0.00123227
1 0.439844 0.0015625 0.0359375 0.003125 0.00127308
1 0.554688 0.0015625 0.0375 0.003125 0.00128114
0 0.53125 0.599219 0.034375 0.0453125 0.00146241
1 0.519531 0.0015625 0.0359375 0.003125 0.00151416
3 0.36875 0.5 0.034375 0.034375 0.00156135
0 0.524219 0.536719 0.0390625 0.0265625 0.00181819
0 0.528906 0.56875 0.0328125 0.025 0.00447993
0 0.5375 0.633594 0.03125 0.0265625 0.00760163
0 0.542969 0.678125 0.0296875 0.025 0.0187569
0 0.539844 0.649219 0.0328125 0.0296875 0.050757
1 0.558594 0.994531 0.0296875 0.0078125 0.0669313
1 0.554688 0.996875 0.028125 0.00625 0.111518
0 0.540625 0.661719 0.03125 0.0296875 0.188718
3 0.378125 0.480469 0.034375 0.0359375 0.207952
0 0.527344 0.555469 0.0359375 0.0265625 0.726992
3 0.357031 0.5 0.0234375 0.025 0.810397
2 0.378906 0.479688 0.0328125 0.034375 0.90062
