1 0.338281 0.0015625 0.0296875 0.003125 0.00109601
1 0.453906 0.0015625 0.0296875 0.003125 0.00112178
1 0.595312 0.0015625 0.040625 0.003125 0.00114145
1 0.492188 0.0015625 0.03125 0.003125 0.00121376
1 0.532812 0.0015625 0.03125 0.003125 0.00123637
1 0.555469 0.0015625 0.0390625 0.003125 0.00131198
1 0.325781 0.0015625 0.0359375 0.003125 0.00148021
1 0.375781 0.0015625 0.0296875 0.003125 0.0015196
1 0.417188 0.0015625 0.03125 0.003125 0.00152498
1 0.517187 0.0015625 0.0375 0.003125 0.00176393
1 0.364062 0.0015625 0.0375 0.003125 0.00179217
1 0.478125 0.0015625 0.0375 0.003125 0.00179378
0 0.533594 0.853906 0.0359375 0.0390625 0.00187193
1 0.440625 0.0015625 0.0375 0.003125 0.00224427
1 0.403125 0.0015625 0.0375 0.003125 0.00236578
1 0.555469 0.992188 0.0296875 0.0125 0.00320288
1 0.55625 0.996875 0.03125 0.00625 0.0610818
3 0.313281 0.767187 0.0328125 0.034375 0.38406
0 0.530469 0.829687 0.0390625 0.025 0.774404
3 0.284375 0.784375 0.021875 0.025 0.821338
2 0.313281 0.767187 0.0328125 0.03125 0.881616
