0 0.0515625 0.165625 0.040625 0.090625 0.00100771
1 0.339063 0.0015625 0.028125 0.003125 0.00102948
1 0.59375 0.0015625 0.040625 0.003125 0.00121431
1 0.453906 0.0015625 0.0296875 0.003125 0.00134131
1 0.555469 0.0015625 0.0390625 0.003125 0.00144253
1 0.327344 0.0015625 0.0359375 0.003125 0.0014824
1 0.478125 0.0015625 0.0375 0.003125 0.00150177
1 0.517969 0.0015625 0.0390625 0.003125 0.00159753
1 0.400781 0.0015625 0.0359375 0.003125 0.00183482
1 0.377344 0.0015625 0.0296875 0.003125 0.00185635
1 0.440625 0.0015625 0.0375 0.003125 0.00186596
1 0.364844 0.0015625 0.0359375 0.003125 0.00212864
0 0.541406 0.771875 0.0359375 0.025 0.00388175
0 0.553906 0.851562 0.0328125 0.021875 0.009632
1 0.565625 0.99375 0.03125 0.009375 0.0125399
0 0.549219 0.83125 0.0328125 0.028125 0.0134446
0 0.552344 0.841406 0.0359375 0.0296875 0.0158131
1 0.56875 0.996875 0.028125 0.00625 0.0550022
0 0.546094 0.797656 0.0328125 0.0328125 0.0615915
3 0.35 0.682813 0.03125 0.03125 0.38367
0 0.542969 0.779688 0.0359375 0.025 0.764432
3 0.321875 0.692969 0.021875 0.0265625 0.82405
2 0.349219 0.682813 0.0296875 0.03125 0.885052
