1 0.453906 0.00078125 0.0296875 0.0015625 0.00101175
1 0.634375 0.0015625 0.040625 0.003125 0.00102434
1 0.56875 0.989844 0.034375 0.0171875 0.00103824
1 0.416406 0.0015625 0.0296875 0.003125 0.00107164
1 0.338281 0.00078125 0.0265625 0.0015625 0.00108423
1 0.492969 0.0015625 0.0296875 0.003125 0.00127261
1 0.55625 0.0015625 0.0375 0.003125 0.00129137
1 0.377344 0.0015625 0.0296875 0.003125 0.00129431
1 0.595312 0.0015625 0.0375 0.003125 0.00134196
1 0.326562 0.0015625 0.034375 0.003125 0.00156041
1 0.479688 0.0015625 0.0375 0.003125 0.00170396
1 0.516406 0.0015625 0.0359375 0.003125 0.00174695
1 0.364844 0.0015625 0.0359375 0.003125 0.00177492
1 0.439844 0.0015625 0.0359375 0.003125 0.0018456
1 0.402344 0.0015625 0.0359375 0.003125 0.00188601
2 0.874219 0.10625 0.0671875 0.09375 0.00265192
1 0.572656 0.996875 0.0296875 0.00625 0.0355252
3 0.603125 0.595312 0.03125 0.03125 0.324271
3 0.608594 0.576563 0.0265625 0.015625 0.690598
0 0.571094 0.811719 0.0296875 0.0234375 0.780261
2 0.603125 0.596094 0.03125 0.0296875 0.906884
