1 0.455469 0.00078125 0.0296875 0.0015625 0.00113149
1 0.53125 0.0015625 0.03125 0.003125 0.0011835
2 0.624219 0.585156 0.0328125 0.0265625 0.00124273
1 0.627344 0.0015625 0.0328125 0.003125 0.00126798
1 0.596094 0.0015625 0.0390625 0.003125 0.00140905
1 0.357031 0.00078125 0.0296875 0.0015625 0.00145297
1 0.555469 0.0015625 0.0390625 0.003125 0.00151501
1 0.479688 0.0015625 0.0375 0.003125 0.00158648
1 0.567187 0.990625 0.03125 0.015625 0.00163853
0 0.571094 0.817187 0.0328125 0.028125 0.0016511
1 0.327344 0.0015625 0.0359375 0.003125 0.00167204
1 0.339063 0.00078125 0.028125 0.0015625 0.00171035
1 0.517187 0.0015625 0.0375 0.003125 0.00179628
1 0.364844 0.0015625 0.0359375 0.003125 0.00201343
1 0.438281 0.0015625 0.0359375 0.003125 0.0021084
1 0.402344 0.0015625 0.0359375 0.003125 0.00216947
1 0.414844 0.0015625 0.0296875 0.003125 0.00299741
0 0.571875 0.8375 0.03125 0.021875 0.00993421
1 0.571094 0.996875 0.0296875 0.00625 0.0303709
3 0.624219 0.597656 0.0328125 0.0296875 0.298684
3 0.635938 0.576563 0.025 0.01875 0.745921
0 0.571094 0.828906 0.0296875 0.0234375 0.778621
2 0.624219 0.597656 0.0328125 0.0328125 0.89473
