1 0.319531 0.00078125 0.0265625 0.0015625 0.00107984
1 0.59375 0.0015625 0.040625 0.003125 0.00120229
1 0.557031 0.0015625 0.0390625 0.003125 0.00121985
1 0.516406 0.0015625 0.0390625 0.003125 0.00130892
1 0.339063 0.0015625 0.028125 0.003125 0.00150946
1 0.492188 0.0015625 0.03125 0.003125 0.00158296
1 0.415625 0.0015625 0.03125 0.003125 0.00158449
1 0.453906 0.0015625 0.0296875 0.003125 0.00159155
1 0.327344 0.0015625 0.0359375 0.003125 0.00168246
1 0.477344 0.0015625 0.0359375 0.003125 0.00185211
1 0.364062 0.0015625 0.0375 0.003125 0.00193206
2 0.31875 0.733594 0.028125 0.0328125 0.0019646
2 0.302344 0.749219 0.0390625 0.0390625 0.00199315
1 0.403125 0.0015625 0.0375 0.003125 0.00205394
1 0.440625 0.0015625 0.0375 0.003125 0.00231846
0 0.53125 0.816406 0.0375 0.0265625 0.00475621
1 0.560156 0.99375 0.0296875 0.0125 0.0138242
3 0.264844 0.747656 0.0203125 0.0390625 0.0179932
1 0.560938 0.996875 0.03125 0.00625 0.0411926
0 0.5375 0.8375 0.034375 0.021875 0.0426423
3 0.303125 0.741406 0.028125 0.0328125 0.173488
3 0.271875 0.750781 0.01875 0.0296875 0.690601
0 0.535156 0.828125 0.0359375 0.025 0.758287
2 0.304688 0.739062 0.028125 0.034375 0.908727
