1 0.555469 0.00078125 0.0359375 0.0015625 0.00102107
1 0.478906 0.00078125 0.0359375 0.0015625 0.00102734
1 0.517969 0.00078125 0.0359375 0.0015625 0.00104469
0 0.549219 0.655469 0.0359375 0.0359375 0.00113798
0 0.542188 0.630469 0.046875 0.0484375 0.0012822
0 0.54375 0.610937 0.034375 0.028125 0.00130994
0 0.546094 0.635938 0.0328125 0.028125 0.0019892
0 0.545313 0.623438 0.03125 0.025 0.00332764
2 0.867188 0.101562 0.0625 0.1 0.00522772
1 0.560156 0.99375 0.0328125 0.009375 0.0139213
1 0.558594 0.996875 0.0296875 0.00625 0.0380943
3 0.332031 0.379687 0.0421875 0.034375 0.127248
3 0.345313 0.380469 0.025 0.0328125 0.297238
0 0.5375 0.553125 0.034375 0.025 0.762976
3 0.3125 0.378125 0.0125 0.03125 0.825242
2 0.344531 0.380469 0.0265625 0.0328125 0.858545
