1 0.59375 0.0015625 0.0375 0.003125 0.00102766
1 0.439844 0.00078125 0.0359375 0.0015625 0.0012095
1 0.479688 0.0015625 0.0375 0.003125 0.00121691
1 0.555469 0.0015625 0.0359375 0.003125 0.00122295
1 0.403125 0.0015625 0.034375 0.003125 0.00124876
0 0.539844 0.698438 0.0328125 0.025 0.00138234
1 0.517969 0.0015625 0.0359375 0.003125 0.0013873
2 0.866406 0.101562 0.0734375 0.115625 0.00153898
0 0.5375 0.6875 0.03125 0.025 0.00153925
0 0.516406 0.566406 0.0359375 0.0328125 0.00475685
0 0.509375 0.535937 0.040625 0.025 0.00488954
1 0.565625 0.99375 0.03125 0.009375 0.0388957
3 0.296875 0.424219 0.028125 0.0328125 0.0717822
1 0.567187 0.996875 0.028125 0.00625 0.0853176
3 0.285156 0.428125 0.0421875 0.040625 0.0920251
2 0.284375 0.428125 0.04375 0.0375 0.0939386
3 0.261719 0.43125 0.0171875 0.028125 0.76827
0 0.5125 0.545313 0.0375 0.025 0.769162
2 0.296875 0.423438 0.028125 0.03125 0.907352
