1 0.571875 0.0015625 0.034375 0.003125 0.00112393
1 0.53125 0.0015625 0.03125 0.003125 0.00121622
0 0.566406 0.867188 0.0328125 0.028125 0.00124123
1 0.588281 0.0015625 0.0328125 0.003125 0.00125261
1 0.414844 0.0015625 0.0296875 0.003125 0.00134596
1 0.339063 0.0015625 0.028125 0.003125 0.00144041
1 0.377344 0.00078125 0.0296875 0.0015625 0.001443
1 0.478125 0.0015625 0.0375 0.003125 0.00150464
1 0.557031 0.0015625 0.0390625 0.003125 0.00150689
2 0.463281 0.6375 0.0296875 0.046875 0.00156494
1 0.51875 0.0015625 0.0375 0.003125 0.00164446
1 0.327344 0.0015625 0.0359375 0.003125 0.00167039
1 0.454688 0.0015625 0.03125 0.003125 0.0016816
1 0.401563 0.0015625 0.0375 0.003125 0.00190377
1 0.440625 0.0015625 0.0375 0.003125 0.00198051
0 0.564844 0.854688 0.0328125 0.028125 0.00198294
1 0.364844 0.0015625 0.0359375 0.003125 0.00213349
0 0.564062 0.828906 0.0375 0.0359375 0.00338256
1 0.567187 0.992969 0.03125 0.0140625 0.00418863
0 0.5625 0.792188 0.03125 0.025 0.00779751
0 0.561719 0.767969 0.0328125 0.0234375 0.00798606
1 0.571094 0.996875 0.0296875 0.00625 0.0360961
3 0.45625 0.640625 0.028125 0.03125 0.330971
0 0.5625 0.778125 0.03125 0.025 0.763804
3 0.434375 0.646094 0.01875 0.0265625 0.786352
2 0.457031 0.641406 0.0296875 0.0296875 0.880358
