0 0.540625 0.703125 0.03125 0.025 0.00101265
1 0.5875 0.00078125 0.028125 0.0015625 0.00103855
1 0.478906 0.0015625 0.0359375 0.003125 0.00106711
1 0.403125 0.00078125 0.034375 0.0015625 0.00117804
1 0.517969 0.0015625 0.0359375 0.003125 0.00119717
1 0.557031 0.0015625 0.0359375 0.003125 0.0012127
1 0.414844 0.00078125 0.0265625 0.0015625 0.00121909
1 0.439844 0.00078125 0.0359375 0.0015625 0.0013645
0 0.536719 0.653906 0.0359375 0.0328125 0.00152955
2 0.863281 0.103125 0.0734375 0.103125 0.0026739
0 0.53125 0.626562 0.034375 0.034375 0.00318822
0 0.532812 0.639063 0.0375 0.028125 0.00426625
0 0.5125 0.546094 0.040625 0.0265625 0.00429514
1 0.564844 0.992969 0.0296875 0.0109375 0.00472649
0 0.528906 0.607031 0.0296875 0.0359375 0.00590979
0 0.520312 0.56875 0.034375 0.025 0.00602043
1 0.565625 0.996875 0.028125 0.00625 0.123104
0 0.517187 0.558594 0.0375 0.0265625 0.769709
3 0.253125 0.43125 0.0125 0.03125 0.809308
2 0.289062 0.428125 0.025 0.03125 0.885778
