1 0.608594 0.0015625 0.0328125 0.003125 0.00104418
1 0.338281 0.00078125 0.0265625 0.0015625 0.00117246
1 0.454688 0.0015625 0.03125 0.003125 0.0011746
1 0.594531 0.0015625 0.0390625 0.003125 0.00122254
1 0.555469 0.0015625 0.0390625 0.003125 0.00134553
1 0.492969 0.0015625 0.0296875 0.003125 0.00136543
1 0.325 0.0015625 0.034375 0.003125 0.00140321
1 0.414844 0.00078125 0.0296875 0.0015625 0.00160387
1 0.364844 0.0015625 0.0359375 0.003125 0.00165522
1 0.516406 0.0015625 0.0359375 0.003125 0.00172505
1 0.479688 0.0015625 0.0375 0.003125 0.00173156
1 0.439844 0.0015625 0.0359375 0.003125 0.00194723
1 0.402344 0.0015625 0.0359375 0.003125 0.00207822
0 0.574219 0.816406 0.0328125 0.0265625 0.00406949
0 0.574219 0.8375 0.0328125 0.021875 0.0041359
1 0.56875 0.992969 0.03125 0.0109375 0.00461366
1 0.570312 0.996875 0.028125 0.00625 0.0591384
3 0.673437 0.595312 0.03125 0.034375 0.318959
3 0.691406 0.576563 0.0234375 0.021875 0.653882
0 0.574219 0.827344 0.0296875 0.0234375 0.748623
2 0.671094 0.596094 0.0328125 0.0328125 0.839878
