1 0.594531 0.0015625 0.0390625 0.003125 0.00107923
1 0.319531 0.00078125 0.0265625 0.0015625 0.00112386
1 0.416406 0.0015625 0.0296875 0.003125 0.00112667
0 0.560938 0.855469 0.034375 0.0296875 0.001256
1 0.555469 0.0015625 0.0390625 0.003125 0.00128546
1 0.339063 0.00078125 0.028125 0.0015625 0.0014543
1 0.517187 0.0015625 0.0375 0.003125 0.00146496
1 0.403906 0.0015625 0.0359375 0.003125 0.00159538
1 0.478125 0.0015625 0.0375 0.003125 0.00162213
1 0.357031 0.0015625 0.0296875 0.003125 0.00170394
1 0.453906 0.0015625 0.0296875 0.003125 0.00172195
1 0.326562 0.0015625 0.034375 0.003125 0.00174824
0 0.55625 0.80625 0.034375 0.028125 0.00195858
1 0.441406 0.0015625 0.0359375 0.003125 0.00204028
0 0.561719 0.83125 0.0328125 0.028125 0.00223991
1 0.567187 0.992188 0.03125 0.0125 0.00347351
3 0.397656 0.621094 0.0296875 0.0328125 0.0382025
1 0.571094 0.996875 0.0296875 0.00625 0.0432148
0 0.560156 0.814062 0.0328125 0.025 0.743441
3 0.36875 0.611719 0.01875 0.0265625 0.842286
2 0.397656 0.621094 0.0296875 0.0328125 0.890355
