3 0.0625 0.170312 0.078125 0.103125 0.00101756
1 0.49375 0.0015625 0.03125 0.003125 0.0011375
1 0.378125 0.0015625 0.03125 0.003125 0.0011862
1 0.594531 0.0015625 0.0390625 0.003125 0.00121622
1 0.555469 0.0015625 0.0390625 0.003125 0.00140315
1 0.415625 0.0015625 0.03125 0.003125 0.00144667
1 0.453906 0.0015625 0.0296875 0.003125 0.00145695
1 0.339063 0.00078125 0.028125 0.0015625 0.00156513
1 0.478906 0.0015625 0.0390625 0.003125 0.0015884
1 0.327344 0.0015625 0.0359375 0.003125 0.00164377
1 0.517187 0.0015625 0.0375 0.003125 0.00165235
1 0.364062 0.0015625 0.0375 0.003125 0.00173885
0 0.533594 0.853906 0.0359375 0.0359375 0.00191818
1 0.402344 0.0015625 0.0359375 0.003125 0.00195573
1 0.439844 0.0015625 0.0359375 0.003125 0.00197623
0 0.0515625 0.164844 0.040625 0.0859375 0.00206318
1 0.55625 0.996094 0.03125 0.0078125 0.0694869
2 0.302344 0.780469 0.0484375 0.0328125 0.0906286
3 0.302344 0.779688 0.0484375 0.0375 0.156662
3 0.289062 0.788281 0.021875 0.0265625 0.728775
0 0.530469 0.83125 0.0359375 0.025 0.779958
2 0.316406 0.769531 0.0328125 0.0328125 0.927587
