0 0.558594 0.927344 0.0328125 0.0265625 0.00104693
1 0.571875 0.0015625 0.034375 0.003125 0.00107796
1 0.339844 0.0015625 0.0296875 0.003125 0.00132334
1 0.5875 0.0015625 0.034375 0.003125 0.00144477
1 0.492188 0.0015625 0.03125 0.003125 0.001447
0 0.557031 0.917188 0.0328125 0.025 0.00145583
1 0.327344 0.0015625 0.0359375 0.003125 0.00152566
1 0.557813 0.0015625 0.040625 0.003125 0.00157449
1 0.363281 0.0015625 0.0359375 0.003125 0.00161921
1 0.416406 0.0015625 0.0296875 0.003125 0.00162099
1 0.516406 0.0015625 0.0390625 0.003125 0.00165884
1 0.478906 0.0015625 0.0390625 0.003125 0.0017802
1 0.403125 0.0015625 0.0375 0.003125 0.0018475
1 0.439844 0.0015625 0.0359375 0.003125 0.00201787
0 0.538281 0.801562 0.0421875 0.0375 0.0026211
0 0.545313 0.832031 0.0375 0.0328125 0.00283465
1 0.564062 0.992188 0.03125 0.0125 0.0130872
1 0.566406 0.996875 0.0296875 0.00625 0.067876
3 0.311719 0.700781 0.0265625 0.0296875 0.431367
0 0.542188 0.814062 0.0375 0.025 0.76461
3 0.280469 0.709375 0.0171875 0.028125 0.826454
2 0.311719 0.701563 0.0265625 0.03125 0.867525
