1 0.31875 0.00078125 0.025 0.0015625 0.00100301
0 0.539844 0.545313 0.0328125 0.028125 0.00101233
0 0.545313 0.632812 0.028125 0.053125 0.00105771
1 0.453125 0.00078125 0.028125 0.0015625 0.00106334
1 0.530469 0.00078125 0.0265625 0.0015625 0.00115365
1 0.375781 0.00078125 0.0265625 0.0015625 0.00116178
1 0.492188 0.00078125 0.028125 0.0015625 0.00116198
1 0.326562 0.0015625 0.034375 0.003125 0.00116755
1 0.673437 0.0015625 0.034375 0.003125 0.00122098
1 0.634375 0.0015625 0.034375 0.003125 0.00124412
0 0.552344 0.794531 0.0296875 0.0234375 0.00143881
1 0.59375 0.0015625 0.034375 0.003125 0.00152144
1 0.365625 0.0015625 0.034375 0.003125 0.00154131
1 0.479688 0.0015625 0.034375 0.003125 0.00155174
0 0.551562 0.779688 0.03125 0.025 0.00157753
1 0.570312 0.0015625 0.028125 0.003125 0.00163713
1 0.439844 0.0015625 0.0359375 0.003125 0.00166207
0 0.546875 0.665625 0.03125 0.028125 0.00166654
1 0.416406 0.00078125 0.0265625 0.0015625 0.00167667
1 0.557031 0.0015625 0.0359375 0.003125 0.00172153
1 0.517187 0.0015625 0.034375 0.003125 0.00182599
1 0.403125 0.0015625 0.034375 0.003125 0.00184676
1 0.558594 0.99375 0.0296875 0.0125 0.00259608
0 0.541406 0.567969 0.0296875 0.0234375 0.00860215
1 0.557031 0.996875 0.0296875 0.00625 0.0583173
3 0.525 0.280469 0.03125 0.0265625 0.478668
3 0.523438 0.249219 0.028125 0.0140625 0.757111
0 0.540625 0.555469 0.03125 0.0234375 0.757878
2 0.525 0.280469 0.028125 0.0296875 0.887427
