0 0.55625 0.803125 0.04375 0.05625 0.00100885
1 0.2875 0.0015625 0.0375 0.003125 0.00103312
1 0.607813 0.0015625 0.034375 0.003125 0.00105558
2 0.0609375 0.16875 0.0875 0.128125 0.00107458
0 0.546875 0.810156 0.0375 0.0265625 0.0011369
1 0.454688 0.0015625 0.03125 0.003125 0.00115501
1 0.557813 0.0015625 0.040625 0.003125 0.00119645
1 0.595312 0.0015625 0.040625 0.003125 0.0012037
1 0.338281 0.0015625 0.0296875 0.003125 0.00137025
0 0.550781 0.8375 0.0328125 0.025 0.00140403
1 0.517969 0.0015625 0.0390625 0.003125 0.00141295
1 0.414844 0.0015625 0.0296875 0.003125 0.00142541
1 0.478125 0.0015625 0.0375 0.003125 0.0016341
1 0.325 0.0015625 0.034375 0.003125 0.00164801
1 0.364844 0.0015625 0.0359375 0.003125 0.00168962
1 0.439844 0.0015625 0.0359375 0.003125 0.00178254
1 0.396094 0.0015625 0.0296875 0.003125 0.00206379
2 0.310156 0.674219 0.0203125 0.0296875 0.00219709
3 0.310156 0.674219 0.0203125 0.0296875 0.00283718
1 0.564062 0.992969 0.03125 0.0109375 0.0138129
3 0.330469 0.675781 0.0234375 0.0296875 0.0149175
1 0.564844 0.996875 0.0296875 0.00625 0.0615977
0 0.549219 0.823438 0.0328125 0.025 0.769738
3 0.295312 0.675781 0.0125 0.0296875 0.779187
2 0.329688 0.675781 0.025 0.0296875 0.875249
