1 0.594531 0.0015625 0.0390625 0.003125 0.00101193
1 0.635938 0.0015625 0.040625 0.003125 0.00101528
3 0.839844 0.990625 0.0359375 0.01875 0.00105074
1 0.492969 0.0015625 0.0296875 0.003125 0.00107882
1 0.416406 0.0015625 0.0296875 0.003125 0.00114079
3 0.839063 0.996094 0.01875 0.0078125 0.00114336
1 0.454688 0.0015625 0.03125 0.003125 0.00114643
1 0.53125 0.0015625 0.03125 0.003125 0.00123608
1 0.377344 0.0015625 0.0296875 0.003125 0.00124335
1 0.555469 0.0015625 0.0390625 0.003125 0.00128545
1 0.3375 0.00078125 0.028125 0.0015625 0.00133418
1 0.326562 0.0015625 0.034375 0.003125 0.00151054
1 0.479688 0.0015625 0.0375 0.003125 0.00170836
1 0.364062 0.0015625 0.0375 0.003125 0.00173808
1 0.517187 0.0015625 0.0375 0.003125 0.00175691
0 0.574219 0.816406 0.0328125 0.0265625 0.00177831
1 0.402344 0.0015625 0.0359375 0.003125 0.00178261
1 0.441406 0.0015625 0.0359375 0.003125 0.00180886
0 0.575 0.838281 0.03125 0.0265625 0.00265939
1 0.571094 0.996875 0.0296875 0.00625 0.0238907
3 0.647656 0.597656 0.0328125 0.0328125 0.242489
0 0.573438 0.828906 0.03125 0.0234375 0.767769
3 0.663281 0.576563 0.0234375 0.021875 0.836048
2 0.647656 0.596875 0.0328125 0.034375 0.907427
