1 0.635156 0.0015625 0.0359375 0.003125 0.0010018
1 0.596094 0.00078125 0.0359375 0.0015625 0.00100431
0 0.573438 0.625 0.034375 0.03125 0.00105007
1 0.555469 0.00078125 0.0359375 0.0015625 0.00113659
1 0.441406 0.00078125 0.0359375 0.0015625 0.00115268
2 0.878906 0.0976562 0.0734375 0.126563 0.00130213
1 0.480469 0.0015625 0.0359375 0.003125 0.00142488
1 0.490625 0.00078125 0.028125 0.0015625 0.00156058
1 0.515625 0.00078125 0.034375 0.0015625 0.00157187
0 0.572656 0.638281 0.0453125 0.0453125 0.00168272
0 0.572656 0.647656 0.0328125 0.0296875 0.00252597
0 0.577344 0.546875 0.0328125 0.028125 0.00269114
0 0.575781 0.56875 0.0328125 0.021875 0.00322936
0 0.571875 0.661719 0.03125 0.0234375 0.00393108
1 0.569531 0.992188 0.0296875 0.0125 0.00431589
1 0.570312 0.996875 0.028125 0.00625 0.104595
3 0.679688 0.324219 0.03125 0.0328125 0.433255
0 0.576563 0.557813 0.03125 0.025 0.747631
3 0.698438 0.304688 0.021875 0.021875 0.806045
2 0.678125 0.324219 0.03125 0.0328125 0.878924
