1 0.395312 0.00078125 0.025 0.0015625 0.00116707
1 0.594531 0.0015625 0.0359375 0.003125 0.00116933
1 0.555469 0.0015625 0.0359375 0.003125 0.00132018
1 0.51875 0.0015625 0.034375 0.003125 0.00134328
1 0.477344 0.00078125 0.0359375 0.0015625 0.00148009
1 0.440625 0.00078125 0.034375 0.0015625 0.00157305
1 0.453906 0.00078125 0.0265625 0.0015625 0.00172564
0 0.517187 0.611719 0.0375 0.0421875 0.00193244
0 0.521875 0.6375 0.034375 0.025 0.00261492
0 0.520312 0.628906 0.034375 0.0234375 0.00337368
2 0.866406 0.103125 0.0671875 0.1 0.0035597
0 0.505469 0.554688 0.0359375 0.021875 0.00387726
0 0.496094 0.535156 0.0421875 0.0296875 0.00704455
1 0.560938 0.992188 0.0375 0.0125 0.00769093
0 0.507812 0.566406 0.0375 0.0359375 0.0105641
1 0.561719 0.996094 0.0296875 0.0078125 0.0362963
3 0.271875 0.434375 0.025 0.03125 0.446552
0 0.502344 0.545313 0.0390625 0.025 0.758905
3 0.239063 0.442969 0.01875 0.0296875 0.840418
2 0.272656 0.435937 0.0265625 0.03125 0.870612
