1 0.453125 0.00078125 0.028125 0.0015625 0.00101645
1 0.59375 0.0015625 0.0375 0.003125 0.0010263
1 0.55625 0.0015625 0.0375 0.003125 0.00112099
1 0.51875 0.0015625 0.0375 0.003125 0.00114456
1 0.364844 0.0015625 0.0359375 0.003125 0.0011479
0 0.542188 0.734375 0.03125 0.025 0.00117382
1 0.478125 0.0015625 0.0375 0.003125 0.00120717
1 0.414844 0.0015625 0.0265625 0.003125 0.00123152
2 0.869531 0.103125 0.0765625 0.11875 0.00138947
1 0.438281 0.0015625 0.0359375 0.003125 0.00143606
1 0.401563 0.0015625 0.034375 0.003125 0.0014784
3 0.43125 0.510938 0.03125 0.034375 0.00152728
0 0.525 0.603906 0.0375 0.0296875 0.00218909
0 0.533594 0.688281 0.0328125 0.0421875 0.00373291
0 0.53125 0.649219 0.034375 0.0390625 0.00496455
1 0.564844 0.992188 0.0296875 0.0125 0.0050626
0 0.542969 0.724219 0.0328125 0.0265625 0.0080114
0 0.539062 0.709375 0.03125 0.028125 0.0214192
1 0.565625 0.996875 0.028125 0.00625 0.103772
3 0.440625 0.505469 0.034375 0.0359375 0.313295
0 0.526563 0.61875 0.034375 0.028125 0.73079
3 0.427344 0.519531 0.0234375 0.0265625 0.794131
2 0.442187 0.50625 0.03125 0.034375 0.868208
