1 0.453906 0.00078125 0.0265625 0.0015625 0.00105273
0 0.549219 0.689062 0.0359375 0.034375 0.0011601
1 0.365625 0.00078125 0.034375 0.0015625 0.00118999
1 0.671875 0.0015625 0.034375 0.003125 0.00122002
1 0.646875 0.00078125 0.028125 0.0015625 0.00124819
0 0.551562 0.660937 0.040625 0.053125 0.00137993
1 0.56875 0.00078125 0.028125 0.0015625 0.00141669
1 0.635156 0.0015625 0.0359375 0.003125 0.00143127
1 0.532812 0.00078125 0.028125 0.0015625 0.00146896
1 0.59375 0.0015625 0.034375 0.003125 0.00148581
1 0.491406 0.00078125 0.0265625 0.0015625 0.00153855
0 0.545313 0.544531 0.03125 0.0296875 0.00161067
0 0.54375 0.626562 0.0375 0.065625 0.0017097
1 0.478125 0.0015625 0.034375 0.003125 0.00179791
0 0.549219 0.675 0.0328125 0.028125 0.00180394
1 0.414844 0.00078125 0.0265625 0.0015625 0.00185839
1 0.403906 0.0015625 0.0328125 0.003125 0.00189003
1 0.439063 0.0015625 0.034375 0.003125 0.00208342
1 0.51875 0.0015625 0.034375 0.003125 0.00211424
1 0.55625 0.0015625 0.034375 0.003125 0.00211753
0 0.545313 0.578906 0.03125 0.0265625 0.00356489
1 0.560156 0.992969 0.0296875 0.0140625 0.00473893
1 0.559375 0.996875 0.03125 0.00625 0.0923416
3 0.611719 0.275781 0.0328125 0.0296875 0.410679
0 0.544531 0.564062 0.0296875 0.025 0.735567
3 0.627344 0.244531 0.0265625 0.0171875 0.79361
2 0.611719 0.275781 0.0328125 0.0296875 0.892674
