1 0.375781 0.00078125 0.0265625 0.0015625 0.00103394
1 0.634375 0.0015625 0.0375 0.003125 0.00106862
1 0.324219 0.00078125 0.0328125 0.0015625 0.00107611
0 0.575781 0.613281 0.0515625 0.0515625 0.00112068
1 0.570312 0.00078125 0.028125 0.0015625 0.00116759
1 0.453125 0.00078125 0.028125 0.0015625 0.00128123
1 0.365625 0.0015625 0.034375 0.003125 0.00131567
3 0.832812 0.0859375 0.01875 0.015625 0.00133498
1 0.557031 0.0015625 0.0359375 0.003125 0.00141163
1 0.592969 0.0015625 0.0359375 0.003125 0.00143884
1 0.492188 0.00078125 0.028125 0.0015625 0.00150524
1 0.515625 0.0015625 0.034375 0.003125 0.0015163
2 0.880469 0.0992187 0.0703125 0.114063 0.00151914
1 0.402344 0.0015625 0.0328125 0.003125 0.00173064
1 0.442187 0.0015625 0.034375 0.003125 0.00175668
0 0.574219 0.666406 0.0296875 0.0359375 0.00177407
1 0.479688 0.0015625 0.034375 0.003125 0.00184892
1 0.566406 0.99375 0.0296875 0.009375 0.00301546
3 0.589063 0.395312 0.03125 0.028125 0.00453206
0 0.577344 0.554688 0.0328125 0.025 0.00582433
1 0.570312 0.996875 0.028125 0.00625 0.100807
3 0.589844 0.380469 0.0328125 0.0359375 0.350032
2 0.588281 0.384375 0.0328125 0.03125 0.445734
3 0.589844 0.36875 0.0265625 0.01875 0.585468
0 0.578906 0.564062 0.0296875 0.025 0.739509
