1 0.377344 0.0015625 0.0296875 0.003125 0.00106187
1 0.595312 0.0015625 0.040625 0.003125 0.00113194
0 0.05 0.163281 0.059375 0.0546875 0.0011344
0 0.517969 0.803125 0.0421875 0.046875 0.00113538
3 0.327344 0.841406 0.0484375 0.0484375 0.00116134
1 0.555469 0.0015625 0.0390625 0.003125 0.00122593
1 0.453906 0.0015625 0.0296875 0.003125 0.00134287
1 0.517187 0.0015625 0.0375 0.003125 0.00153906
1 0.415625 0.0015625 0.03125 0.003125 0.00161157
1 0.326562 0.0015625 0.034375 0.003125 0.00162724
1 0.478906 0.0015625 0.0390625 0.003125 0.00163762
1 0.364062 0.0015625 0.0375 0.003125 0.00183633
1 0.339844 0.0015625 0.0296875 0.003125 0.00188803
1 0.403125 0.0015625 0.0375 0.003125 0.00193151
1 0.439063 0.0015625 0.0375 0.003125 0.00201594
0 0.0617188 0.167969 0.0796875 0.101562 0.00203507
0 0.544531 0.942187 0.0328125 0.025 0.00239663
1 0.55 0.980469 0.034375 0.0265625 0.00328435
0 0.55 0.979688 0.03125 0.028125 0.00346713
0 0.539844 0.905469 0.0359375 0.0328125 0.00348183
0 0.540625 0.917969 0.034375 0.0234375 0.00534657
0 0.526563 0.840625 0.0375 0.028125 0.00758899
0 0.544531 0.930469 0.0296875 0.0265625 0.0140335
1 0.551562 0.996094 0.03125 0.0078125 0.02814
0 0.523438 0.828906 0.0375 0.0234375 0.0563366
3 0.339063 0.8125 0.034375 0.03125 0.0595216
0 0.522656 0.819531 0.0390625 0.0234375 0.735921
3 0.321875 0.835156 0.025 0.0234375 0.83798
2 0.342187 0.805469 0.034375 0.0328125 0.891089
