1 0.632812 0.0015625 0.0375 0.003125 0.00101512
1 0.490625 0.00078125 0.028125 0.0015625 0.00106815
1 0.607813 0.00078125 0.028125 0.0015625 0.00110158
0 0.56875 0.601562 0.040625 0.065625 0.00113527
1 0.403125 0.0015625 0.034375 0.003125 0.00119418
1 0.595312 0.0015625 0.0375 0.003125 0.00120867
1 0.555469 0.0015625 0.0359375 0.003125 0.00139085
1 0.53125 0.00078125 0.028125 0.0015625 0.00141647
0 0.570312 0.642187 0.034375 0.03125 0.00146105
1 0.442187 0.0015625 0.034375 0.003125 0.00148133
1 0.478906 0.0015625 0.0359375 0.003125 0.00151233
0 0.574219 0.551562 0.0328125 0.0375 0.00151757
0 0.569531 0.659375 0.0328125 0.03125 0.00158769
1 0.517187 0.0015625 0.034375 0.003125 0.00183264
1 0.567969 0.992969 0.0296875 0.0140625 0.0035873
0 0.572656 0.575 0.0328125 0.028125 0.00412047
1 0.56875 0.996875 0.028125 0.00625 0.084535
3 0.598437 0.379687 0.034375 0.03125 0.321733
3 0.601562 0.369531 0.028125 0.0203125 0.580292
0 0.572656 0.563281 0.0328125 0.0234375 0.737996
2 0.598437 0.382031 0.03125 0.0328125 0.761906
