1 0.53125 0.00078125 0.028125 0.0015625 0.00110118
1 0.403125 0.0015625 0.034375 0.003125 0.00113217
1 0.364062 0.0015625 0.034375 0.003125 0.00113461
1 0.59375 0.0015625 0.0375 0.003125 0.00114655
1 0.55625 0.0015625 0.0375 0.003125 0.00127608
1 0.489062 0.00078125 0.028125 0.0015625 0.00139136
1 0.516406 0.0015625 0.0359375 0.003125 0.00141133
0 0.571094 0.675781 0.0390625 0.0671875 0.00151251
1 0.442969 0.0015625 0.0359375 0.003125 0.00152923
1 0.474219 0.00078125 0.0296875 0.0015625 0.00167036
3 0.595312 0.450781 0.04375 0.0734375 0.00204184
0 0.571094 0.673437 0.0328125 0.03125 0.00216502
0 0.574219 0.627344 0.0328125 0.0265625 0.00251078
0 0.573438 0.60625 0.040625 0.065625 0.00286207
0 0.575781 0.55625 0.0328125 0.028125 0.00458062
0 0.572656 0.657031 0.0328125 0.0296875 0.00529092
0 0.573438 0.642187 0.034375 0.03125 0.00649971
2 0.872656 0.0992187 0.0578125 0.0859375 0.00677883
1 0.567969 0.992969 0.0328125 0.0140625 0.0075553
1 0.570312 0.996875 0.028125 0.00625 0.0487938
3 0.61875 0.417188 0.021875 0.025 0.128833
3 0.608594 0.421094 0.0328125 0.0328125 0.387508
2 0.608594 0.421094 0.0328125 0.0328125 0.736412
0 0.576563 0.565625 0.03125 0.025 0.771523
