1 0.414062 0.00078125 0.025 0.0015625 0.00100506
1 0.492188 0.00078125 0.028125 0.0015625 0.00102743
0 0.574219 0.641406 0.0328125 0.0296875 0.00103024
1 0.646094 0.00078125 0.0265625 0.0015625 0.00104068
1 0.366406 0.0015625 0.0328125 0.003125 0.00114313
1 0.53125 0.00078125 0.028125 0.0015625 0.00115528
0 0.573438 0.620313 0.046875 0.05 0.00122792
1 0.635156 0.0015625 0.0359375 0.003125 0.0012994
1 0.440625 0.0015625 0.034375 0.003125 0.00134992
1 0.596094 0.0015625 0.0359375 0.003125 0.0013873
1 0.554688 0.0015625 0.034375 0.003125 0.00139445
1 0.401563 0.0015625 0.034375 0.003125 0.00142084
0 0.575781 0.56875 0.0328125 0.021875 0.00144671
1 0.479688 0.0015625 0.034375 0.003125 0.00153801
0 0.574219 0.6625 0.0296875 0.0375 0.00155683
1 0.517187 0.0015625 0.034375 0.003125 0.00174136
0 0.575 0.630469 0.028125 0.0390625 0.00206464
1 0.569531 0.99375 0.0296875 0.0125 0.0087611
0 0.574219 0.546875 0.0328125 0.025 0.0134497
1 0.571875 0.996875 0.028125 0.00625 0.0604538
3 0.525 0.317969 0.034375 0.0296875 0.467938
0 0.575781 0.555469 0.0296875 0.0234375 0.755026
3 0.515625 0.296875 0.028125 0.01875 0.795639
2 0.525 0.31875 0.034375 0.028125 0.881789
