1 0.365625 0.00078125 0.034375 0.0015625 0.00109808
1 0.439844 0.00078125 0.0359375 0.0015625 0.00114932
1 0.394531 0.00078125 0.0265625 0.0015625 0.00117828
1 0.478906 0.00078125 0.0359375 0.0015625 0.00120001
1 0.532812 0.00078125 0.028125 0.0015625 0.00120456
1 0.553906 0.0015625 0.0359375 0.003125 0.00137896
1 0.519531 0.0015625 0.0359375 0.003125 0.00146834
0 0.492969 0.525781 0.0421875 0.0296875 0.0016046
0 0.517187 0.630469 0.034375 0.0234375 0.00167803
2 0.867969 0.101562 0.0703125 0.109375 0.00204428
0 0.514063 0.607813 0.0375 0.04375 0.00268019
2 0.271875 0.444531 0.046875 0.0328125 0.00270507
0 0.505469 0.535937 0.0515625 0.046875 0.00324451
0 0.51875 0.641406 0.034375 0.0234375 0.00368236
3 0.223438 0.440625 0.015625 0.04375 0.00392036
0 0.505469 0.567969 0.0390625 0.0484375 0.00457276
1 0.561719 0.992969 0.0359375 0.0109375 0.0157324
0 0.501562 0.551562 0.0375 0.025 0.0342405
1 0.5625 0.996875 0.03125 0.00625 0.0517514
3 0.264844 0.4375 0.0359375 0.034375 0.221613
0 0.497656 0.542969 0.0390625 0.0265625 0.728477
3 0.232031 0.446875 0.0171875 0.028125 0.737276
2 0.267188 0.438281 0.028125 0.0328125 0.866508
