1 0.289062 0.0015625 0.0375 0.003125 0.00105579
1 0.453906 0.0015625 0.0296875 0.003125 0.00108478
1 0.377344 0.0015625 0.0296875 0.003125 0.00119174
1 0.492188 0.0015625 0.03125 0.003125 0.0012049
1 0.595312 0.0015625 0.040625 0.003125 0.00125035
1 0.557031 0.0015625 0.0390625 0.003125 0.00128498
0 0.541406 0.796875 0.0453125 0.05 0.00138689
1 0.338281 0.0015625 0.0296875 0.003125 0.00140478
1 0.478125 0.0015625 0.0375 0.003125 0.00153594
1 0.517187 0.0015625 0.0375 0.003125 0.00162924
1 0.326562 0.0015625 0.034375 0.003125 0.00163629
1 0.364062 0.0015625 0.0375 0.003125 0.00174935
0 0.546094 0.832812 0.0359375 0.03125 0.00179883
1 0.415625 0.0015625 0.03125 0.003125 0.00186271
1 0.439063 0.0015625 0.0375 0.003125 0.00190288
1 0.402344 0.0015625 0.0359375 0.003125 0.00217001
1 0.559375 0.990625 0.034375 0.015625 0.00421103
1 0.564062 0.995313 0.028125 0.009375 0.0322269
3 0.320312 0.685156 0.025 0.0328125 0.377292
0 0.542969 0.814062 0.0359375 0.025 0.777828
3 0.288281 0.6875 0.0140625 0.028125 0.797446
2 0.321875 0.684375 0.025 0.03125 0.893276
