1 0.454688 0.0015625 0.028125 0.003125 0.00101904
1 0.375781 0.00078125 0.0265625 0.0015625 0.00102115
1 0.686719 0.0015625 0.0265625 0.003125 0.0010254
0 0.534375 0.678125 0.03125 0.040625 0.00103216
0 0.0507812 0.120312 0.0390625 0.0875 0.00105257
0 0.525 0.5875 0.034375 0.0375 0.00109668
1 0.674219 0.0015625 0.0359375 0.003125 0.00109904
1 0.610937 0.0015625 0.028125 0.003125 0.00113424
1 0.336719 0.00078125 0.0265625 0.0015625 0.00114494
1 0.492188 0.00078125 0.028125 0.0015625 0.00118142
1 0.319531 0.00078125 0.0265625 0.0015625 0.00131656
1 0.53125 0.00078125 0.028125 0.0015625 0.00133598
0 0.53125 0.614844 0.0375 0.0515625 0.00136546
2 0.880469 0.100781 0.0640625 0.117188 0.00147135
1 0.364062 0.0015625 0.034375 0.003125 0.00151276
0 0.536719 0.70625 0.0296875 0.025 0.00151642
1 0.56875 0.00078125 0.028125 0.0015625 0.00157423
1 0.626562 0.0015625 0.028125 0.003125 0.00164403
1 0.440625 0.0015625 0.034375 0.003125 0.00174346
1 0.415625 0.00078125 0.028125 0.0015625 0.00178786
1 0.596094 0.0015625 0.0359375 0.003125 0.00180372
0 0.5375 0.720312 0.03125 0.025 0.00180574
1 0.478906 0.0015625 0.0359375 0.003125 0.00183534
1 0.403125 0.0015625 0.034375 0.003125 0.00193117
1 0.557813 0.99375 0.03125 0.0125 0.00198883
1 0.555469 0.0015625 0.0359375 0.003125 0.00206595
1 0.517187 0.0015625 0.034375 0.003125 0.00211656
1 0.555469 0.996875 0.0296875 0.00625 0.0419628
3 0.485938 0.285937 0.03125 0.025 0.388307
3 0.482031 0.253125 0.0296875 0.0125 0.707684
0 0.522656 0.560938 0.0328125 0.025 0.747098
2 0.485938 0.286719 0.03125 0.0265625 0.87353
