1 0.453906 0.00078125 0.0265625 0.0015625 0.00102837
1 0.326562 0.0015625 0.034375 0.003125 0.00103644
1 0.3375 0.00078125 0.025 0.0015625 0.00104819
0 0.546094 0.541406 0.0328125 0.0265625 0.00124811
1 0.633594 0.0015625 0.0359375 0.003125 0.00127096
1 0.673437 0.0015625 0.034375 0.003125 0.0013453
0 0.553906 0.701563 0.0421875 0.046875 0.00137042
1 0.414844 0.00078125 0.0265625 0.0015625 0.00138084
1 0.364062 0.0015625 0.034375 0.003125 0.00139605
1 0.403125 0.0015625 0.034375 0.003125 0.00146836
1 0.557031 0.0015625 0.0359375 0.003125 0.00151116
1 0.594531 0.0015625 0.0359375 0.003125 0.0015153
1 0.516406 0.0015625 0.0359375 0.003125 0.00162266
1 0.491406 0.0015625 0.0265625 0.003125 0.00166411
1 0.478906 0.0015625 0.0359375 0.003125 0.00170846
1 0.439063 0.0015625 0.034375 0.003125 0.00177977
0 0.547656 0.570312 0.0328125 0.028125 0.00178959
0 0.550781 0.663281 0.0328125 0.0390625 0.00680231
1 0.557031 0.996875 0.0296875 0.00625 0.0722447
0 0.552344 0.679688 0.0296875 0.028125 0.0985801
3 0.546875 0.247656 0.03125 0.0234375 0.358568
0 0.546875 0.553906 0.03125 0.0234375 0.755945
3 0.548437 0.2125 0.028125 0.0125 0.801296
2 0.547656 0.249219 0.0296875 0.0234375 0.87434
