1 0.453906 0.0015625 0.0296875 0.003125 0.00106102
1 0.595312 0.0015625 0.040625 0.003125 0.00118672
1 0.557031 0.0015625 0.0390625 0.003125 0.00119523
0 0.558594 0.864844 0.0328125 0.0265625 0.0012296
1 0.492969 0.0015625 0.0328125 0.003125 0.00124513
1 0.31875 0.00078125 0.028125 0.0015625 0.00126399
1 0.376563 0.00078125 0.028125 0.0015625 0.0013133
1 0.415625 0.0015625 0.028125 0.003125 0.00155269
1 0.326562 0.0015625 0.034375 0.003125 0.00170572
1 0.339063 0.0015625 0.028125 0.003125 0.00171943
1 0.479688 0.0015625 0.0375 0.003125 0.00172546
1 0.516406 0.0015625 0.0390625 0.003125 0.0017839
1 0.439844 0.0015625 0.0359375 0.003125 0.00181449
1 0.402344 0.0015625 0.0359375 0.003125 0.00185375
1 0.363281 0.0015625 0.0359375 0.003125 0.00187864
3 0.536719 0.645312 0.0328125 0.025 0.00255615
2 0.536719 0.638281 0.0453125 0.0421875 0.00280545
0 0.558594 0.84375 0.0390625 0.040625 0.00357946
1 0.566406 0.99375 0.0296875 0.0125 0.00375591
0 0.557813 0.855469 0.03125 0.0265625 0.00712153
1 0.56875 0.996875 0.028125 0.00625 0.0957125
3 0.534375 0.628906 0.0375 0.0390625 0.287227
2 0.534375 0.625781 0.034375 0.0421875 0.404776
3 0.532031 0.617969 0.0328125 0.0296875 0.626872
0 0.549219 0.744531 0.0328125 0.0265625 0.736187
