0 0.0507812 0.161719 0.0421875 0.0890625 0.00115316
1 0.453906 0.00078125 0.0296875 0.0015625 0.00126126
1 0.3375 0.00078125 0.028125 0.0015625 0.00127773
0 0.575 0.816406 0.03125 0.0265625 0.00130053
1 0.59375 0.0015625 0.0375 0.003125 0.00132151
1 0.56875 0.0015625 0.03125 0.003125 0.00132347
1 0.492969 0.0015625 0.0296875 0.003125 0.00139465
1 0.416406 0.0015625 0.0296875 0.003125 0.00144221
1 0.55625 0.0015625 0.0375 0.003125 0.00145941
1 0.326562 0.0015625 0.034375 0.003125 0.0015256
1 0.517187 0.0015625 0.0375 0.003125 0.00165144
1 0.364844 0.0015625 0.0359375 0.003125 0.00168441
1 0.478125 0.0015625 0.0375 0.003125 0.00173785
1 0.403125 0.0015625 0.034375 0.003125 0.00189296
1 0.439844 0.0015625 0.0359375 0.003125 0.00191717
1 0.569531 0.992969 0.0296875 0.0109375 0.00408688
0 0.575 0.8375 0.03125 0.021875 0.00412326
1 0.571094 0.996875 0.0296875 0.00625 0.0623097
3 0.68125 0.592188 0.03125 0.034375 0.297693
0 0.575 0.827344 0.03125 0.0234375 0.749384
3 0.700781 0.575 0.0234375 0.021875 0.819789
2 0.678906 0.595312 0.0328125 0.034375 0.853615
