1 0.608594 0.0015625 0.0328125 0.003125 0.00107763
1 0.375781 0.0015625 0.0296875 0.003125 0.00112472
0 0.567969 0.800781 0.0328125 0.0359375 0.00114268
1 0.530469 0.0015625 0.0328125 0.003125 0.0011648
1 0.339063 0.00078125 0.028125 0.0015625 0.00120005
1 0.594531 0.0015625 0.0390625 0.003125 0.00123608
0 0.564844 0.861719 0.0390625 0.0359375 0.00124657
1 0.555469 0.0015625 0.0390625 0.003125 0.00131424
1 0.455469 0.0015625 0.0296875 0.003125 0.00137693
1 0.327344 0.0015625 0.0359375 0.003125 0.0015441
1 0.478906 0.0015625 0.0390625 0.003125 0.00166516
1 0.364062 0.0015625 0.0375 0.003125 0.00172357
1 0.516406 0.0015625 0.0390625 0.003125 0.00172647
1 0.439063 0.0015625 0.0375 0.003125 0.00201406
1 0.402344 0.0015625 0.0359375 0.003125 0.00233313
0 0.56875 0.836719 0.03125 0.0234375 0.00235094
1 0.414844 0.0015625 0.0296875 0.003125 0.00244534
1 0.56875 0.991406 0.03125 0.0109375 0.00269789
0 0.567969 0.816406 0.0328125 0.0265625 0.0289228
1 0.572656 0.996875 0.0296875 0.00625 0.0464774
3 0.492188 0.65625 0.028125 0.03125 0.425718
0 0.56875 0.826563 0.03125 0.025 0.736963
3 0.473437 0.65 0.01875 0.025 0.77175
2 0.492188 0.65625 0.028125 0.03125 0.874683
