1 0.673437 0.0015625 0.040625 0.003125 0.00101975
1 0.454688 0.0015625 0.03125 0.003125 0.00114166
1 0.594531 0.0015625 0.0390625 0.003125 0.00119185
0 0.053125 0.164844 0.040625 0.0890625 0.00119322
1 0.555469 0.0015625 0.0390625 0.003125 0.00124347
1 0.492188 0.0015625 0.03125 0.003125 0.00141532
0 0.529688 0.778125 0.040625 0.028125 0.00142966
1 0.516406 0.0015625 0.0390625 0.003125 0.00156291
1 0.415625 0.0015625 0.03125 0.003125 0.00159995
1 0.3625 0.0015625 0.0375 0.003125 0.00161773
1 0.338281 0.0015625 0.0296875 0.003125 0.00163836
1 0.478125 0.0015625 0.0375 0.003125 0.00171968
1 0.403125 0.0015625 0.0375 0.003125 0.001816
1 0.440625 0.0015625 0.0375 0.003125 0.00197917
1 0.319531 0.0015625 0.0296875 0.003125 0.00200185
2 0.328125 0.7375 0.034375 0.03125 0.00240217
0 0.54375 0.8375 0.034375 0.0375 0.00284233
1 0.5625 0.99375 0.03125 0.0125 0.00940421
1 0.566406 0.996875 0.0296875 0.00625 0.0356911
0 0.535937 0.799219 0.034375 0.0203125 0.0626686
2 0.309375 0.732813 0.03125 0.03125 0.0772997
3 0.31875 0.73125 0.034375 0.034375 0.434155
0 0.534375 0.790625 0.0375 0.025 0.767649
3 0.29375 0.748438 0.021875 0.025 0.772514
2 0.319531 0.730469 0.0328125 0.0328125 0.907163
