3 0.65625 0.6125 0.03125 0.040625 0.00100774
1 0.608594 0.0015625 0.0328125 0.003125 0.00106776
1 0.339063 0.0015625 0.028125 0.003125 0.00114059
1 0.375781 0.0015625 0.0296875 0.003125 0.0012948
1 0.555469 0.0015625 0.0390625 0.003125 0.00134613
1 0.56875 0.989844 0.034375 0.0171875 0.00138859
1 0.492188 0.0015625 0.03125 0.003125 0.00140049
1 0.594531 0.0015625 0.0390625 0.003125 0.00141997
1 0.454688 0.0015625 0.03125 0.003125 0.00145898
1 0.325781 0.0015625 0.0359375 0.003125 0.00154505
1 0.515625 0.0015625 0.0375 0.003125 0.00165647
1 0.364844 0.0015625 0.0359375 0.003125 0.0017513
1 0.478125 0.0015625 0.0375 0.003125 0.00180756
1 0.414844 0.0015625 0.0296875 0.003125 0.00202484
1 0.439844 0.0015625 0.0359375 0.003125 0.00214389
1 0.402344 0.0015625 0.0359375 0.003125 0.00223085
0 0.576563 0.8375 0.03125 0.025 0.00244721
0 0.578906 0.815625 0.0328125 0.028125 0.00462852
3 0.65625 0.624219 0.025 0.0234375 0.00531868
1 0.572656 0.996875 0.0296875 0.00625 0.0283445
3 0.636719 0.630469 0.0328125 0.0328125 0.392858
0 0.578125 0.827344 0.03125 0.0234375 0.737396
3 0.648438 0.617188 0.025 0.021875 0.738156
2 0.635156 0.630469 0.0328125 0.0296875 0.835131
