1 0.364844 0.0015625 0.0359375 0.003125 0.00102904
1 0.554688 0.0015625 0.0375 0.003125 0.00110846
1 0.415625 0.00078125 0.028125 0.0015625 0.00113145
1 0.478906 0.0015625 0.0359375 0.003125 0.00118929
1 0.402344 0.0015625 0.0359375 0.003125 0.00122215
1 0.530469 0.00078125 0.0296875 0.0015625 0.00124546
1 0.438281 0.0015625 0.0359375 0.003125 0.00130213
1 0.517187 0.0015625 0.0375 0.003125 0.001483
0 0.515625 0.546875 0.0375 0.028125 0.00202344
0 0.541406 0.726562 0.0328125 0.03125 0.00208179
0 0.539844 0.713281 0.0328125 0.0265625 0.00464038
0 0.520312 0.567969 0.034375 0.0234375 0.0077981
0 0.532812 0.660156 0.034375 0.0359375 0.00866668
1 0.557031 0.994531 0.0328125 0.0109375 0.0243755
0 0.536719 0.699219 0.0296875 0.0328125 0.0267658
0 0.533594 0.672656 0.0328125 0.0265625 0.0290067
1 0.553906 0.996875 0.0296875 0.00625 0.0470368
0 0.535156 0.6875 0.0296875 0.028125 0.15923
3 0.374219 0.504687 0.0359375 0.034375 0.271398
0 0.51875 0.558594 0.034375 0.0265625 0.750136
3 0.355469 0.528125 0.0234375 0.021875 0.862497
2 0.375 0.504687 0.034375 0.034375 0.896999
