1 0.453125 0.00078125 0.028125 0.0015625 0.00109993
1 0.55625 0.0015625 0.0375 0.003125 0.00110854
0 0.524219 0.595312 0.0359375 0.034375 0.00113698
1 0.403125 0.0015625 0.034375 0.003125 0.00115456
1 0.517187 0.0015625 0.0375 0.003125 0.00125448
1 0.477344 0.0015625 0.0359375 0.003125 0.00131836
1 0.439844 0.0015625 0.0359375 0.003125 0.00142321
0 0.542188 0.752344 0.03125 0.0265625 0.00174915
0 0.525781 0.623438 0.0359375 0.028125 0.00213615
0 0.539062 0.725781 0.03125 0.0265625 0.00230558
0 0.5375 0.720312 0.0375 0.08125 0.00232955
0 0.514063 0.546875 0.0375 0.028125 0.00240772
0 0.536719 0.710938 0.0296875 0.046875 0.00309541
0 0.539844 0.739844 0.0296875 0.0265625 0.00380166
0 0.519531 0.56875 0.0328125 0.021875 0.010335
0 0.536719 0.685938 0.0296875 0.0375 0.010494
0 0.530469 0.652344 0.0328125 0.0421875 0.0113892
1 0.554688 0.994531 0.03125 0.0078125 0.0194344
0 0.532812 0.672656 0.03125 0.0265625 0.0367734
1 0.553906 0.996875 0.0296875 0.00625 0.0448182
2 0.371094 0.517187 0.0421875 0.040625 0.0898898
3 0.38125 0.502344 0.0375 0.0359375 0.260335
0 0.517187 0.558594 0.034375 0.0265625 0.734992
3 0.363281 0.525781 0.0234375 0.0234375 0.838256
2 0.38125 0.501562 0.034375 0.034375 0.881852
