1 0.491406 0.00078125 0.0265625 0.0015625 0.00105671
1 0.607031 0.00078125 0.0265625 0.0015625 0.00105763
3 0.64375 0.258594 0.03125 0.0203125 0.00114606
1 0.364844 0.00078125 0.0328125 0.0015625 0.00117422
1 0.647656 0.00078125 0.0265625 0.0015625 0.00128153
1 0.671875 0.0015625 0.034375 0.003125 0.0012832
1 0.453906 0.00078125 0.0265625 0.0015625 0.00145052
1 0.634375 0.0015625 0.034375 0.003125 0.00149945
1 0.403906 0.0015625 0.0328125 0.003125 0.00169185
1 0.415625 0.00078125 0.025 0.0015625 0.00172446
1 0.478125 0.0015625 0.034375 0.003125 0.00182316
1 0.530469 0.00078125 0.0265625 0.0015625 0.00183574
1 0.570312 0.00078125 0.028125 0.0015625 0.00184888
1 0.439844 0.00078125 0.0328125 0.0015625 0.00205816
1 0.51875 0.0015625 0.034375 0.003125 0.00208547
1 0.55625 0.99375 0.028125 0.0125 0.00219128
1 0.5875 0.00078125 0.028125 0.0015625 0.00237854
1 0.55625 0.0015625 0.034375 0.003125 0.00254087
0 0.553906 0.597656 0.0359375 0.0546875 0.00260628
0 0.555469 0.582812 0.0328125 0.025 0.00389167
3 0.650781 0.248437 0.0328125 0.01875 0.00509845
1 0.558594 0.996875 0.0296875 0.00625 0.057908
3 0.6375 0.284375 0.034375 0.03125 0.398254
0 0.555469 0.564844 0.0296875 0.0234375 0.743518
3 0.655469 0.254687 0.0265625 0.01875 0.809035
2 0.636719 0.283594 0.0328125 0.0296875 0.867327
