1 0.634375 0.0015625 0.040625 0.003125 0.00100539
1 0.453906 0.00078125 0.0296875 0.0015625 0.00120237
1 0.555469 0.0015625 0.0390625 0.003125 0.00126481
1 0.3375 0.00078125 0.028125 0.0015625 0.00129957
1 0.596094 0.0015625 0.0390625 0.003125 0.00132774
1 0.325781 0.0015625 0.0359375 0.003125 0.00138755
0 0.574219 0.816406 0.0328125 0.0265625 0.00144764
1 0.49375 0.0015625 0.03125 0.003125 0.00145788
1 0.364844 0.0015625 0.0359375 0.003125 0.00164908
1 0.516406 0.0015625 0.0390625 0.003125 0.00169016
1 0.479688 0.0015625 0.0375 0.003125 0.00180915
1 0.56875 0.991406 0.03125 0.0140625 0.00194419
1 0.439063 0.0015625 0.0375 0.003125 0.00198355
1 0.414844 0.0015625 0.0296875 0.003125 0.00212203
1 0.402344 0.0015625 0.0359375 0.003125 0.00213385
0 0.575 0.8375 0.03125 0.021875 0.00674018
1 0.571094 0.996875 0.0296875 0.00625 0.0380178
3 0.659375 0.595312 0.03125 0.034375 0.227901
3 0.671875 0.582031 0.028125 0.0296875 0.278857
0 0.574219 0.827344 0.0296875 0.0234375 0.747849
3 0.677344 0.575781 0.0234375 0.0203125 0.765217
2 0.659375 0.595312 0.03125 0.034375 0.856452
