1 0.517969 0.0015625 0.0359375 0.003125 0.00100263
1 0.478125 0.0015625 0.034375 0.003125 0.00107493
1 0.403125 0.00078125 0.034375 0.0015625 0.00112812
0 0.578125 0.591406 0.034375 0.0296875 0.00126589
1 0.440625 0.0015625 0.034375 0.003125 0.00128444
0 0.570312 0.696094 0.034375 0.0296875 0.00142989
3 0.773438 0.35 0.021875 0.025 0.0032434
0 0.571875 0.678906 0.03125 0.0234375 0.00341841
0 0.582031 0.557031 0.0359375 0.0265625 0.00383733
0 0.575 0.628125 0.0375 0.059375 0.00795747
1 0.5625 0.994531 0.034375 0.0109375 0.0108231
0 0.574219 0.650781 0.0328125 0.0296875 0.0124794
0 0.579687 0.577344 0.034375 0.0234375 0.0160388
0 0.572656 0.664062 0.0296875 0.028125 0.0276684
1 0.5625 0.996875 0.028125 0.00625 0.0325454
3 0.772656 0.359375 0.0296875 0.034375 0.289256
3 0.804688 0.348437 0.01875 0.028125 0.724641
0 0.580469 0.56875 0.0328125 0.025 0.765852
2 0.773438 0.360156 0.028125 0.0328125 0.90773
