1 0.571094 0.0015625 0.0328125 0.003125 0.00102914
1 0.492188 0.0015625 0.03125 0.003125 0.00103542
0 0.517187 0.803125 0.040625 0.046875 0.00104891
1 0.454688 0.00078125 0.03125 0.0015625 0.00106769
1 0.59375 0.0015625 0.040625 0.003125 0.00114616
0 0.547656 0.944531 0.0328125 0.0328125 0.00123063
1 0.557031 0.0015625 0.0390625 0.003125 0.00139084
1 0.478125 0.0015625 0.0375 0.003125 0.00146901
1 0.517187 0.0015625 0.0375 0.003125 0.00154206
1 0.403125 0.0015625 0.0375 0.003125 0.0018134
1 0.363281 0.0015625 0.0359375 0.003125 0.00183654
1 0.327344 0.0015625 0.0359375 0.003125 0.00186675
1 0.415625 0.0015625 0.03125 0.003125 0.00188854
1 0.439063 0.0015625 0.0375 0.003125 0.00190282
1 0.339844 0.0015625 0.0296875 0.003125 0.00221964
2 0.328125 0.815625 0.04375 0.034375 0.00236117
0 0.525 0.840625 0.0375 0.028125 0.00345964
0 0.520312 0.828906 0.0375 0.0234375 0.0408952
1 0.553125 0.996875 0.03125 0.00625 0.052243
3 0.310937 0.824219 0.0375 0.0328125 0.104391
3 0.325781 0.807031 0.0359375 0.0328125 0.347163
0 0.51875 0.820312 0.040625 0.025 0.767954
3 0.30625 0.832031 0.025 0.0203125 0.827645
2 0.327344 0.804688 0.0359375 0.03125 0.831964
