1 0.414844 0.0015625 0.0296875 0.003125 0.0010515
1 0.594531 0.0015625 0.0390625 0.003125 0.00122515
3 0.198437 0.992969 0.021875 0.0109375 0.00128165
1 0.477344 0.0015625 0.0359375 0.003125 0.00130668
1 0.402344 0.0015625 0.0359375 0.003125 0.00132802
1 0.326562 0.0015625 0.034375 0.003125 0.00134382
1 0.55625 0.0015625 0.0375 0.003125 0.00136399
1 0.517969 0.0015625 0.0359375 0.003125 0.00138584
0 0.532031 0.690625 0.0359375 0.05625 0.00140119
1 0.338281 0.00078125 0.0265625 0.0015625 0.00141204
1 0.363281 0.0015625 0.0359375 0.003125 0.00146469
1 0.439844 0.0015625 0.0359375 0.003125 0.00157265
0 0.542969 0.767187 0.0359375 0.028125 0.00245343
0 0.539844 0.75 0.0359375 0.03125 0.00375858
2 0.869531 0.103125 0.0640625 0.09375 0.00395305
3 0.463281 0.582812 0.0703125 0.134375 0.00678069
0 0.530469 0.670313 0.0328125 0.04375 0.00716357
0 0.523438 0.660937 0.0375 0.028125 0.00905794
1 0.563281 0.99375 0.0328125 0.009375 0.031004
1 0.564844 0.996875 0.0296875 0.00625 0.077601
3 0.453125 0.533594 0.034375 0.0328125 0.439276
0 0.521875 0.642187 0.034375 0.028125 0.752395
3 0.445312 0.545313 0.028125 0.025 0.768517
2 0.453125 0.53125 0.034375 0.03125 0.810116
