1 0.59375 0.0015625 0.0375 0.003125 0.0010688
1 0.453906 0.00078125 0.0265625 0.0015625 0.00115125
1 0.55625 0.0015625 0.0375 0.003125 0.00122674
1 0.478906 0.0015625 0.0359375 0.003125 0.00123879
0 0.514844 0.572656 0.0390625 0.0265625 0.00127259
1 0.402344 0.0015625 0.0328125 0.003125 0.00128125
0 0.532812 0.654688 0.034375 0.028125 0.00131783
0 0.517969 0.582812 0.0390625 0.028125 0.00132666
1 0.440625 0.0015625 0.034375 0.003125 0.00133615
1 0.517969 0.0015625 0.0359375 0.003125 0.00135518
2 0.867188 0.103906 0.071875 0.107813 0.00159376
0 0.528125 0.642969 0.034375 0.0265625 0.00222583
0 0.523438 0.614062 0.034375 0.040625 0.00389067
0 0.507031 0.535937 0.0390625 0.025 0.0050172
1 0.564844 0.99375 0.0328125 0.009375 0.0193555
0 0.513281 0.5625 0.0359375 0.028125 0.0242474
1 0.566406 0.996875 0.0296875 0.00625 0.0571666
3 0.275 0.436719 0.025 0.0296875 0.487198
0 0.509375 0.547656 0.0375 0.0265625 0.746073
3 0.242188 0.444531 0.015625 0.0296875 0.843417
2 0.274219 0.4375 0.0265625 0.03125 0.891793
