1 0.53125 0.0015625 0.03125 0.003125 0.00101081
1 0.377344 0.0015625 0.0296875 0.003125 0.00101585
1 0.289062 0.0015625 0.0375 0.003125 0.0010248
1 0.592969 0.0015625 0.0390625 0.003125 0.00107401
1 0.569531 0.0015625 0.0328125 0.003125 0.0010842
1 0.454688 0.0015625 0.03125 0.003125 0.0011835
1 0.417188 0.0015625 0.03125 0.003125 0.00129431
0 0.538281 0.901563 0.0390625 0.034375 0.00130521
1 0.555469 0.0015625 0.0390625 0.003125 0.00143876
1 0.478125 0.0015625 0.0375 0.003125 0.00149086
1 0.517969 0.0015625 0.0390625 0.003125 0.0015902
0 0.550781 0.990625 0.0296875 0.01875 0.00168769
0 0.539062 0.914844 0.034375 0.0234375 0.00173959
1 0.3625 0.0015625 0.0375 0.003125 0.00187887
0 0.541406 0.925 0.0328125 0.025 0.00195341
1 0.326562 0.0015625 0.034375 0.003125 0.00196263
1 0.403906 0.0015625 0.0359375 0.003125 0.00203138
1 0.440625 0.0015625 0.0375 0.003125 0.00204919
1 0.339844 0.0015625 0.0296875 0.003125 0.00221933
2 0.321875 0.810938 0.03125 0.034375 0.00234309
0 0.545313 0.934375 0.03125 0.03125 0.00350347
1 0.550781 0.992188 0.0296875 0.015625 0.00673322
3 0.315625 0.835938 0.040625 0.03125 0.00716136
0 0.524219 0.838281 0.0359375 0.0265625 0.0104801
1 0.551562 0.996875 0.03125 0.00625 0.0358273
3 0.332812 0.80625 0.034375 0.03125 0.428127
0 0.520312 0.822656 0.040625 0.0265625 0.753117
3 0.314063 0.832812 0.025 0.021875 0.838878
2 0.333594 0.804688 0.0359375 0.03125 0.879433
