1 0.452344 0.00078125 0.0265625 0.0015625 0.00110357
1 0.569531 0.00078125 0.0265625 0.0015625 0.00115064
1 0.608594 0.00078125 0.0265625 0.0015625 0.00117684
1 0.414844 0.00078125 0.0265625 0.0015625 0.00124972
1 0.325781 0.00078125 0.0328125 0.0015625 0.00127564
1 0.53125 0.00078125 0.028125 0.0015625 0.00133443
0 0.563281 0.595312 0.0453125 0.040625 0.00134262
1 0.376563 0.00078125 0.025 0.0015625 0.00137644
1 0.685156 0.00078125 0.0265625 0.0015625 0.00138641
1 0.645312 0.00078125 0.028125 0.0015625 0.00144351
1 0.671875 0.0015625 0.034375 0.003125 0.00151873
1 0.492969 0.00078125 0.0265625 0.0015625 0.00162765
1 0.440625 0.0015625 0.034375 0.003125 0.00167455
1 0.364844 0.0015625 0.0328125 0.003125 0.00176023
1 0.400781 0.0015625 0.0328125 0.003125 0.0017649
1 0.596094 0.0015625 0.0359375 0.003125 0.00178563
1 0.634375 0.0015625 0.034375 0.003125 0.00184599
1 0.55625 0.0015625 0.034375 0.003125 0.00193106
1 0.479688 0.0015625 0.034375 0.003125 0.00197233
1 0.517187 0.0015625 0.034375 0.003125 0.00217939
0 0.566406 0.56875 0.0296875 0.025 0.00321352
1 0.560938 0.99375 0.028125 0.0125 0.00353199
3 0.589063 0.249219 0.03125 0.0140625 0.00414754
1 0.560938 0.996875 0.028125 0.00625 0.0787896
3 0.584375 0.285937 0.03125 0.028125 0.474254
0 0.567187 0.555469 0.03125 0.0234375 0.721836
3 0.5875 0.255469 0.028125 0.0140625 0.769699
2 0.583594 0.285937 0.0296875 0.028125 0.890859
