0 0.525 0.595312 0.0375 0.034375 0.00111607
1 0.479688 0.0015625 0.0375 0.003125 0.0011232
1 0.396094 0.00078125 0.0265625 0.0015625 0.00113361
1 0.439063 0.00078125 0.0375 0.0015625 0.00118946
1 0.517187 0.00078125 0.0375 0.0015625 0.00125526
0 0.525781 0.623438 0.0359375 0.028125 0.00138041
2 0.866406 0.101562 0.0734375 0.115625 0.00145386
0 0.5375 0.711719 0.03125 0.0265625 0.00290533
0 0.513281 0.547656 0.0359375 0.0265625 0.00340216
0 0.530469 0.639844 0.0328125 0.0515625 0.00404347
0 0.532812 0.690625 0.03125 0.0375 0.00491437
1 0.555469 0.994531 0.0328125 0.0109375 0.0083374
0 0.51875 0.56875 0.034375 0.021875 0.0104421
0 0.532812 0.674219 0.03125 0.0296875 0.0120955
1 0.553906 0.996875 0.0296875 0.00625 0.01639
0 0.540625 0.725 0.028125 0.05 0.0209276
3 0.366406 0.517969 0.0296875 0.0328125 0.287746
3 0.375 0.503125 0.034375 0.034375 0.30088
0 0.517187 0.557031 0.034375 0.0265625 0.742738
3 0.355469 0.525 0.0234375 0.021875 0.883525
2 0.375 0.501562 0.034375 0.034375 0.920409
