0 0.565625 0.590625 0.03125 0.028125 0.00103148
1 0.439063 0.00078125 0.034375 0.0015625 0.00114922
1 0.517969 0.00078125 0.0359375 0.0015625 0.00118543
0 0.564062 0.546094 0.034375 0.0265625 0.00152935
3 0.432031 0.403125 0.0234375 0.028125 0.00235422
3 0.428906 0.414062 0.0234375 0.028125 0.00355772
0 0.563281 0.58125 0.0296875 0.028125 0.0131915
1 0.570312 0.992969 0.0375 0.0109375 0.016229
1 0.571094 0.996094 0.0296875 0.0078125 0.0647479
3 0.446875 0.410156 0.028125 0.0328125 0.29413
0 0.564844 0.564062 0.0328125 0.025 0.696954
3 0.421875 0.407031 0.015625 0.0265625 0.751644
2 0.446875 0.409375 0.028125 0.03125 0.904058
