0 0.05 0.160156 0.04375 0.0921875 0.00102075
1 0.672656 0.0015625 0.0359375 0.003125 0.00106071
1 0.492188 0.00078125 0.028125 0.0015625 0.00110702
1 0.607813 0.00078125 0.028125 0.0015625 0.00116209
1 0.404687 0.0015625 0.034375 0.003125 0.00118842
1 0.633594 0.0015625 0.0359375 0.003125 0.00119232
1 0.570312 0.00078125 0.028125 0.0015625 0.00119269
1 0.452344 0.00078125 0.0265625 0.0015625 0.00124727
0 0.563281 0.594531 0.0296875 0.0328125 0.00131524
1 0.440625 0.0015625 0.034375 0.003125 0.00151273
1 0.594531 0.0015625 0.0359375 0.003125 0.00156088
1 0.478125 0.0015625 0.034375 0.003125 0.00163734
0 0.564062 0.622656 0.034375 0.0328125 0.00169989
1 0.555469 0.0015625 0.0359375 0.003125 0.00180806
1 0.51875 0.0015625 0.034375 0.003125 0.00202173
0 0.560938 0.567969 0.03125 0.0265625 0.00225126
1 0.530469 0.00078125 0.0265625 0.0015625 0.00231441
0 0.560156 0.608594 0.0328125 0.0265625 0.00258603
1 0.561719 0.992969 0.0296875 0.0140625 0.00274354
3 0.671875 0.260156 0.028125 0.0203125 0.0543149
1 0.561719 0.996875 0.0296875 0.00625 0.0632085
3 0.659375 0.279687 0.034375 0.03125 0.255166
0 0.563281 0.553906 0.0296875 0.0234375 0.771045
3 0.678906 0.252344 0.0265625 0.0203125 0.817758
2 0.658594 0.280469 0.0328125 0.0328125 0.888762
