1 0.453906 0.0015625 0.0296875 0.003125 0.00109991
1 0.646094 0.0015625 0.0296875 0.003125 0.00110877
1 0.491406 0.0015625 0.0296875 0.003125 0.00116941
1 0.530469 0.0015625 0.0296875 0.003125 0.0012121
1 0.595312 0.0015625 0.0375 0.003125 0.00121447
1 0.634375 0.0015625 0.0375 0.003125 0.00125362
1 0.4125 0.00078125 0.028125 0.0015625 0.00128328
1 0.555469 0.0015625 0.0359375 0.003125 0.00129324
1 0.328125 0.0015625 0.034375 0.003125 0.00143834
1 0.516406 0.0015625 0.0359375 0.003125 0.00151313
1 0.338281 0.00078125 0.0265625 0.0015625 0.00153084
1 0.478906 0.0015625 0.0359375 0.003125 0.00154577
1 0.363281 0.0015625 0.0359375 0.003125 0.00160895
1 0.439844 0.0015625 0.0359375 0.003125 0.00165621
1 0.396875 0.0015625 0.028125 0.003125 0.00168424
1 0.558594 0.992188 0.0296875 0.015625 0.00212355
0 0.550781 0.796875 0.0328125 0.028125 0.00226328
0 0.551562 0.81875 0.03125 0.021875 0.0109015
1 0.558594 0.996875 0.0296875 0.00625 0.0703762
3 0.532812 0.516406 0.03125 0.0265625 0.463074
0 0.551562 0.810156 0.03125 0.0234375 0.740011
3 0.532031 0.479688 0.0296875 0.0125 0.789168
2 0.532812 0.516406 0.03125 0.0265625 0.872143
