1 0.492969 0.0015625 0.0296875 0.003125 0.00105562
1 0.453125 0.0015625 0.03125 0.003125 0.00110793
1 0.555469 0.994531 0.0328125 0.0109375 0.00115779
1 0.594531 0.0015625 0.0390625 0.003125 0.00127184
1 0.339063 0.00078125 0.028125 0.0015625 0.00128997
1 0.375781 0.0015625 0.0296875 0.003125 0.00131141
1 0.570312 0.0015625 0.03125 0.003125 0.00138923
1 0.517187 0.0015625 0.0375 0.003125 0.00157456
1 0.478125 0.0015625 0.0375 0.003125 0.00157636
1 0.326562 0.0015625 0.034375 0.003125 0.00157918
1 0.401563 0.0015625 0.034375 0.003125 0.00158673
1 0.364062 0.0015625 0.0375 0.003125 0.00159503
1 0.440625 0.0015625 0.0375 0.003125 0.00159798
1 0.557813 0.0015625 0.0375 0.003125 0.00162045
0 0.564062 0.8375 0.03125 0.025 0.00176204
1 0.561719 0.996875 0.0296875 0.00625 0.0362266
3 0.549219 0.56875 0.0328125 0.028125 0.370927
0 0.564844 0.822656 0.0296875 0.0234375 0.752078
3 0.546094 0.541406 0.0296875 0.0140625 0.782697
2 0.55 0.569531 0.03125 0.0296875 0.860247
