1 0.530469 0.00078125 0.0296875 0.0015625 0.0010098
1 0.671875 0.0015625 0.0375 0.003125 0.00102438
1 0.569531 0.0015625 0.0296875 0.003125 0.00108294
1 0.592969 0.0015625 0.0390625 0.003125 0.00108903
0 0.0523437 0.164844 0.0421875 0.0953125 0.00111539
1 0.3375 0.00078125 0.025 0.0015625 0.00120361
1 0.479688 0.0015625 0.0375 0.003125 0.00128997
1 0.325 0.0015625 0.034375 0.003125 0.00133411
1 0.554688 0.0015625 0.0375 0.003125 0.00142371
2 0.873438 0.101562 0.06875 0.103125 0.00151836
1 0.438281 0.0015625 0.0359375 0.003125 0.00155693
1 0.364844 0.0015625 0.0359375 0.003125 0.00155918
1 0.51875 0.0015625 0.0375 0.003125 0.00156622
1 0.403125 0.0015625 0.034375 0.003125 0.00181715
1 0.415625 0.00078125 0.028125 0.0015625 0.0019166
1 0.560938 0.992969 0.03125 0.0109375 0.00537401
0 0.557813 0.829687 0.03125 0.025 0.00570697
0 0.559375 0.804688 0.034375 0.025 0.00717323
2 0.651563 0.529688 0.03125 0.034375 0.0178514
1 0.560938 0.996875 0.03125 0.00625 0.0344121
3 0.64375 0.538281 0.034375 0.0328125 0.390775
0 0.557813 0.815625 0.03125 0.025 0.739382
3 0.664062 0.510156 0.025 0.0203125 0.819099
2 0.64375 0.539062 0.034375 0.03125 0.870476
