1 0.671875 0.0015625 0.0375 0.003125 0.0010069
1 0.633594 0.0015625 0.0390625 0.003125 0.00104948
1 0.453906 0.00078125 0.0296875 0.0015625 0.00112625
1 0.492969 0.00078125 0.0296875 0.0015625 0.00114313
0 0.550781 0.839063 0.0328125 0.0375 0.00115903
1 0.329688 0.0015625 0.034375 0.003125 0.00119831
1 0.339844 0.0015625 0.0265625 0.003125 0.00123918
1 0.415625 0.00078125 0.028125 0.0015625 0.00125339
1 0.59375 0.0015625 0.0375 0.003125 0.00131526
1 0.569531 0.0015625 0.0296875 0.003125 0.00139071
1 0.55625 0.0015625 0.0375 0.003125 0.00152393
1 0.517187 0.0015625 0.0375 0.003125 0.00152539
1 0.478125 0.0015625 0.0375 0.003125 0.00152918
1 0.402344 0.0015625 0.0359375 0.003125 0.0016109
1 0.364062 0.0015625 0.034375 0.003125 0.00166243
1 0.439844 0.0015625 0.0359375 0.003125 0.00168089
2 0.875781 0.101562 0.0640625 0.1 0.00283993
3 0.519531 0.480469 0.0296875 0.0109375 0.00303675
1 0.560156 0.992188 0.0328125 0.015625 0.00382346
1 0.560938 0.996875 0.03125 0.00625 0.0287732
3 0.523438 0.517969 0.03125 0.0265625 0.340561
3 0.519531 0.485938 0.0296875 0.0125 0.719024
0 0.55 0.8125 0.03125 0.025 0.75967
2 0.522656 0.517969 0.0296875 0.0265625 0.86539
