1 0.570312 0.0015625 0.03125 0.003125 0.00110001
0 0.566406 0.80625 0.0328125 0.03125 0.00125704
1 0.594531 0.0015625 0.0390625 0.003125 0.00132537
1 0.517187 0.0015625 0.0375 0.003125 0.00138651
1 0.327344 0.0015625 0.0359375 0.003125 0.00139714
1 0.478125 0.0015625 0.0375 0.003125 0.00143158
1 0.557031 0.0015625 0.0390625 0.003125 0.00146535
1 0.441406 0.0015625 0.0359375 0.003125 0.0014835
1 0.378906 0.0015625 0.0296875 0.003125 0.00174051
1 0.366406 0.0015625 0.0359375 0.003125 0.00193463
1 0.394531 0.0015625 0.0296875 0.003125 0.00193691
1 0.5625 0.99375 0.03125 0.0125 0.00245779
2 0.871875 0.104687 0.065625 0.096875 0.00334094
3 0.596875 0.542188 0.03125 0.021875 0.00682022
0 0.565625 0.828125 0.03125 0.021875 0.00787066
1 0.561719 0.996875 0.0296875 0.00625 0.0291119
3 0.589844 0.5625 0.0328125 0.03125 0.414802
3 0.596094 0.535156 0.0265625 0.0171875 0.763351
0 0.565625 0.819531 0.03125 0.0234375 0.780423
2 0.590625 0.564062 0.03125 0.03125 0.894172
