1 0.672656 0.0015625 0.0390625 0.003125 0.00105212
0 0.558594 0.853906 0.0390625 0.0296875 0.00106269
1 0.415625 0.0015625 0.028125 0.003125 0.00109749
1 0.569531 0.0015625 0.0296875 0.003125 0.0011059
0 0.5625 0.865625 0.034375 0.03125 0.0011073
1 0.532031 0.0015625 0.0296875 0.003125 0.00114928
1 0.634375 0.0015625 0.040625 0.003125 0.00119163
1 0.339063 0.00078125 0.028125 0.0015625 0.00122126
1 0.31875 0.00078125 0.028125 0.0015625 0.00128884
1 0.375781 0.00078125 0.0296875 0.0015625 0.00136156
1 0.453906 0.0015625 0.0296875 0.003125 0.00146099
1 0.595312 0.0015625 0.0375 0.003125 0.00154928
1 0.477344 0.0015625 0.0359375 0.003125 0.00157373
1 0.517969 0.0015625 0.0359375 0.003125 0.00161992
1 0.55625 0.0015625 0.0375 0.003125 0.00162388
1 0.326562 0.0015625 0.034375 0.003125 0.00166225
1 0.363281 0.0015625 0.0359375 0.003125 0.00176324
1 0.440625 0.0015625 0.034375 0.003125 0.00190058
1 0.401563 0.0015625 0.034375 0.003125 0.00194982
2 0.877344 0.103125 0.0640625 0.096875 0.00245691
0 0.555469 0.8375 0.0328125 0.021875 0.00640232
1 0.566406 0.992969 0.0296875 0.0109375 0.00705941
0 0.552344 0.816406 0.0328125 0.0265625 0.00748666
3 0.424219 0.569531 0.0296875 0.0234375 0.023739
1 0.56875 0.996875 0.028125 0.00625 0.0532686
3 0.4375 0.58125 0.034375 0.03125 0.270993
0 0.553906 0.825781 0.0328125 0.0234375 0.756832
3 0.415625 0.558594 0.025 0.0203125 0.829738
2 0.439063 0.58125 0.034375 0.03125 0.889257
