1 0.571094 0.0015625 0.0328125 0.003125 0.00101392
0 0.564062 0.860156 0.03125 0.0328125 0.00103761
3 0.190625 0.992188 0.021875 0.009375 0.00117219
1 0.594531 0.0015625 0.0390625 0.003125 0.00120495
1 0.53125 0.0015625 0.03125 0.003125 0.00132376
1 0.415625 0.00078125 0.028125 0.0015625 0.00134509
1 0.55625 0.0015625 0.0375 0.003125 0.00145973
1 0.3375 0.00078125 0.028125 0.0015625 0.0014642
1 0.477344 0.0015625 0.0359375 0.003125 0.00150381
1 0.452344 0.00078125 0.0296875 0.0015625 0.00151702
1 0.363281 0.0015625 0.0359375 0.003125 0.00158762
2 0.874219 0.10625 0.0703125 0.10625 0.0016267
1 0.319531 0.00078125 0.0265625 0.0015625 0.00163274
1 0.51875 0.0015625 0.0375 0.003125 0.00165234
1 0.403906 0.0015625 0.0359375 0.003125 0.00184432
0 0.561719 0.839063 0.0328125 0.028125 0.00193092
1 0.439844 0.0015625 0.0359375 0.003125 0.0020345
0 0.563281 0.808594 0.0296875 0.0265625 0.00253836
1 0.560156 0.99375 0.0296875 0.009375 0.00735701
0 0.563281 0.828125 0.0296875 0.01875 0.0126703
1 0.559375 0.996875 0.028125 0.00625 0.0430508
3 0.632031 0.561719 0.0328125 0.0328125 0.410795
3 0.646094 0.536719 0.0265625 0.0203125 0.744728
0 0.5625 0.819531 0.03125 0.0234375 0.755135
2 0.63125 0.5625 0.034375 0.034375 0.913853
