1 0.3375 0.00078125 0.025 0.0015625 0.00100024
1 0.666406 0.0015625 0.0296875 0.003125 0.00100104
1 0.530469 0.0015625 0.0296875 0.003125 0.00104191
1 0.376563 0.00078125 0.028125 0.0015625 0.00106509
1 0.492188 0.00078125 0.028125 0.0015625 0.00107184
1 0.635938 0.0015625 0.0375 0.003125 0.00110278
1 0.415625 0.00078125 0.028125 0.0015625 0.00111159
1 0.326562 0.0015625 0.034375 0.003125 0.00122369
1 0.554688 0.0015625 0.0375 0.003125 0.00136903
1 0.595312 0.0015625 0.0375 0.003125 0.00138667
1 0.441406 0.0015625 0.0359375 0.003125 0.00145353
1 0.516406 0.0015625 0.0359375 0.003125 0.00146029
1 0.364062 0.0015625 0.034375 0.003125 0.00147579
1 0.401563 0.0015625 0.034375 0.003125 0.00148899
1 0.478906 0.0015625 0.0359375 0.003125 0.00162326
0 0.5625 0.83125 0.03125 0.028125 0.00210953
1 0.561719 0.99375 0.0296875 0.0125 0.00475093
0 0.564062 0.805469 0.03125 0.0234375 0.01105
1 0.560156 0.996875 0.0296875 0.00625 0.0373877
3 0.566406 0.517187 0.0296875 0.025 0.413519
3 0.567969 0.482812 0.0296875 0.0125 0.755081
0 0.5625 0.814844 0.03125 0.0234375 0.772947
2 0.565625 0.517187 0.028125 0.025 0.886953
