1 0.338281 0.00078125 0.0265625 0.0015625 0.00100644
1 0.492969 0.0015625 0.0296875 0.003125 0.00101158
1 0.570312 0.0015625 0.03125 0.003125 0.00104417
1 0.328125 0.0015625 0.034375 0.003125 0.00123236
1 0.476562 0.0015625 0.0375 0.003125 0.00137927
1 0.594531 0.0015625 0.0390625 0.003125 0.00143499
1 0.452344 0.00078125 0.0296875 0.0015625 0.00149961
1 0.517969 0.0015625 0.0390625 0.003125 0.00152466
1 0.558594 0.0015625 0.0390625 0.003125 0.00154175
1 0.364844 0.0015625 0.0359375 0.003125 0.00165792
1 0.415625 0.00078125 0.028125 0.0015625 0.00183814
0 0.566406 0.807031 0.0328125 0.0296875 0.00192338
1 0.403906 0.0015625 0.0359375 0.003125 0.0021151
1 0.438281 0.0015625 0.0359375 0.003125 0.00211668
1 0.561719 0.994531 0.0296875 0.0109375 0.00513187
0 0.565625 0.828125 0.03125 0.021875 0.0131051
1 0.5625 0.996875 0.028125 0.00625 0.0391999
3 0.614844 0.561719 0.0359375 0.0328125 0.395036
0 0.565625 0.819531 0.03125 0.0234375 0.738484
3 0.625781 0.535156 0.0265625 0.0203125 0.771779
2 0.614844 0.561719 0.0328125 0.0328125 0.90988
