1 0.646875 0.0015625 0.028125 0.003125 0.00100837
1 0.569531 0.0015625 0.0296875 0.003125 0.0010128
1 0.634375 0.0015625 0.0375 0.003125 0.00106662
1 0.492188 0.0015625 0.028125 0.003125 0.00111658
1 0.327344 0.0015625 0.0328125 0.003125 0.0011608
1 0.594531 0.0015625 0.0359375 0.003125 0.00118907
1 0.478906 0.0015625 0.0359375 0.003125 0.00133235
1 0.414844 0.00078125 0.0265625 0.0015625 0.00133343
1 0.364844 0.0015625 0.0359375 0.003125 0.00137743
1 0.55625 0.0015625 0.0375 0.003125 0.00138771
0 0.559375 0.796875 0.034375 0.028125 0.00139067
1 0.516406 0.0015625 0.0359375 0.003125 0.00141649
1 0.403125 0.0015625 0.034375 0.003125 0.00160909
1 0.440625 0.0015625 0.034375 0.003125 0.00166561
1 0.559375 0.992969 0.03125 0.0140625 0.00318591
0 0.557031 0.81875 0.0328125 0.021875 0.0044821
1 0.559375 0.996875 0.03125 0.00625 0.0223731
3 0.549219 0.515625 0.0328125 0.025 0.459874
0 0.557813 0.809375 0.03125 0.025 0.755544
3 0.548437 0.480469 0.028125 0.0109375 0.762481
2 0.549219 0.515625 0.0296875 0.025 0.882131
