1 0.376563 0.0015625 0.03125 0.003125 0.0010154
1 0.453125 0.0015625 0.03125 0.003125 0.00108841
1 0.594531 0.0015625 0.0390625 0.003125 0.00112337
3 0.514844 0.578906 0.0328125 0.0140625 0.00115598
1 0.55625 0.0015625 0.040625 0.003125 0.0012013
1 0.478906 0.0015625 0.0390625 0.003125 0.00136973
1 0.517969 0.0015625 0.0390625 0.003125 0.00142854
1 0.416406 0.0015625 0.0296875 0.003125 0.00152142
1 0.339844 0.0015625 0.0296875 0.003125 0.00153122
1 0.328906 0.0015625 0.0359375 0.003125 0.00155708
1 0.439844 0.0015625 0.0359375 0.003125 0.00182483
0 0.557031 0.903125 0.0328125 0.028125 0.00183582
1 0.402344 0.0015625 0.0359375 0.003125 0.00184446
1 0.364062 0.0015625 0.0375 0.003125 0.00193089
1 0.567187 0.99375 0.034375 0.0125 0.00521886
1 0.564844 0.996875 0.0328125 0.00625 0.00568227
0 0.559375 0.924219 0.03125 0.0203125 0.0143228
3 0.520312 0.61875 0.03125 0.025 0.455128
3 0.515625 0.583594 0.028125 0.0109375 0.756407
0 0.557813 0.914844 0.03125 0.0234375 0.763268
2 0.519531 0.61875 0.0296875 0.021875 0.852186
