1 0.339844 0.0015625 0.0265625 0.003125 0.00105399
1 0.596094 0.0015625 0.0390625 0.003125 0.00109211
2 0.875 0.107031 0.071875 0.110937 0.00111477
1 0.55625 0.0015625 0.0375 0.003125 0.00116799
1 0.329688 0.0015625 0.034375 0.003125 0.00125784
1 0.490625 0.0015625 0.03125 0.003125 0.00128831
1 0.415625 0.0015625 0.028125 0.003125 0.00145247
1 0.515625 0.0015625 0.0375 0.003125 0.0014872
1 0.477344 0.0015625 0.0359375 0.003125 0.00158234
1 0.375781 0.0015625 0.0296875 0.003125 0.00158791
1 0.440625 0.0015625 0.0375 0.003125 0.00170638
1 0.401563 0.0015625 0.034375 0.003125 0.001765
1 0.364844 0.0015625 0.0359375 0.003125 0.00198023
1 0.5625 0.990625 0.034375 0.015625 0.00230055
0 0.557813 0.93125 0.04375 0.028125 0.00268716
2 0.5125 0.565625 0.03125 0.025 0.00393646
0 0.553906 0.885938 0.0328125 0.021875 0.0148534
1 0.564844 0.996094 0.0328125 0.0078125 0.0197907
3 0.514844 0.579687 0.0328125 0.025 0.455933
3 0.510156 0.546094 0.0296875 0.0109375 0.742075
0 0.553125 0.877344 0.03125 0.0234375 0.776597
2 0.514063 0.580469 0.03125 0.0234375 0.866949
