1 0.326562 0.0015625 0.034375 0.003125 0.00100786
1 0.672656 0.0015625 0.0359375 0.003125 0.00101298
1 0.570312 0.0015625 0.03125 0.003125 0.00103007
0 0.5625 0.833594 0.03125 0.0328125 0.00103074
1 0.59375 0.0015625 0.0375 0.003125 0.00112491
3 0.557031 0.482031 0.0296875 0.0203125 0.00123251
1 0.555469 0.994531 0.0328125 0.0109375 0.00127929
1 0.492188 0.0015625 0.028125 0.003125 0.00128629
1 0.55625 0.0015625 0.0375 0.003125 0.00130458
1 0.365625 0.0015625 0.034375 0.003125 0.0013339
1 0.478906 0.0015625 0.0359375 0.003125 0.00146352
1 0.415625 0.00078125 0.028125 0.0015625 0.00150387
1 0.514844 0.0015625 0.0359375 0.003125 0.00156613
1 0.439844 0.0015625 0.0359375 0.003125 0.00165282
0 0.5625 0.796094 0.03125 0.0296875 0.00169337
1 0.403125 0.0015625 0.034375 0.003125 0.0017692
2 0.876562 0.10625 0.05625 0.090625 0.00747392
1 0.560938 0.996875 0.028125 0.00625 0.048411
3 0.5625 0.517187 0.03125 0.025 0.413952
0 0.5625 0.8125 0.03125 0.025 0.743703
3 0.563281 0.482812 0.0296875 0.0125 0.746638
2 0.5625 0.517187 0.028125 0.028125 0.907961
