0 0.564062 0.863281 0.03125 0.0328125 0.00101691
1 0.376563 0.0015625 0.028125 0.003125 0.00102467
1 0.685938 0.0015625 0.03125 0.003125 0.00104466
1 0.492969 0.00078125 0.0296875 0.0015625 0.00108639
1 0.592969 0.0015625 0.0390625 0.003125 0.00112231
1 0.570312 0.0015625 0.03125 0.003125 0.00115462
1 0.674219 0.0015625 0.0390625 0.003125 0.00117497
1 0.339063 0.00078125 0.028125 0.0015625 0.001388
1 0.478906 0.0015625 0.0359375 0.003125 0.00147338
1 0.55625 0.0015625 0.0375 0.003125 0.00151105
1 0.326562 0.0015625 0.034375 0.003125 0.00160695
1 0.51875 0.0015625 0.0375 0.003125 0.00162825
1 0.363281 0.0015625 0.0359375 0.003125 0.00168503
1 0.439844 0.0015625 0.0359375 0.003125 0.00176697
1 0.401563 0.0015625 0.034375 0.003125 0.00186416
1 0.414844 0.0015625 0.0296875 0.003125 0.00192688
1 0.555469 0.995313 0.0328125 0.009375 0.00197102
1 0.561719 0.996875 0.0296875 0.00625 0.045567
3 0.546094 0.569531 0.0328125 0.0296875 0.370175
3 0.542969 0.540625 0.0296875 0.015625 0.773439
0 0.564062 0.821094 0.03125 0.0234375 0.791302
2 0.546875 0.569531 0.03125 0.0296875 0.876463
