1 0.532812 0.0015625 0.03125 0.003125 0.00100095
1 0.414844 0.0015625 0.0296875 0.003125 0.00103237
1 0.59375 0.0015625 0.040625 0.003125 0.0010438
1 0.555469 0.0015625 0.0390625 0.003125 0.00121489
1 0.326562 0.0015625 0.034375 0.003125 0.00130757
0 0.053125 0.164062 0.04375 0.09375 0.00136745
1 0.338281 0.0015625 0.0265625 0.003125 0.00140814
3 0.649219 0.5875 0.0296875 0.03125 0.00146817
1 0.492188 0.0015625 0.03125 0.003125 0.00153737
1 0.364062 0.0015625 0.0375 0.003125 0.00160518
1 0.396094 0.0015625 0.0296875 0.003125 0.00164801
1 0.517187 0.0015625 0.0375 0.003125 0.00165129
1 0.442187 0.0015625 0.0375 0.003125 0.00176265
1 0.479688 0.0015625 0.0375 0.003125 0.00185286
3 0.657031 0.586719 0.0328125 0.0453125 0.00211917
0 0.563281 0.80625 0.0328125 0.025 0.00320408
2 0.874219 0.101562 0.0671875 0.090625 0.00336053
0 0.5625 0.828125 0.03125 0.021875 0.00804589
1 0.560938 0.99375 0.03125 0.009375 0.0122651
1 0.560938 0.996875 0.028125 0.00625 0.065126
3 0.671094 0.564062 0.0328125 0.034375 0.325969
3 0.692969 0.540625 0.0234375 0.021875 0.736243
0 0.5625 0.817969 0.03125 0.0234375 0.8085
2 0.670313 0.564844 0.034375 0.0328125 0.8982
