1 0.633594 0.0015625 0.0390625 0.003125 0.00104501
1 0.569531 0.0015625 0.0296875 0.003125 0.00105244
1 0.319531 0.00078125 0.0265625 0.0015625 0.00106969
1 0.338281 0.00078125 0.0265625 0.0015625 0.00109873
1 0.415625 0.00078125 0.028125 0.0015625 0.00112407
1 0.492188 0.00078125 0.028125 0.0015625 0.0011447
1 0.376563 0.00078125 0.028125 0.0015625 0.00125872
0 0.561719 0.863281 0.0328125 0.0296875 0.00134068
0 0.554688 0.8125 0.034375 0.028125 0.00139842
1 0.55625 0.0015625 0.0375 0.003125 0.00148378
1 0.453125 0.00078125 0.028125 0.0015625 0.00151163
1 0.595312 0.0015625 0.0375 0.003125 0.00152076
1 0.517187 0.0015625 0.0375 0.003125 0.00157338
1 0.326562 0.0015625 0.034375 0.003125 0.00158743
0 0.558594 0.853125 0.0359375 0.028125 0.00160929
1 0.477344 0.0015625 0.0359375 0.003125 0.00168327
1 0.364062 0.0015625 0.034375 0.003125 0.00172615
1 0.402344 0.0015625 0.0359375 0.003125 0.00189619
1 0.440625 0.0015625 0.034375 0.003125 0.00193732
1 0.563281 0.992969 0.0296875 0.0109375 0.00447617
0 0.55625 0.838281 0.03125 0.0234375 0.0119939
3 0.463281 0.564844 0.0296875 0.0296875 0.019074
1 0.564062 0.996875 0.028125 0.00625 0.0411967
3 0.471094 0.573438 0.0359375 0.03125 0.427809
0 0.554688 0.824219 0.03125 0.0234375 0.72824
3 0.455469 0.548437 0.0265625 0.01875 0.827151
2 0.471875 0.575 0.034375 0.03125 0.886858
