1 0.635156 0.0015625 0.0390625 0.003125 0.00103784
1 0.530469 0.00078125 0.0296875 0.0015625 0.00108964
1 0.685156 0.00078125 0.0296875 0.0015625 0.00110346
1 0.59375 0.0015625 0.0375 0.003125 0.00111033
1 0.673437 0.0015625 0.0375 0.003125 0.00113323
1 0.338281 0.00078125 0.0265625 0.0015625 0.00114325
0 0.564062 0.835156 0.03125 0.0328125 0.0012437
1 0.478906 0.0015625 0.0359375 0.003125 0.00127133
1 0.554688 0.0015625 0.0375 0.003125 0.0013114
1 0.327344 0.0015625 0.0328125 0.003125 0.00139257
1 0.516406 0.0015625 0.0359375 0.003125 0.00148994
1 0.364062 0.0015625 0.034375 0.003125 0.00154474
1 0.438281 0.0015625 0.0359375 0.003125 0.00161685
1 0.404687 0.0015625 0.034375 0.003125 0.00193627
1 0.416406 0.0015625 0.0265625 0.003125 0.00210143
3 0.576563 0.478125 0.03125 0.0125 0.00698043
1 0.560938 0.996875 0.03125 0.00625 0.0132067
3 0.571875 0.516406 0.03125 0.0265625 0.433256
3 0.573438 0.482812 0.028125 0.0125 0.735824
0 0.564062 0.8125 0.03125 0.025 0.742404
2 0.571094 0.517187 0.0296875 0.025 0.876298
