1 0.317969 0.00078125 0.0265625 0.0015625 0.00100981
1 0.635156 0.0015625 0.0390625 0.003125 0.00105048
1 0.416406 0.00078125 0.0265625 0.0015625 0.00105972
1 0.569531 0.0015625 0.0296875 0.003125 0.00107714
1 0.59375 0.0015625 0.0375 0.003125 0.00114658
1 0.376563 0.00078125 0.028125 0.0015625 0.00118584
1 0.328125 0.0015625 0.034375 0.003125 0.00121741
1 0.478125 0.0015625 0.0375 0.003125 0.00137126
0 0.559375 0.832812 0.03125 0.03125 0.00138848
1 0.439844 0.0015625 0.0359375 0.003125 0.00142777
1 0.555469 0.0015625 0.0359375 0.003125 0.00149746
1 0.364062 0.0015625 0.034375 0.003125 0.00153016
1 0.560938 0.992969 0.028125 0.0140625 0.00156479
1 0.517969 0.0015625 0.0359375 0.003125 0.00163255
1 0.401563 0.0015625 0.034375 0.003125 0.00169993
1 0.560938 0.996875 0.028125 0.00625 0.0692253
3 0.554688 0.517187 0.03125 0.025 0.377553
3 0.554688 0.482812 0.028125 0.0125 0.689715
0 0.559375 0.813281 0.03125 0.0234375 0.751542
2 0.553906 0.517187 0.0296875 0.025 0.855662
