1 0.672656 0.0015625 0.0390625 0.003125 0.0010247
1 0.635938 0.0015625 0.040625 0.003125 0.00103885
1 0.49375 0.0015625 0.03125 0.003125 0.00104221
1 0.569531 0.0015625 0.0328125 0.003125 0.00108099
1 0.3375 0.00078125 0.028125 0.0015625 0.00113781
1 0.453906 0.0015625 0.0296875 0.003125 0.0011945
1 0.413281 0.0015625 0.0296875 0.003125 0.0012003
1 0.594531 0.0015625 0.0390625 0.003125 0.0012842
1 0.378906 0.0015625 0.0296875 0.003125 0.00148101
1 0.31875 0.0015625 0.028125 0.003125 0.00155816
1 0.55625 0.0015625 0.0375 0.003125 0.00162653
1 0.478906 0.0015625 0.0359375 0.003125 0.00164444
1 0.517187 0.0015625 0.0375 0.003125 0.00164726
1 0.439844 0.0015625 0.0359375 0.003125 0.00170073
1 0.366406 0.0015625 0.0359375 0.003125 0.00185916
1 0.394531 0.0015625 0.0296875 0.003125 0.00236349
3 0.557813 0.545313 0.03125 0.01875 0.0118956
1 0.561719 0.996875 0.0296875 0.00625 0.0414429
3 0.553125 0.56875 0.03125 0.028125 0.396119
3 0.552344 0.541406 0.0296875 0.0140625 0.742518
0 0.564844 0.822656 0.0296875 0.0234375 0.764809
2 0.553906 0.569531 0.0328125 0.0296875 0.88387
