1 0.491406 0.0015625 0.0296875 0.003125 0.00100891
0 0.563281 0.833594 0.0296875 0.0328125 0.0010171
3 0.557031 0.482031 0.0296875 0.0203125 0.0010212
1 0.338281 0.00078125 0.0265625 0.0015625 0.00102463
1 0.592969 0.0015625 0.0390625 0.003125 0.00109266
1 0.326562 0.0015625 0.034375 0.003125 0.00124518
1 0.56875 0.0015625 0.03125 0.003125 0.00127204
1 0.363281 0.0015625 0.0359375 0.003125 0.00128016
1 0.478125 0.0015625 0.0375 0.003125 0.0012952
1 0.415625 0.0015625 0.028125 0.003125 0.00131504
1 0.403906 0.0015625 0.0359375 0.003125 0.00143623
1 0.51875 0.0015625 0.0375 0.003125 0.00157487
1 0.439844 0.0015625 0.0359375 0.003125 0.00158486
0 0.563281 0.796875 0.0328125 0.028125 0.00159556
1 0.55625 0.0015625 0.0375 0.003125 0.00160131
2 0.875 0.105469 0.06875 0.110937 0.0016406
1 0.560938 0.992969 0.03125 0.0140625 0.00237631
1 0.560938 0.996875 0.028125 0.00625 0.0229056
3 0.5625 0.516406 0.03125 0.0265625 0.433654
0 0.5625 0.8125 0.03125 0.025 0.739534
3 0.564062 0.482031 0.028125 0.0109375 0.761993
2 0.5625 0.516406 0.028125 0.0265625 0.904249
