1 0.455469 0.0015625 0.0296875 0.003125 0.00101906
2 0.875781 0.105469 0.0734375 0.114063 0.00104105
1 0.338281 0.00078125 0.0265625 0.0015625 0.00106921
1 0.377344 0.0015625 0.0296875 0.003125 0.00124611
1 0.59375 0.0015625 0.040625 0.003125 0.00128053
1 0.56875 0.0015625 0.03125 0.003125 0.0012938
1 0.326562 0.0015625 0.034375 0.003125 0.00136761
3 0.582812 0.558594 0.0375 0.0328125 0.00144644
1 0.51875 0.0015625 0.0375 0.003125 0.0014556
1 0.478125 0.0015625 0.0375 0.003125 0.00149056
1 0.441406 0.0015625 0.0359375 0.003125 0.0015791
1 0.364844 0.0015625 0.0359375 0.003125 0.00165068
1 0.400781 0.0015625 0.0359375 0.003125 0.00168726
1 0.55625 0.0015625 0.0375 0.003125 0.00169593
0 0.567969 0.828125 0.0296875 0.021875 0.0018656
0 0.0515625 0.164062 0.040625 0.0875 0.00192401
1 0.561719 0.992969 0.0296875 0.0140625 0.00196602
1 0.561719 0.996875 0.0296875 0.00625 0.0229976
3 0.564062 0.567187 0.03125 0.03125 0.369113
0 0.565625 0.821094 0.03125 0.0234375 0.759101
3 0.565625 0.539062 0.028125 0.015625 0.795005
2 0.564062 0.567969 0.03125 0.0328125 0.897806
