1 0.609375 0.0015625 0.03125 0.003125 0.00101723
1 0.532031 0.00078125 0.0296875 0.0015625 0.00110503
1 0.633594 0.0015625 0.0390625 0.003125 0.00112711
1 0.376563 0.00078125 0.028125 0.0015625 0.00113943
0 0.557813 0.877344 0.034375 0.0265625 0.00115351
1 0.55625 0.0015625 0.0375 0.003125 0.00137411
1 0.596094 0.0015625 0.0390625 0.003125 0.00142992
1 0.338281 0.00078125 0.0265625 0.0015625 0.00153246
1 0.415625 0.00078125 0.028125 0.0015625 0.00154354
1 0.517969 0.0015625 0.0359375 0.003125 0.00154783
1 0.477344 0.0015625 0.0359375 0.003125 0.00162014
1 0.453906 0.00078125 0.0296875 0.0015625 0.00163099
1 0.326562 0.0015625 0.034375 0.003125 0.00168781
2 0.410937 0.574219 0.03125 0.0296875 0.00178439
1 0.364062 0.0015625 0.034375 0.003125 0.00183916
1 0.403125 0.0015625 0.034375 0.003125 0.00196119
1 0.439844 0.0015625 0.0359375 0.003125 0.00213591
3 0.411719 0.574219 0.0296875 0.0328125 0.00233686
0 0.552344 0.8375 0.0328125 0.025 0.00241412
1 0.564062 0.991406 0.03125 0.0140625 0.00297246
2 0.874219 0.104687 0.0609375 0.090625 0.00519695
1 0.567187 0.996875 0.028125 0.00625 0.0282031
3 0.402344 0.571094 0.0296875 0.0265625 0.0854251
3 0.417188 0.583594 0.034375 0.0328125 0.296259
0 0.551562 0.822656 0.03125 0.0234375 0.755299
3 0.391406 0.561719 0.0234375 0.0234375 0.830135
2 0.417188 0.583594 0.034375 0.0328125 0.882068
