2 0.0570313 0.972656 0.0890625 0.0546875 0.00010006
0 0.596094 0.865625 0.0796875 0.08125 0.000100137
1 0.0570313 0.976562 0.101562 0.046875 0.000106366
1 0.252344 0.00078125 0.0203125 0.0015625 0.000108793
1 0.963281 0.0234375 0.0421875 0.046875 0.000109578
1 0.882812 0.0210938 0.04375 0.0140625 0.000116025
0 0.571875 0.93125 0.03125 0.025 0.000119615
0 0.560156 0.878906 0.0734375 0.0703125 0.000119926
1 0.271875 0.00078125 0.021875 0.0015625 0.000119973
1 0.736719 0.0015625 0.0203125 0.003125 0.000124932
1 0.235938 0.0015625 0.034375 0.003125 0.000125331
1 0.929688 0.0164062 0.09375 0.0328125 0.000125691
1 0.173438 0.0140625 0.1 0.028125 0.000126956
0 0.583594 0.742188 0.0359375 0.03125 0.000128865
2 0.678906 0.710156 0.0328125 0.0484375 0.000131575
1 0.229687 0.00859375 0.1 0.0171875 0.000134839
1 0.698438 0.0015625 0.025 0.003125 0.000137022
0 0.0367187 0.916406 0.0359375 0.0609375 0.000148763
1 0.295312 0.0015625 0.021875 0.003125 0.000155058
1 0.659375 0.00546875 0.0875 0.0109375 0.000178914
1 0.283594 0.00078125 0.0359375 0.0015625 0.000183517
0 0.571875 0.947656 0.034375 0.0328125 0.000191127
1 0.660156 0.0015625 0.0234375 0.003125 0.000211363
1 0.621875 0.0015625 0.025 0.003125 0.000217892
0 0.572656 0.911719 0.0328125 0.0265625 0.00022598
1 0.347656 0.00390625 0.0796875 0.0078125 0.000228911
1 0.314063 0.0015625 0.021875 0.003125 0.00024095
1 0.603906 0.0015625 0.0265625 0.003125 0.000268541
1 0.371094 0.0015625 0.0234375 0.003125 0.00028662
1 0.352344 0.0015625 0.0234375 0.003125 0.000297126
1 0.583594 0.0015625 0.0265625 0.003125 0.000302853
1 0.7125 0.00078125 0.034375 0.0015625 0.000305448
2 0.0320312 0.983594 0.0609375 0.0328125 0.000310852
1 0.391406 0.0015625 0.0234375 0.003125 0.000315241
1 0.332812 0.0015625 0.021875 0.003125 0.000327043
1 0.4125 0.0015625 0.025 0.003125 0.000335643
1 0.46875 0.0015625 0.025 0.003125 0.000336491
1 0.564062 0.0015625 0.025 0.003125 0.000338022
1 0.364844 0.00078125 0.0328125 0.0015625 0.000350231
1 0.507812 0.0015625 0.025 0.003125 0.000350607
1 0.546094 0.0015625 0.0265625 0.003125 0.000360363
1 0.4875 0.0015625 0.025 0.003125 0.000373369
1 0.327344 0.00078125 0.0328125 0.0015625 0.000379761
1 0.526563 0.0015625 0.025 0.003125 0.000383194
1 0.428906 0.0015625 0.0234375 0.003125 0.000388771
1 0.636719 0.00078125 0.0359375 0.0015625 0.000394108
1 0.45 0.0015625 0.025 0.003125 0.000409308
1 0.582031 0.003125 0.0765625 0.00625 0.000415847
1 0.674219 0.00078125 0.0359375 0.0015625 0.000419364
1 0.755469 0.0015625 0.0296875 0.003125 0.000433043
1 0.40625 0.00078125 0.034375 0.0015625 0.000481399
0 0.578125 0.76875 0.034375 0.03125 0.000481734
1 0.429688 0.00234375 0.071875 0.0046875 0.000488001
1 0.0320312 0.980469 0.0390625 0.0390625 0.000493692
1 0.0578125 0.126563 0.10625 0.09375 0.000499913
1 0.444531 0.00078125 0.0359375 0.0015625 0.00051055
1 0.505469 0.00234375 0.0703125 0.0046875 0.000527705
1 0.522656 0.00078125 0.0359375 0.0015625 0.000542584
1 0.597656 0.00078125 0.0359375 0.0015625 0.000571182
1 0.482812 0.00078125 0.034375 0.0015625 0.000579944
1 0.560156 0.00078125 0.0359375 0.0015625 0.000626798
3 0.699219 0.729688 0.0453125 0.04375 0.000771628
0 0.571875 0.875 0.03125 0.028125 0.00091898
0 0.571875 0.89375 0.040625 0.028125 0.00104592
0 0.572656 0.835938 0.0296875 0.025 0.0031115
0 0.574219 0.860937 0.0328125 0.028125 0.00323579
0 0.578906 0.785156 0.0359375 0.0265625 0.00359244
0 0.574219 0.815625 0.0359375 0.03125 0.00542838
0 0.575 0.80625 0.03125 0.021875 0.00654567
1 0.572656 0.996094 0.0296875 0.0078125 0.0325502
3 0.684375 0.726562 0.034375 0.034375 0.415616
0 0.575 0.79375 0.03125 0.025 0.749159
3 0.701563 0.750781 0.021875 0.0203125 0.853204
2 0.685156 0.726562 0.0328125 0.034375 0.864015
