0 0.503906 0.608594 0.0390625 0.0265625 0.000100121
1 0.928125 0.015625 0.0875 0.03125 0.00010098
3 0.475781 0.498437 0.0484375 0.01875 0.000102571
0 0.496875 0.566406 0.034375 0.0234375 0.000104864
0 0.488281 0.386719 0.0953125 0.0921875 0.000107282
1 0.657812 0.0046875 0.084375 0.009375 0.000108254
1 0.55625 0.0015625 0.028125 0.003125 0.000108368
1 0.253125 0.0015625 0.01875 0.003125 0.000111722
0 0.525781 0.6625 0.0765625 0.071875 0.000112857
0 0.488281 0.541406 0.0796875 0.0578125 0.000115427
0 0.495313 0.555469 0.028125 0.0546875 0.000116402
0 0.526563 0.767969 0.0375 0.0296875 0.000120569
1 0.735937 0.00078125 0.015625 0.0015625 0.000121548
1 0.0578125 0.128125 0.103125 0.078125 0.000128002
1 0.272656 0.00078125 0.0203125 0.0015625 0.000128681
0 0.528906 0.675781 0.0328125 0.0515625 0.000131681
0 0.43125 0.373437 0.09375 0.09375 0.00013216
0 0.550781 0.95 0.0296875 0.021875 0.000134374
3 0.942969 0.870313 0.0734375 0.09375 0.000141974
0 0.550781 0.933594 0.0328125 0.0265625 0.00014683
1 0.696875 0.00078125 0.01875 0.0015625 0.000151738
1 0.294531 0.00078125 0.0203125 0.0015625 0.000164988
1 0.677344 0.0015625 0.0203125 0.003125 0.000171213
1 0.283594 0.00078125 0.0328125 0.0015625 0.000172006
1 0.0351562 0.978906 0.0515625 0.0421875 0.000182365
0 0.548437 0.911719 0.034375 0.0265625 0.000182779
0 0.53125 0.716406 0.034375 0.0453125 0.000183085
1 0.658594 0.0015625 0.0203125 0.003125 0.000186809
1 0.621875 0.0015625 0.021875 0.003125 0.000191099
1 0.639844 0.0015625 0.0203125 0.003125 0.000196891
1 0.709375 0.00078125 0.028125 0.0015625 0.000199302
0 0.5125 0.634375 0.053125 0.0375 0.000209361
0 0.517969 0.66875 0.0359375 0.05 0.000217778
1 0.757031 0.0015625 0.0265625 0.003125 0.000218412
1 0.346094 0.00390625 0.0796875 0.0078125 0.00022243
2 0.0335938 0.977344 0.0390625 0.0453125 0.000243532
1 0.632031 0.00078125 0.0328125 0.0015625 0.000244179
3 0.529688 0.503906 0.0625 0.0453125 0.000255988
1 0.314063 0.00078125 0.021875 0.0015625 0.000256409
1 0.603125 0.0015625 0.021875 0.003125 0.000261231
1 0.578906 0.003125 0.0765625 0.00625 0.000266347
0 0.536719 0.8125 0.0296875 0.025 0.00026754
1 0.582812 0.0015625 0.021875 0.003125 0.000271624
1 0.560156 0.99375 0.0421875 0.0125 0.000278129
1 0.353125 0.0015625 0.021875 0.003125 0.000278931
0 0.525781 0.742188 0.0359375 0.028125 0.000279256
3 0.471875 0.464063 0.034375 0.015625 0.000282991
1 0.371875 0.0015625 0.021875 0.003125 0.000284239
1 0.410937 0.0015625 0.021875 0.003125 0.000297812
0 0.507812 0.625781 0.0375 0.0265625 0.000299663
1 0.391406 0.0015625 0.0234375 0.003125 0.000300484
1 0.671094 0.00078125 0.0296875 0.0015625 0.00030724
0 0.542969 0.874219 0.0328125 0.0234375 0.000316749
1 0.563281 0.0015625 0.0234375 0.003125 0.000316822
1 0.332812 0.0015625 0.021875 0.003125 0.000325598
1 0.507031 0.0015625 0.0234375 0.003125 0.000334726
1 0.545313 0.0015625 0.021875 0.003125 0.000345012
1 0.467969 0.0015625 0.0234375 0.003125 0.000351391
1 0.449219 0.0015625 0.0234375 0.003125 0.000354195
1 0.430469 0.0015625 0.0234375 0.003125 0.000356441
1 0.364062 0.00078125 0.034375 0.0015625 0.000359156
1 0.488281 0.0015625 0.0234375 0.003125 0.000367906
0 0.538281 0.836719 0.0328125 0.0265625 0.000368795
1 0.427344 0.003125 0.0734375 0.00625 0.000375278
1 0.525781 0.0015625 0.0234375 0.003125 0.000376666
0 0.514844 0.664844 0.0328125 0.0265625 0.000377619
0 0.521094 0.702344 0.0359375 0.0234375 0.000394514
0 0.517969 0.682813 0.0328125 0.025 0.000407327
1 0.325 0.00078125 0.03125 0.0015625 0.000414055
1 0.50625 0.00234375 0.071875 0.0046875 0.000419038
0 0.510938 0.645312 0.034375 0.025 0.000441234
1 0.405469 0.00078125 0.0328125 0.0015625 0.000444174
1 0.44375 0.00078125 0.034375 0.0015625 0.000458712
0 0.523438 0.722656 0.034375 0.0265625 0.000459774
1 0.595312 0.00078125 0.03125 0.0015625 0.000462547
0 0.540625 0.875 0.0625 0.04375 0.000466439
3 0.469531 0.451562 0.0296875 0.0125 0.00047407
1 0.48125 0.00078125 0.034375 0.0015625 0.000555875
1 0.557031 0.00078125 0.0328125 0.0015625 0.000558756
2 0.48125 0.486719 0.0375 0.0234375 0.000589504
1 0.521094 0.00078125 0.0328125 0.0015625 0.000591412
0 0.545313 0.896875 0.0375 0.03125 0.000647321
0 0.535937 0.803906 0.034375 0.0234375 0.00114744
0 0.541406 0.864844 0.0359375 0.0328125 0.0012128
0 0.532812 0.775 0.0375 0.021875 0.00289877
1 0.551562 0.996094 0.03125 0.0078125 0.0164294
3 0.475781 0.491406 0.0328125 0.0234375 0.0305665
3 0.467969 0.458594 0.0296875 0.0109375 0.754791
0 0.532031 0.784375 0.0328125 0.025 0.772005
2 0.475781 0.492969 0.0328125 0.0234375 0.867936
