0 0.598437 0.739844 0.034375 0.0265625 0.000104677
2 0.0445312 0.966406 0.0890625 0.0671875 0.00010644
1 0.172656 0.0140625 0.101562 0.028125 0.000106603
1 0.7375 0.0015625 0.021875 0.003125 0.000112463
3 0.783594 0.69375 0.0546875 0.065625 0.000123158
1 0.236719 0.0015625 0.0328125 0.003125 0.000127156
1 0.273438 0.00078125 0.021875 0.0015625 0.00012879
1 0.251563 0.00078125 0.01875 0.0015625 0.000135461
0 0.6 0.727344 0.0625 0.0390625 0.000137646
1 0.963281 0.0242187 0.0421875 0.0453125 0.000138015
1 0.232031 0.0078125 0.0984375 0.015625 0.000143747
1 0.059375 0.985156 0.04375 0.0171875 0.000144975
0 0.571094 0.948438 0.0328125 0.025 0.000146582
1 0.930469 0.015625 0.0921875 0.03125 0.000151645
1 0.698438 0.0015625 0.025 0.003125 0.000155536
2 0.775781 0.694531 0.0359375 0.0453125 0.000158927
0 0.7125 0.680469 0.05 0.0515625 0.000163231
1 0.29375 0.00078125 0.021875 0.0015625 0.000175382
0 0.557031 0.875 0.0640625 0.059375 0.000179466
0 0.594531 0.769531 0.0546875 0.0515625 0.000181268
1 0.660937 0.0015625 0.025 0.003125 0.000186996
0 0.59375 0.860156 0.059375 0.0609375 0.000197132
0 0.570312 0.957031 0.040625 0.0296875 0.000204166
1 0.640625 0.0015625 0.025 0.003125 0.000210925
1 0.282813 0.00078125 0.034375 0.0015625 0.00021334
3 0.776563 0.694531 0.046875 0.0390625 0.000214543
1 0.621875 0.0015625 0.025 0.003125 0.000221259
3 0.757812 0.744531 0.028125 0.0453125 0.000222601
1 0.659375 0.00390625 0.084375 0.0078125 0.000225204
0 0.578906 0.814844 0.0328125 0.0265625 0.000250098
1 0.313281 0.0015625 0.0203125 0.003125 0.000250994
1 0.584375 0.0015625 0.025 0.003125 0.000294606
1 0.332812 0.0015625 0.021875 0.003125 0.000294965
1 0.353125 0.0015625 0.021875 0.003125 0.000297813
1 0.35 0.003125 0.078125 0.00625 0.000301437
3 0.816406 0.701563 0.0234375 0.028125 0.000302897
1 0.7125 0.00078125 0.034375 0.0015625 0.000305916
2 0.0375 0.976562 0.040625 0.046875 0.00032132
1 0.372656 0.0015625 0.0234375 0.003125 0.000324941
1 0.604688 0.0015625 0.025 0.003125 0.000326477
1 0.430469 0.0015625 0.0234375 0.003125 0.000342604
1 0.46875 0.0015625 0.025 0.003125 0.000348587
1 0.448438 0.0015625 0.025 0.003125 0.000348835
1 0.50625 0.0015625 0.025 0.003125 0.000350012
1 0.489062 0.0015625 0.025 0.003125 0.000361772
1 0.391406 0.0015625 0.0234375 0.003125 0.000364517
1 0.410156 0.0015625 0.0234375 0.003125 0.000386228
1 0.5625 0.0015625 0.025 0.003125 0.000390413
1 0.755469 0.0015625 0.0296875 0.003125 0.000392716
1 0.526563 0.0015625 0.025 0.003125 0.000394698
0 0.589063 0.764844 0.034375 0.0296875 0.000395151
1 0.546875 0.0015625 0.025 0.003125 0.00040245
1 0.367188 0.00078125 0.034375 0.0015625 0.00040346
1 0.636719 0.00078125 0.0359375 0.0015625 0.000409338
3 0.821875 0.721094 0.021875 0.0234375 0.000426842
1 0.583594 0.003125 0.0765625 0.00625 0.000427536
1 0.325781 0.00078125 0.0328125 0.0015625 0.000448633
1 0.442969 0.00078125 0.0359375 0.0015625 0.000458014
1 0.675 0.00078125 0.034375 0.0015625 0.000460962
1 0.404687 0.00078125 0.034375 0.0015625 0.00050517
1 0.0585938 0.127344 0.0984375 0.0734375 0.000505754
1 0.425781 0.00234375 0.0703125 0.0046875 0.000512403
1 0.507031 0.00234375 0.0703125 0.0046875 0.000557204
1 0.521875 0.00078125 0.034375 0.0015625 0.0005752
1 0.483594 0.00078125 0.0359375 0.0015625 0.000583808
1 0.599219 0.00078125 0.0359375 0.0015625 0.000590828
1 0.558594 0.00078125 0.0359375 0.0015625 0.000619553
0 0.571875 0.930469 0.03125 0.0234375 0.00079955
0 0.572656 0.914062 0.0296875 0.025 0.000854629
0 0.576563 0.8375 0.03125 0.028125 0.00107375
0 0.574219 0.873438 0.0296875 0.025 0.00112904
0 0.584375 0.777344 0.040625 0.0265625 0.00148663
0 0.576563 0.861719 0.0375 0.0296875 0.00166926
0 0.577344 0.829687 0.0421875 0.034375 0.0020702
0 0.573438 0.897656 0.034375 0.0296875 0.00210527
3 0.80625 0.713281 0.025 0.0359375 0.00288593
0 0.58125 0.801562 0.03125 0.025 0.00562066
1 0.567969 0.991406 0.0359375 0.0109375 0.00691382
1 0.571094 0.996094 0.0296875 0.0078125 0.0185003
3 0.789062 0.700781 0.03125 0.0328125 0.253669
0 0.583594 0.785156 0.0328125 0.0265625 0.73185
3 0.81875 0.714844 0.01875 0.0296875 0.84682
2 0.7875 0.700781 0.03125 0.0328125 0.88626
