1 0.403125 0.0015625 0.028125 0.003125 0.000100046
1 0.655469 0.00703125 0.0859375 0.0140625 0.000100863
1 0.253125 0.00078125 0.01875 0.0015625 0.000101009
0 0.515625 0.554688 0.046875 0.034375 0.000105104
3 0.489844 0.447656 0.0328125 0.0140625 0.000108079
1 0.235156 0.0015625 0.0328125 0.003125 0.000108686
1 0.480469 0.0015625 0.0265625 0.003125 0.000109463
0 0.522656 0.585938 0.0359375 0.025 0.000111684
2 0.932813 0.932031 0.03125 0.0609375 0.000114307
0 0.510938 0.538281 0.0625 0.0421875 0.000114373
1 0.928906 0.015625 0.0859375 0.03125 0.000115032
0 0.536719 0.717188 0.0578125 0.0375 0.000115138
1 0.23125 0.00859375 0.096875 0.0171875 0.000117401
1 0.274219 0.00078125 0.0203125 0.0015625 0.000117568
0 0.564844 0.902344 0.0546875 0.0328125 0.000118868
1 0.547656 0.994531 0.0296875 0.0109375 0.000120217
1 0.715625 0.00078125 0.01875 0.0015625 0.000120913
3 0.942969 0.863281 0.0734375 0.0953125 0.000121737
0 0.565625 0.865625 0.03125 0.05 0.000123114
0 0.5375 0.655469 0.065625 0.0671875 0.000125212
3 0.313281 0.992188 0.0390625 0.015625 0.000134067
1 0.735937 0.0015625 0.015625 0.003125 0.000135758
0 0.553906 0.949219 0.0328125 0.0234375 0.000139361
1 0.697656 0.0015625 0.0171875 0.003125 0.000145393
0 0.53125 0.596094 0.053125 0.0359375 0.000151117
3 0.298438 0.991406 0.028125 0.0171875 0.000157671
0 0.528906 0.625781 0.0359375 0.0265625 0.00015977
1 0.710156 0.0015625 0.0296875 0.003125 0.000162066
1 0.679688 0.0015625 0.01875 0.003125 0.000162896
1 0.294531 0.0015625 0.0203125 0.003125 0.000163412
1 0.285156 0.00078125 0.0328125 0.0015625 0.000164078
0 0.519531 0.565625 0.0359375 0.025 0.000166171
1 0.657812 0.0015625 0.01875 0.003125 0.000176397
1 0.621094 0.0015625 0.0203125 0.003125 0.000181194
3 0.994531 0.0390625 0.0109375 0.021875 0.000186652
1 0.0578125 0.128125 0.103125 0.078125 0.000189161
3 0.282031 0.992969 0.0609375 0.0140625 0.000192835
0 0.540625 0.73125 0.040625 0.034375 0.000204586
1 0.639844 0.0015625 0.0203125 0.003125 0.000215266
3 0.240625 0.839063 0.01875 0.015625 0.000221479
1 0.348437 0.00390625 0.078125 0.0078125 0.000227818
0 0.553125 0.911719 0.03125 0.0234375 0.000240128
1 0.75625 0.0015625 0.025 0.003125 0.000243367
0 0.553125 0.930469 0.03125 0.0234375 0.00024496
1 0.313281 0.0015625 0.0203125 0.003125 0.000264317
0 0.534375 0.634375 0.046875 0.034375 0.000264514
0 0.532812 0.646094 0.034375 0.0265625 0.000266202
1 0.58125 0.00390625 0.075 0.0078125 0.000267058
1 0.602344 0.0015625 0.0203125 0.003125 0.000267701
1 0.632031 0.00078125 0.0328125 0.0015625 0.000273555
1 0.582812 0.0015625 0.021875 0.003125 0.000273687
1 0.671875 0.0015625 0.03125 0.003125 0.000275584
1 0.449219 0.0015625 0.0234375 0.003125 0.000285588
1 0.352344 0.0015625 0.0234375 0.003125 0.000287153
1 0.525781 0.0015625 0.0234375 0.003125 0.000292478
0 0.539844 0.741406 0.0328125 0.0265625 0.00029286
1 0.332031 0.0015625 0.0203125 0.003125 0.000299329
1 0.371875 0.0015625 0.021875 0.003125 0.000300533
1 0.564062 0.0015625 0.021875 0.003125 0.000302971
1 0.505469 0.0015625 0.0234375 0.003125 0.000311593
1 0.430469 0.0015625 0.0234375 0.003125 0.000312446
1 0.390625 0.0015625 0.021875 0.003125 0.000314834
3 0.298438 0.995313 0.040625 0.009375 0.000319132
1 0.545313 0.0015625 0.021875 0.003125 0.000324584
1 0.486719 0.0015625 0.0234375 0.003125 0.000327591
1 0.410156 0.0015625 0.0234375 0.003125 0.000339751
1 0.364844 0.00078125 0.0328125 0.0015625 0.000342573
1 0.325 0.00078125 0.03125 0.0015625 0.000347013
1 0.469531 0.0015625 0.0234375 0.003125 0.000358213
1 0.425781 0.003125 0.0734375 0.00625 0.000369026
0 0.550781 0.846094 0.0578125 0.0546875 0.00037157
1 0.503125 0.00234375 0.071875 0.0046875 0.00040861
3 0.298438 0.996094 0.021875 0.0078125 0.000413365
1 0.442969 0.00078125 0.0328125 0.0015625 0.00043173
0 0.534375 0.664062 0.03125 0.025 0.000442165
1 0.560156 0.992969 0.0328125 0.0140625 0.000443939
0 0.552344 0.86875 0.0515625 0.03125 0.00045621
1 0.520312 0.00078125 0.034375 0.0015625 0.000476348
0 0.551562 0.874219 0.03125 0.0234375 0.000482629
1 0.595312 0.00078125 0.03125 0.0015625 0.000493873
1 0.558594 0.00078125 0.0328125 0.0015625 0.000494207
1 0.403906 0.00078125 0.0328125 0.0015625 0.000510029
2 0.0335938 0.977344 0.0390625 0.0453125 0.000525866
1 0.48125 0.00078125 0.034375 0.0015625 0.000529259
0 0.549219 0.835156 0.0328125 0.0265625 0.000615972
0 0.552344 0.89375 0.0390625 0.03125 0.000652974
0 0.538281 0.721094 0.0328125 0.0265625 0.000679897
0 0.536719 0.683594 0.0328125 0.0265625 0.000737726
0 0.535937 0.671875 0.046875 0.03125 0.000753646
0 0.5375 0.701563 0.03125 0.025 0.000974664
0 0.545313 0.8125 0.040625 0.025 0.00102937
0 0.550781 0.859375 0.0359375 0.034375 0.00124528
0 0.545313 0.789844 0.03125 0.0234375 0.00326526
2 0.499219 0.470313 0.0390625 0.03125 0.0038151
0 0.54375 0.769531 0.034375 0.0234375 0.0046789
3 0.497656 0.441406 0.0296875 0.0109375 0.00917913
1 0.55625 0.996094 0.03125 0.0078125 0.0318992
3 0.503906 0.480469 0.0328125 0.0234375 0.407257
3 0.497656 0.447656 0.0296875 0.0109375 0.730288
0 0.545313 0.777344 0.03125 0.0234375 0.77828
2 0.503906 0.482031 0.0328125 0.0234375 0.856201
