0 0.521875 0.567969 0.034375 0.0265625 0.000102273
1 0.928125 0.015625 0.0875 0.03125 0.000107051
1 0.517969 0.0015625 0.0265625 0.003125 0.000107263
0 0.565625 0.947656 0.040625 0.0390625 0.000107721
1 0.272656 0.00078125 0.0203125 0.0015625 0.000113177
3 0.94375 0.860937 0.071875 0.096875 0.000113458
1 0.48125 0.0015625 0.028125 0.003125 0.000117783
1 0.251563 0.00078125 0.01875 0.0015625 0.000119053
0 0.53125 0.605469 0.03125 0.0234375 0.000119896
1 0.717188 0.00078125 0.01875 0.0015625 0.000128314
1 0.294531 0.00078125 0.0203125 0.0015625 0.000135531
1 0.658594 0.0046875 0.0828125 0.009375 0.000136935
1 0.735937 0.00078125 0.015625 0.0015625 0.000139356
0 0.51875 0.578125 0.071875 0.065625 0.000147652
1 0.696875 0.0015625 0.01875 0.003125 0.000155173
0 0.523438 0.548437 0.034375 0.028125 0.000157979
1 0.283594 0.00078125 0.0328125 0.0015625 0.000158147
0 0.541406 0.732031 0.0390625 0.0359375 0.000172464
0 0.522656 0.559375 0.0515625 0.034375 0.000176144
1 0.621094 0.0015625 0.0203125 0.003125 0.000182891
0 0.532812 0.623438 0.03125 0.025 0.000183145
0 0.540625 0.742188 0.034375 0.028125 0.000184496
0 0.557031 0.95 0.0328125 0.025 0.000188774
1 0.641406 0.0015625 0.0203125 0.003125 0.000189297
1 0.678125 0.00078125 0.01875 0.0015625 0.000198769
1 0.710156 0.00078125 0.0296875 0.0015625 0.000199631
0 0.564844 0.905469 0.0515625 0.0328125 0.00019995
3 0.2375 0.339063 0.01875 0.01875 0.000201974
0 0.538281 0.657812 0.0640625 0.065625 0.00020485
1 0.659375 0.0015625 0.01875 0.003125 0.000221912
1 0.347656 0.00390625 0.0796875 0.0078125 0.000222121
1 0.58125 0.00390625 0.078125 0.0078125 0.000234566
1 0.75625 0.0015625 0.025 0.003125 0.000235516
2 0.520312 0.494531 0.034375 0.0234375 0.000236735
0 0.533594 0.64375 0.0328125 0.025 0.000244396
0 0.563281 0.863281 0.0515625 0.0296875 0.000247692
1 0.582812 0.0015625 0.021875 0.003125 0.000254775
1 0.633594 0.00078125 0.0328125 0.0015625 0.000255669
0 0.530469 0.505469 0.0328125 0.0234375 0.000258157
1 0.315625 0.0015625 0.021875 0.003125 0.000262525
0 0.532812 0.59375 0.046875 0.034375 0.000265105
0 0.533594 0.632812 0.0515625 0.034375 0.000267225
0 0.529688 0.558594 0.03125 0.0578125 0.0002684
1 0.371875 0.0015625 0.021875 0.003125 0.000284243
1 0.410937 0.0015625 0.021875 0.003125 0.000286227
1 0.54375 0.0015625 0.021875 0.003125 0.000289167
0 0.55625 0.914844 0.03125 0.0265625 0.0002894
1 0.564844 0.0015625 0.0234375 0.003125 0.000294213
1 0.449219 0.0015625 0.0234375 0.003125 0.000301414
1 0.601562 0.0015625 0.021875 0.003125 0.000305785
1 0.391406 0.0015625 0.0234375 0.003125 0.000309123
1 0.332812 0.0015625 0.021875 0.003125 0.000313417
1 0.525781 0.0015625 0.0234375 0.003125 0.000323678
1 0.428906 0.0015625 0.0234375 0.003125 0.000331732
1 0.351562 0.0015625 0.021875 0.003125 0.000332859
1 0.671875 0.00078125 0.03125 0.0015625 0.000332887
1 0.507031 0.0015625 0.0234375 0.003125 0.000333453
1 0.469531 0.0015625 0.0234375 0.003125 0.000337736
1 0.488281 0.0015625 0.0234375 0.003125 0.00035557
0 0.55625 0.93125 0.03125 0.025 0.000369179
1 0.363281 0.00078125 0.0328125 0.0015625 0.000373018
0 0.555469 0.896094 0.0421875 0.0328125 0.000390973
1 0.326562 0.00078125 0.03125 0.0015625 0.000393744
1 0.426562 0.003125 0.071875 0.00625 0.000398254
2 0.0335938 0.978906 0.0390625 0.0421875 0.000407835
1 0.504687 0.003125 0.071875 0.00625 0.000424686
1 0.05625 0.13125 0.096875 0.071875 0.000425148
0 0.539062 0.721875 0.034375 0.025 0.000454936
1 0.442969 0.00078125 0.0328125 0.0015625 0.000471477
1 0.557031 0.00078125 0.0328125 0.0015625 0.000472041
1 0.403906 0.00078125 0.0328125 0.0015625 0.000476792
0 0.553906 0.874219 0.0296875 0.0265625 0.000485921
0 0.535937 0.664844 0.03125 0.0265625 0.000492863
1 0.594531 0.00078125 0.0328125 0.0015625 0.000505403
1 0.51875 0.00078125 0.034375 0.0015625 0.000535098
1 0.482812 0.00078125 0.034375 0.0015625 0.000583285
0 0.539062 0.702344 0.034375 0.0265625 0.00078481
0 0.553125 0.836719 0.05 0.0359375 0.00112191
0 0.5375 0.682813 0.03125 0.025 0.00120004
1 0.553125 0.99375 0.0375 0.0125 0.0012893
0 0.536719 0.673437 0.0453125 0.03125 0.00132454
0 0.547656 0.816406 0.0421875 0.0265625 0.00133334
3 0.516406 0.467969 0.0296875 0.0203125 0.00177595
2 0.515625 0.467969 0.03125 0.0203125 0.00235726
0 0.552344 0.852344 0.0359375 0.0328125 0.00239675
0 0.546875 0.789844 0.03125 0.0265625 0.00519287
0 0.551562 0.838281 0.03125 0.0265625 0.00520675
0 0.545313 0.76875 0.034375 0.025 0.00830521
1 0.560938 0.996094 0.03125 0.0078125 0.016435
3 0.517187 0.486719 0.03125 0.0234375 0.42304
3 0.514063 0.452344 0.028125 0.0109375 0.744189
0 0.546875 0.777344 0.03125 0.0234375 0.773457
2 0.517187 0.485938 0.03125 0.025 0.882017
