1 0.715625 0.00078125 0.01875 0.0015625 0.000100105
1 0.271875 0.00078125 0.01875 0.0015625 0.000100367
0 0.566406 0.827344 0.0640625 0.0359375 0.000102351
1 0.594531 0.0015625 0.0265625 0.003125 0.000104115
1 0.251563 0.00078125 0.01875 0.0015625 0.000104232
3 0.942969 0.863281 0.0734375 0.0984375 0.000105353
3 0.250781 0.140625 0.0359375 0.053125 0.000107397
1 0.23125 0.00859375 0.1 0.0171875 0.000109371
0 0.567187 0.827344 0.034375 0.0546875 0.000118563
1 0.735937 0.00078125 0.015625 0.0015625 0.000130808
1 0.657031 0.0046875 0.0828125 0.009375 0.000138288
0 0.546875 0.732031 0.040625 0.0359375 0.000140022
0 0.560938 0.767187 0.034375 0.0375 0.000143396
1 0.0367187 0.977344 0.0546875 0.0453125 0.000143699
0 0.535937 0.565625 0.034375 0.021875 0.000145962
1 0.294531 0.0015625 0.0203125 0.003125 0.000147784
3 0.526563 0.461719 0.03125 0.0203125 0.000150854
1 0.696875 0.0015625 0.01875 0.003125 0.000151964
1 0.282031 0.00078125 0.0328125 0.0015625 0.000159558
0 0.539844 0.625781 0.0328125 0.0265625 0.000173667
0 0.566406 0.944531 0.0421875 0.0328125 0.000175922
1 0.678906 0.0015625 0.0203125 0.003125 0.000185299
0 0.527344 0.559375 0.0734375 0.06875 0.000185979
0 0.540625 0.649219 0.065625 0.0671875 0.000190052
0 0.5375 0.590625 0.04375 0.034375 0.000196468
1 0.621094 0.0015625 0.0203125 0.003125 0.000200379
1 0.639844 0.0015625 0.0203125 0.003125 0.000200918
1 0.346875 0.00390625 0.08125 0.0078125 0.000201757
1 0.0578125 0.127344 0.103125 0.0765625 0.000203762
1 0.709375 0.00078125 0.028125 0.0015625 0.000206899
0 0.535156 0.546875 0.0328125 0.028125 0.00021103
0 0.558594 0.932031 0.0328125 0.0265625 0.000213358
2 0.0351562 0.975781 0.0421875 0.0484375 0.000222058
1 0.658594 0.0015625 0.0203125 0.003125 0.000225118
1 0.313281 0.0015625 0.0203125 0.003125 0.000240591
0 0.549219 0.744531 0.0328125 0.0296875 0.000251009
0 0.539844 0.632031 0.0484375 0.0328125 0.000262496
1 0.602344 0.0015625 0.0234375 0.003125 0.000277545
1 0.632812 0.00078125 0.034375 0.0015625 0.000281572
1 0.392969 0.0015625 0.0234375 0.003125 0.000283646
0 0.557031 0.9125 0.0328125 0.025 0.000290621
1 0.507031 0.0015625 0.0234375 0.003125 0.000299629
1 0.671875 0.00078125 0.03125 0.0015625 0.000300891
1 0.58125 0.00390625 0.075 0.0078125 0.000304695
0 0.540625 0.644531 0.034375 0.0265625 0.000305053
1 0.332812 0.0015625 0.021875 0.003125 0.000308252
1 0.582812 0.0015625 0.021875 0.003125 0.000308438
1 0.449219 0.0015625 0.0234375 0.003125 0.000309875
1 0.757812 0.0015625 0.025 0.003125 0.000315611
1 0.564844 0.0015625 0.0234375 0.003125 0.000319406
1 0.371094 0.0015625 0.0234375 0.003125 0.000320363
1 0.428125 0.003125 0.075 0.00625 0.000329286
1 0.469531 0.0015625 0.0234375 0.003125 0.000330109
1 0.411719 0.0015625 0.0234375 0.003125 0.00033374
1 0.364062 0.00078125 0.034375 0.0015625 0.000336897
1 0.351562 0.0015625 0.021875 0.003125 0.000338184
1 0.527344 0.0015625 0.0234375 0.003125 0.000346281
1 0.428906 0.0015625 0.0234375 0.003125 0.000351271
1 0.54375 0.0015625 0.021875 0.003125 0.000361416
1 0.486719 0.0015625 0.0234375 0.003125 0.000400193
1 0.325781 0.00078125 0.0328125 0.0015625 0.00040196
0 0.549219 0.858594 0.0296875 0.0453125 0.000412809
1 0.44375 0.00078125 0.034375 0.0015625 0.000428279
0 0.564062 0.904688 0.046875 0.03125 0.000441828
0 0.55625 0.892969 0.03125 0.0234375 0.000460379
1 0.550781 0.99375 0.0421875 0.0125 0.000462489
1 0.503906 0.003125 0.0703125 0.00625 0.000467071
1 0.40625 0.00078125 0.034375 0.0015625 0.000500443
1 0.520312 0.00078125 0.034375 0.0015625 0.000542463
0 0.535937 0.560156 0.028125 0.0453125 0.00056308
0 0.546875 0.722656 0.034375 0.0265625 0.000565128
1 0.595312 0.00078125 0.03125 0.0015625 0.000567517
1 0.558594 0.00078125 0.0328125 0.0015625 0.000593204
0 0.554688 0.867969 0.05 0.0296875 0.000632884
0 0.544531 0.702344 0.0328125 0.0265625 0.000642252
1 0.48125 0.00078125 0.034375 0.0015625 0.000647878
0 0.55625 0.874219 0.03125 0.0265625 0.000668056
0 0.554688 0.839844 0.053125 0.0390625 0.000701739
3 0.51875 0.45 0.028125 0.025 0.000730244
0 0.553906 0.815625 0.0296875 0.028125 0.00074502
0 0.542969 0.684375 0.0328125 0.025 0.000750293
0 0.54375 0.671875 0.040625 0.034375 0.000799427
0 0.553906 0.838281 0.0296875 0.0265625 0.00159863
0 0.554688 0.854688 0.03125 0.025 0.00176818
3 0.536719 0.492969 0.0265625 0.0234375 0.00187926
0 0.551562 0.790625 0.03125 0.025 0.00433784
1 0.561719 0.995313 0.0328125 0.009375 0.00664867
0 0.55 0.767969 0.03125 0.0265625 0.0074893
3 0.529688 0.4875 0.03125 0.025 0.413319
3 0.527344 0.453125 0.0265625 0.0125 0.709829
0 0.550781 0.777344 0.0296875 0.0234375 0.755305
2 0.530469 0.486719 0.0296875 0.0265625 0.889932
