1 0.675 0.0015625 0.028125 0.003125 0.00010553
1 0.235938 0.0015625 0.034375 0.003125 0.000113692
3 0.994531 0.0367187 0.0109375 0.0265625 0.000116337
3 0.94375 0.865625 0.075 0.096875 0.00011723
1 0.272656 0.00078125 0.0203125 0.0015625 0.000122124
1 0.173438 0.0140625 0.1 0.028125 0.000127631
1 0.930469 0.0164062 0.0921875 0.0328125 0.000128061
1 0.735937 0.0015625 0.021875 0.003125 0.000135701
1 0.05 0.129688 0.046875 0.071875 0.000141181
1 0.697656 0.0015625 0.0234375 0.003125 0.000141756
1 0.294531 0.0015625 0.0203125 0.003125 0.000141901
2 0.0367187 0.975781 0.0734375 0.0484375 0.000160768
1 0.227344 0.00859375 0.0984375 0.0171875 0.00016557
1 0.6625 0.0015625 0.025 0.003125 0.000175414
1 0.661719 0.0046875 0.0859375 0.009375 0.000175909
0 0.513281 0.801562 0.0671875 0.065625 0.00017893
1 0.640625 0.0015625 0.025 0.003125 0.000185602
3 0.296094 0.836719 0.0296875 0.0265625 0.000188833
1 0.284375 0.00078125 0.034375 0.0015625 0.000190578
0 0.551562 0.988281 0.034375 0.0234375 0.00019584
2 0.328125 0.792969 0.0375 0.0234375 0.000213626
1 0.0296875 0.982031 0.046875 0.0359375 0.000243437
1 0.621875 0.0015625 0.025 0.003125 0.000254463
1 0.349219 0.00390625 0.0796875 0.0078125 0.000254467
1 0.314063 0.0015625 0.021875 0.003125 0.000282898
1 0.584375 0.0015625 0.025 0.003125 0.000303418
1 0.372656 0.0015625 0.0234375 0.003125 0.000308557
1 0.353906 0.0015625 0.0234375 0.003125 0.000318547
1 0.545313 0.0015625 0.025 0.003125 0.000320672
2 0.0289063 0.980469 0.0359375 0.0390625 0.000324104
1 0.45 0.0015625 0.025 0.003125 0.000326671
1 0.603125 0.0015625 0.025 0.003125 0.000329477
0 0.539844 0.940625 0.0484375 0.03125 0.000334788
1 0.46875 0.0015625 0.025 0.003125 0.000347486
1 0.565625 0.0015625 0.025 0.003125 0.000350404
1 0.7125 0.00078125 0.034375 0.0015625 0.00035366
1 0.428906 0.0015625 0.0234375 0.003125 0.000361071
1 0.582031 0.00390625 0.0765625 0.0078125 0.000369933
1 0.391406 0.0015625 0.0234375 0.003125 0.000372634
1 0.410156 0.0015625 0.0234375 0.003125 0.000374236
1 0.753906 0.0015625 0.0296875 0.003125 0.000375137
1 0.635156 0.00078125 0.0359375 0.0015625 0.00037965
1 0.366406 0.00078125 0.0359375 0.0015625 0.000392216
1 0.525 0.0015625 0.025 0.003125 0.000397848
1 0.489062 0.0015625 0.025 0.003125 0.000407138
0 0.54375 0.958594 0.0375 0.0328125 0.000418395
1 0.325781 0.00078125 0.0328125 0.0015625 0.000421275
1 0.507812 0.0015625 0.025 0.003125 0.000422772
1 0.44375 0.00078125 0.034375 0.0015625 0.000457547
1 0.427344 0.00234375 0.0734375 0.0046875 0.00046087
1 0.675781 0.00078125 0.0359375 0.0015625 0.000464497
1 0.404687 0.00078125 0.034375 0.0015625 0.000498772
1 0.560156 0.00078125 0.0359375 0.0015625 0.000567147
1 0.484375 0.00078125 0.034375 0.0015625 0.000569514
1 0.507031 0.00234375 0.0703125 0.0046875 0.000582158
1 0.521094 0.00078125 0.0359375 0.0015625 0.000605306
1 0.598437 0.00078125 0.034375 0.0015625 0.000655024
0 0.529688 0.89375 0.05 0.04375 0.000753816
0 0.485156 0.830469 0.0421875 0.0296875 0.000770256
1 0.0570313 0.128125 0.104687 0.090625 0.00080782
0 0.542969 0.932031 0.0359375 0.0265625 0.000868984
2 0.305469 0.825 0.0609375 0.0625 0.00108742
0 0.527344 0.857031 0.0328125 0.0359375 0.00117457
3 0.292188 0.80625 0.04375 0.04375 0.00117531
0 0.552344 0.980469 0.0328125 0.0140625 0.00129088
0 0.535937 0.895312 0.034375 0.028125 0.00193533
0 0.538281 0.90625 0.0390625 0.03125 0.00251242
1 0.553125 0.98125 0.034375 0.0125 0.00325523
0 0.53125 0.874219 0.034375 0.0265625 0.00391353
0 0.517187 0.814844 0.040625 0.0265625 0.00771407
0 0.523438 0.841406 0.0375 0.0234375 0.0179117
1 0.552344 0.994531 0.0328125 0.0109375 0.0239067
3 0.316406 0.800781 0.0328125 0.0328125 0.47535
0 0.520312 0.825781 0.0375 0.0265625 0.731286
3 0.295312 0.827344 0.025 0.0234375 0.894259
2 0.317187 0.8 0.034375 0.03125 0.896304
