2 0.932813 0.810938 0.03125 0.06875 0.000101553
2 0.071875 0.439844 0.10625 0.104687 0.000103499
0 0.338281 0.0765625 0.0265625 0.025 0.000103856
1 0.059375 0.982813 0.040625 0.021875 0.000104547
3 0.944531 0.863281 0.0734375 0.0953125 0.000104963
1 0.480469 0.0015625 0.0265625 0.003125 0.000106218
1 0.240625 0.0015625 0.03125 0.003125 0.000114939
1 0.753125 0.00078125 0.015625 0.0015625 0.0001164
0 0.370313 0.525781 0.071875 0.0453125 0.000119282
3 0.94375 0.791406 0.071875 0.0953125 0.000124856
2 0.271094 0.429688 0.0265625 0.025 0.000128293
0 0.369531 0.525 0.0359375 0.06875 0.000135009
1 0.709375 0.00078125 0.028125 0.0015625 0.000135702
1 0.928906 0.0148437 0.0828125 0.0296875 0.000135824
1 0.735937 0.00078125 0.015625 0.0015625 0.000136257
0 0.403125 0.527344 0.071875 0.0421875 0.000141066
1 0.271875 0.00078125 0.01875 0.0015625 0.000142457
1 0.715625 0.0015625 0.015625 0.003125 0.000148922
0 0.403125 0.526563 0.0375 0.065625 0.000150552
1 0.252344 0.00078125 0.0171875 0.0015625 0.000153559
0 0.525781 0.604688 0.0359375 0.053125 0.000160904
1 0.29375 0.0015625 0.01875 0.003125 0.000161829
0 0.348437 0.582031 0.09375 0.0984375 0.000168808
1 0.698438 0.0015625 0.015625 0.003125 0.000171857
1 0.28125 0.00078125 0.03125 0.0015625 0.000175014
1 0.754687 0.0015625 0.025 0.003125 0.000176805
1 0.620313 0.0015625 0.01875 0.003125 0.000182954
1 0.678906 0.0015625 0.0171875 0.003125 0.000192001
1 0.640625 0.0015625 0.01875 0.003125 0.000198666
1 0.348437 0.00390625 0.078125 0.0078125 0.000207458
1 0.629687 0.00078125 0.03125 0.0015625 0.000217854
1 0.659375 0.0015625 0.015625 0.003125 0.000218168
0 0.553906 0.8625 0.0734375 0.06875 0.000218401
1 0.671094 0.00078125 0.0296875 0.0015625 0.000219339
1 0.313281 0.0015625 0.0203125 0.003125 0.000229248
2 0.0382813 0.977344 0.0765625 0.0453125 0.000233261
1 0.577344 0.00234375 0.0734375 0.0046875 0.000255587
0 0.489844 0.520312 0.0421875 0.028125 0.000265334
1 0.583594 0.0015625 0.0203125 0.003125 0.000279392
1 0.600781 0.0015625 0.0203125 0.003125 0.000281045
1 0.03125 0.980469 0.0375 0.0390625 0.000300543
1 0.333594 0.0015625 0.0203125 0.003125 0.000313219
1 0.326562 0.00078125 0.03125 0.0015625 0.000317439
1 0.564062 0.0015625 0.021875 0.003125 0.000317857
0 0.554688 0.914844 0.03125 0.0265625 0.0003208
1 0.507812 0.0015625 0.021875 0.003125 0.000320853
1 0.352344 0.0015625 0.0203125 0.003125 0.000327369
1 0.54375 0.0015625 0.021875 0.003125 0.000351989
1 0.371875 0.0015625 0.021875 0.003125 0.000357012
1 0.429688 0.0015625 0.021875 0.003125 0.000359825
1 0.448438 0.0015625 0.021875 0.003125 0.000363685
1 0.410937 0.0015625 0.021875 0.003125 0.000365778
1 0.389844 0.00078125 0.0203125 0.0015625 0.000372826
1 0.365625 0.00078125 0.03125 0.0015625 0.000376329
0 0.557031 0.948438 0.0328125 0.025 0.000379234
1 0.526563 0.0015625 0.021875 0.003125 0.000386192
1 0.46875 0.0015625 0.021875 0.003125 0.000390875
1 0.4875 0.0015625 0.021875 0.003125 0.000401636
1 0.503125 0.0015625 0.06875 0.003125 0.000414174
1 0.423438 0.00234375 0.06875 0.0046875 0.000419697
1 0.591406 0.00078125 0.0296875 0.0015625 0.00042184
0 0.553906 0.897656 0.0421875 0.0328125 0.00043059
0 0.551562 0.874219 0.03125 0.0234375 0.000454105
1 0.55625 0 0.03125 0 0.000459667
0 0.551562 0.867969 0.0625 0.0328125 0.000489607
1 0.441406 0 0.0328125 0 0.000499341
1 0.520312 0 0.03125 0 0.000522813
0 0.538281 0.760156 0.0328125 0.0265625 0.000531772
0 0.55 0.858594 0.040625 0.0328125 0.000543923
1 0.403125 0 0.03125 0 0.000567893
1 0.480469 0 0.0328125 0 0.000577197
0 0.5375 0.742969 0.04375 0.0296875 0.000580972
0 0.555469 0.93125 0.0296875 0.025 0.000611605
0 0.533594 0.71875 0.0328125 0.025 0.000648864
0 0.536719 0.733594 0.0609375 0.0484375 0.000662492
0 0.546875 0.835938 0.034375 0.025 0.000687728
0 0.540625 0.785156 0.0375 0.0328125 0.000868877
0 0.535937 0.704687 0.059375 0.034375 0.000947358
1 0.552344 0.99375 0.0390625 0.0125 0.00103454
0 0.546094 0.81875 0.0390625 0.03125 0.00133106
0 0.525 0.664062 0.034375 0.025 0.00135463
0 0.528125 0.683594 0.034375 0.0265625 0.00152428
0 0.546094 0.808594 0.0640625 0.0453125 0.00152743
0 0.53125 0.700781 0.034375 0.0265625 0.0015358
0 0.542969 0.801562 0.0328125 0.025 0.0017733
0 0.514063 0.598437 0.04375 0.034375 0.00209422
0 0.545313 0.792969 0.05625 0.0328125 0.00257787
0 0.521094 0.641406 0.0421875 0.0359375 0.00275328
3 0.228125 0.440625 0.01875 0.03125 0.00412318
0 0.516406 0.622656 0.0328125 0.0265625 0.00424236
0 0.508594 0.5875 0.0359375 0.028125 0.00441791
2 0.277344 0.444531 0.0265625 0.0328125 0.00577883
0 0.505469 0.56875 0.0359375 0.034375 0.00690176
0 0.514844 0.608594 0.0328125 0.0265625 0.0102277
1 0.5625 0.995313 0.03125 0.009375 0.011082
0 0.500781 0.555469 0.0359375 0.0234375 0.0677152
3 0.266406 0.438281 0.0265625 0.0328125 0.210307
0 0.499219 0.544531 0.0390625 0.0265625 0.702531
3 0.232812 0.446875 0.015625 0.03125 0.77373
2 0.267188 0.439063 0.028125 0.034375 0.890354
