3 0.889844 0.0984375 0.0171875 0.053125 0.000100829
1 0.928125 0.0148437 0.084375 0.0296875 0.000107603
1 0.0585938 0.128125 0.0984375 0.075 0.000107834
0 0.510156 0.588281 0.0453125 0.0296875 0.000112369
1 0.574219 0.0046875 0.0796875 0.009375 0.000117586
3 0.889063 0.100781 0.040625 0.0328125 0.00011769
1 0.271875 0.00078125 0.01875 0.0015625 0.000117877
3 0.994531 0.0398437 0.0109375 0.0234375 0.00011985
1 0.735156 0.00078125 0.0140625 0.0015625 0.000120515
0 0.564062 0.902344 0.053125 0.0328125 0.000123214
3 0.45 0.482031 0.053125 0.0359375 0.000123389
1 0.715625 0.00078125 0.015625 0.0015625 0.000125082
1 0.758594 0.00234375 0.0234375 0.0046875 0.000127039
1 0.253125 0.00078125 0.015625 0.0015625 0.000128215
2 0.932031 0.65625 0.0328125 0.06875 0.000129104
0 0.553906 0.949219 0.0328125 0.0234375 0.000132632
1 0.284375 0.00078125 0.03125 0.0015625 0.000144328
1 0.632812 0.0015625 0.03125 0.003125 0.000150245
1 0.696875 0.00078125 0.015625 0.0015625 0.000155813
1 0.294531 0.00078125 0.0203125 0.0015625 0.00016393
3 0.239063 0.339844 0.021875 0.0234375 0.000173527
1 0.678125 0.00078125 0.015625 0.0015625 0.000186125
1 0.670313 0.0015625 0.028125 0.003125 0.000187708
1 0.621094 0.0015625 0.0171875 0.003125 0.000187757
3 0.357031 0.510156 0.0296875 0.0296875 0.000206163
1 0.346875 0.003125 0.078125 0.00625 0.000209268
1 0.641406 0.0015625 0.0171875 0.003125 0.000218881
1 0.659375 0.0015625 0.015625 0.003125 0.000230425
1 0.603125 0.0015625 0.01875 0.003125 0.000237982
0 0.551562 0.797656 0.03125 0.0234375 0.00024715
1 0.313281 0.0015625 0.0203125 0.003125 0.000248899
1 0.582031 0.0015625 0.0171875 0.003125 0.000256002
1 0.501562 0.003125 0.075 0.00625 0.00025871
1 0.371875 0.0015625 0.021875 0.003125 0.000265607
1 0.392188 0.0015625 0.021875 0.003125 0.000267819
0 0.553906 0.930469 0.0328125 0.0234375 0.000274898
0 0.553125 0.911719 0.03125 0.0234375 0.000295449
1 0.563281 0.00078125 0.0203125 0.0015625 0.000297244
0 0.513281 0.5125 0.0359375 0.025 0.000297554
1 0.3625 0.00078125 0.03125 0.0015625 0.000303303
1 0.427344 0.003125 0.0734375 0.00625 0.000305627
1 0.332812 0.0015625 0.021875 0.003125 0.000311735
1 0.592969 0.00078125 0.0296875 0.0015625 0.000314891
1 0.350781 0.0015625 0.0203125 0.003125 0.000327883
1 0.4125 0.0015625 0.021875 0.003125 0.000332627
2 0.0320312 0.978906 0.0390625 0.0421875 0.000337068
1 0.325 0.00078125 0.03125 0.0015625 0.000338632
1 0.542969 0.0015625 0.0203125 0.003125 0.000340795
1 0.50625 0.0015625 0.021875 0.003125 0.000351529
0 0.516406 0.495313 0.0484375 0.040625 0.000362927
1 0.526563 0.0015625 0.021875 0.003125 0.00036396
0 0.553125 0.872656 0.03125 0.0234375 0.000371949
0 0.553906 0.852344 0.0671875 0.0484375 0.000378909
1 0.448438 0.0015625 0.021875 0.003125 0.000382281
1 0.46875 0.0015625 0.021875 0.003125 0.000396364
1 0.554688 0.00078125 0.03125 0.0015625 0.000398637
1 0.405469 0.00078125 0.0328125 0.0015625 0.000405608
1 0.428125 0.0015625 0.021875 0.003125 0.000407312
1 0.441406 0 0.0328125 0 0.000411745
0 0.548437 0.719531 0.071875 0.0734375 0.00042539
1 0.486719 0.0015625 0.0234375 0.003125 0.000432465
0 0.548437 0.758594 0.03125 0.0265625 0.000435465
0 0.507812 0.498437 0.034375 0.025 0.000450568
0 0.550781 0.871875 0.0609375 0.034375 0.000470949
1 0.51875 0 0.03125 0 0.000484368
1 0.480469 0 0.0328125 0 0.000486796
0 0.546094 0.719531 0.0328125 0.0265625 0.000499962
0 0.552344 0.894531 0.0390625 0.0296875 0.000523568
0 0.55 0.785156 0.040625 0.0328125 0.000526652
0 0.552344 0.796875 0.0734375 0.071875 0.000564903
0 0.552344 0.854688 0.0390625 0.03125 0.000655936
0 0.547656 0.745313 0.0390625 0.03125 0.000712668
3 0.3875 0.467969 0.040625 0.0234375 0.000720612
0 0.532031 0.578906 0.0296875 0.0359375 0.000737289
1 0.560156 0.994531 0.0359375 0.0109375 0.000746421
0 0.551562 0.834375 0.03125 0.021875 0.0007525
0 0.541406 0.682031 0.0328125 0.0265625 0.000867604
0 0.545313 0.711719 0.059375 0.0359375 0.00102537
0 0.551562 0.821875 0.0375 0.028125 0.0010684
0 0.538281 0.646094 0.0328125 0.0265625 0.00112401
0 0.544531 0.704687 0.0359375 0.03125 0.00118847
0 0.522656 0.535937 0.0359375 0.028125 0.00127675
3 0.344531 0.501562 0.0359375 0.04375 0.00139188
0 0.55 0.799219 0.059375 0.0359375 0.00146426
0 0.538281 0.658594 0.0546875 0.0421875 0.00207293
0 0.538281 0.629687 0.0390625 0.03125 0.00224437
0 0.535156 0.607031 0.0390625 0.0328125 0.00273804
0 0.540625 0.671094 0.034375 0.0296875 0.00304326
3 0.370313 0.496875 0.03125 0.034375 0.00409575
0 0.528906 0.569531 0.0328125 0.0234375 0.00922854
0 0.525781 0.546094 0.0359375 0.0296875 0.0113099
1 0.552344 0.996094 0.0296875 0.0078125 0.0362299
3 0.377344 0.480469 0.0328125 0.0328125 0.293796
0 0.528125 0.557031 0.034375 0.0265625 0.741358
3 0.35625 0.500781 0.021875 0.0234375 0.82658
2 0.378906 0.480469 0.0328125 0.0328125 0.895421
