1 0.655469 0.00546875 0.0796875 0.0109375 0.000102277
1 0.5875 0.990625 0.059375 0.01875 0.000103965
0 0.561719 0.779688 0.0328125 0.025 0.000105845
3 0.05625 0.132812 0.096875 0.075 0.000106131
0 0.517187 0.408594 0.0375 0.0578125 0.000109434
0 0.5375 0.48125 0.040625 0.0625 0.000110293
3 0.944531 0.714844 0.0734375 0.0953125 0.000110845
0 0.520312 0.453906 0.0375 0.0234375 0.000116052
3 0.944531 0.639844 0.0703125 0.0953125 0.000117099
3 0.942969 0.869531 0.0734375 0.0953125 0.000117698
1 0.2375 0.0015625 0.028125 0.003125 0.000118991
0 0.517969 0.408594 0.0671875 0.0390625 0.000124475
1 0.273438 0.00078125 0.01875 0.0015625 0.000126502
0 0.609375 0.644531 0.0875 0.0859375 0.000127898
0 0.570312 0.932813 0.034375 0.028125 0.000132522
1 0.670313 0.0015625 0.03125 0.003125 0.000136665
0 0.571875 0.952344 0.0375 0.0328125 0.000137419
0 0.552344 0.878125 0.0703125 0.065625 0.000138152
1 0.93125 0.0140625 0.078125 0.028125 0.000138821
0 0.566406 0.711719 0.0828125 0.0828125 0.000138828
1 0.738281 0.0015625 0.0140625 0.003125 0.000142034
1 0.753906 0.0015625 0.0265625 0.003125 0.000147737
1 0.253125 0.00078125 0.015625 0.0015625 0.000153982
1 0.716406 0.0015625 0.0140625 0.003125 0.000154453
1 0.283594 0.00078125 0.0296875 0.0015625 0.000171535
0 0.564062 0.721094 0.034375 0.0265625 0.000176165
1 0.629687 0.0015625 0.03125 0.003125 0.000176915
1 0.753906 0.0015625 0.0140625 0.003125 0.000178305
1 0.295312 0.00078125 0.01875 0.0015625 0.000179922
3 0.427344 0.351562 0.0328125 0.025 0.000180427
1 0.576563 0.00390625 0.075 0.0078125 0.00018252
0 0.564062 0.702344 0.034375 0.0265625 0.000182577
0 0.264844 0.424219 0.0828125 0.0921875 0.00018909
1 0.696875 0.0015625 0.015625 0.003125 0.000191209
0 0.413281 0.414844 0.0328125 0.0484375 0.000192014
0 0.5125 0.435937 0.034375 0.021875 0.000194363
1 0.679688 0.0015625 0.015625 0.003125 0.000197261
0 0.552344 0.724219 0.0796875 0.0421875 0.000198215
1 0.659375 0.0015625 0.015625 0.003125 0.000200544
0 0.569531 0.875781 0.0328125 0.0265625 0.000210804
0 0.564844 0.741406 0.0328125 0.0265625 0.000219601
1 0.640625 0.0015625 0.015625 0.003125 0.000227618
1 0.621094 0.0015625 0.0171875 0.003125 0.000239678
0 0.570312 0.911719 0.03125 0.0234375 0.000243001
0 0.569531 0.816406 0.0296875 0.0234375 0.000247887
0 0.547656 0.511719 0.0328125 0.0265625 0.000248766
1 0.3125 0.0015625 0.01875 0.003125 0.000250138
1 0.583594 0.0015625 0.0171875 0.003125 0.000258756
0 0.5625 0.682031 0.034375 0.0265625 0.000268126
0 0.567969 0.860156 0.0765625 0.0578125 0.000273853
1 0.348437 0.00234375 0.071875 0.0046875 0.000284165
1 0.603125 0.0015625 0.01875 0.003125 0.000286518
1 0.332812 0.0015625 0.01875 0.003125 0.000287029
1 0.3625 0.00078125 0.03125 0.0015625 0.000293678
1 0.371094 0.0015625 0.0203125 0.003125 0.000293908
1 0.0335938 0.978906 0.0390625 0.0421875 0.000296359
0 0.553906 0.647656 0.0640625 0.0359375 0.000298353
0 0.56875 0.710156 0.04375 0.0328125 0.000301683
1 0.5625 0.0015625 0.01875 0.003125 0.000308406
1 0.352344 0.0015625 0.0203125 0.003125 0.000312742
1 0.391406 0.0015625 0.0203125 0.003125 0.000313294
1 0.592969 0.00078125 0.0296875 0.0015625 0.000324973
1 0.54375 0.0015625 0.01875 0.003125 0.000329612
1 0.411719 0.0015625 0.0203125 0.003125 0.000332699
1 0.500781 0.00234375 0.0703125 0.0046875 0.000339353
1 0.324219 0.00078125 0.0296875 0.0015625 0.00034009
0 0.567187 0.792969 0.084375 0.0640625 0.000344909
1 0.426562 0.00234375 0.071875 0.0046875 0.000349828
1 0.553125 0.00078125 0.03125 0.0015625 0.000352878
1 0.447656 0.0015625 0.0203125 0.003125 0.000353709
1 0.469531 0.0015625 0.0203125 0.003125 0.000354654
1 0.505469 0.0015625 0.0203125 0.003125 0.000358116
1 0.525 0.0015625 0.01875 0.003125 0.000362806
0 0.566406 0.800781 0.0328125 0.0265625 0.000364597
1 0.485938 0.0015625 0.021875 0.003125 0.000380328
0 0.564844 0.758594 0.0328125 0.0265625 0.00038075
1 0.404687 0.00078125 0.03125 0.0015625 0.000397715
0 0.561719 0.663281 0.0328125 0.0265625 0.000403661
1 0.479688 0.00078125 0.03125 0.0015625 0.000413054
1 0.516406 0 0.0296875 0 0.000446386
1 0.440625 0 0.03125 0 0.000448242
1 0.428125 0.0015625 0.021875 0.003125 0.000450607
0 0.557031 0.533594 0.0421875 0.0421875 0.000455421
0 0.56875 0.786719 0.040625 0.0296875 0.000518973
0 0.56875 0.75 0.040625 0.03125 0.000526747
0 0.564062 0.595312 0.03125 0.040625 0.000535966
0 0.569531 0.860937 0.0390625 0.03125 0.000541368
0 0.567969 0.835156 0.0328125 0.0265625 0.000548358
0 0.532031 0.449219 0.0578125 0.0359375 0.000574233
0 0.567187 0.671875 0.040625 0.03125 0.000597
0 0.570312 0.9 0.0375 0.03125 0.000629396
0 0.560938 0.64375 0.03125 0.025 0.000643897
0 0.542188 0.492188 0.034375 0.025 0.000643969
0 0.532031 0.458594 0.0359375 0.0265625 0.00069965
0 0.56875 0.824219 0.0375 0.0296875 0.000851525
0 0.559375 0.625 0.03125 0.025 0.000899108
0 0.559375 0.604688 0.053125 0.040625 0.000934911
3 0.376563 0.329688 0.028125 0.028125 0.000955757
0 0.535156 0.472656 0.0328125 0.0234375 0.000965532
0 0.566406 0.635938 0.0421875 0.03125 0.00135136
0 0.557813 0.604688 0.03125 0.025 0.00139557
2 0.404687 0.328125 0.034375 0.021875 0.00220634
0 0.557031 0.577344 0.0296875 0.0234375 0.00267408
2 0.3875 0.325 0.025 0.034375 0.00644354
3 0.385938 0.322656 0.028125 0.0328125 0.013493
1 0.56875 0.996094 0.03125 0.0078125 0.0405229
3 0.398438 0.332031 0.03125 0.0328125 0.469336
0 0.554688 0.552344 0.03125 0.0234375 0.749828
3 0.36875 0.315625 0.021875 0.025 0.750849
2 0.396875 0.332031 0.03125 0.0328125 0.904947
