1 0.673437 0.0015625 0.028125 0.003125 0.000102559
0 0.547656 0.941406 0.0546875 0.0359375 0.000103671
3 0.342969 0.996094 0.0265625 0.0078125 0.000104156
0 0.44375 0.797656 0.071875 0.0421875 0.000107305
0 0.410156 0.798437 0.0671875 0.040625 0.000109029
0 0.44375 0.796094 0.0375 0.0640625 0.000110747
1 0.171875 0.0140625 0.1 0.028125 0.00011261
1 0.253125 0.00078125 0.01875 0.0015625 0.000113933
3 0.78125 0.996094 0.01875 0.0078125 0.000116168
0 0.410156 0.797656 0.0328125 0.0640625 0.000117474
1 0.735937 0.0015625 0.021875 0.003125 0.000117666
3 0.944531 0.865625 0.0765625 0.096875 0.000118296
0 0.563281 0.946875 0.0421875 0.0375 0.000125821
1 0.272656 0.00078125 0.0203125 0.0015625 0.000126367
3 0.994531 0.0367187 0.0109375 0.0265625 0.000126698
3 0.321875 0.754687 0.0375 0.0375 0.00012747
1 0.23125 0.00859375 0.1 0.0171875 0.00012934
0 0.352344 0.888281 0.0796875 0.0890625 0.000136194
1 0.93125 0.015625 0.090625 0.03125 0.000136633
1 0.2375 0.0015625 0.034375 0.003125 0.000141352
0 0.565625 0.907031 0.034375 0.0515625 0.000159853
1 0.698438 0.0015625 0.025 0.003125 0.000163445
1 0.29375 0.00078125 0.021875 0.0015625 0.000168406
3 0.273438 0.760156 0.025 0.0328125 0.000170595
0 0.565625 0.907812 0.0625 0.034375 0.000186607
1 0.642187 0.0015625 0.025 0.003125 0.000186724
1 0.659375 0.0046875 0.084375 0.009375 0.000189259
2 0.0367187 0.976562 0.0734375 0.046875 0.000203942
1 0.660937 0.0015625 0.025 0.003125 0.000209878
3 0.361719 0.752344 0.0390625 0.0328125 0.000213761
1 0.284375 0.00078125 0.034375 0.0015625 0.00022016
1 0.621875 0.0015625 0.025 0.003125 0.000226684
1 0.0304688 0.979688 0.0359375 0.040625 0.000236396
1 0.313281 0.0015625 0.0203125 0.003125 0.000251524
1 0.45 0.0015625 0.025 0.003125 0.000279604
1 0.429688 0.0015625 0.025 0.003125 0.000319818
1 0.351562 0.0015625 0.021875 0.003125 0.000320384
1 0.582812 0.0015625 0.025 0.003125 0.000327691
1 0.334375 0.0015625 0.021875 0.003125 0.000328939
1 0.545313 0.0015625 0.025 0.003125 0.000329959
1 0.351562 0.003125 0.078125 0.00625 0.00033056
1 0.526563 0.0015625 0.025 0.003125 0.000333778
1 0.372656 0.0015625 0.0234375 0.003125 0.000335446
1 0.603125 0.0015625 0.025 0.003125 0.000339324
1 0.4875 0.0015625 0.025 0.003125 0.000343942
1 0.7125 0.00078125 0.034375 0.0015625 0.000350615
1 0.565625 0.0015625 0.025 0.003125 0.000363018
1 0.392188 0.0015625 0.021875 0.003125 0.000364146
1 0.50625 0.0015625 0.025 0.003125 0.000364293
1 0.636719 0.00078125 0.0359375 0.0015625 0.000375025
1 0.410156 0.0015625 0.0234375 0.003125 0.000379263
1 0.470313 0.0015625 0.025 0.003125 0.000385214
1 0.583594 0.003125 0.0765625 0.00625 0.000422018
1 0.754687 0.0015625 0.028125 0.003125 0.000425185
1 0.0601562 0.130469 0.107813 0.0953125 0.000434016
1 0.674219 0.00078125 0.0359375 0.0015625 0.00043567
1 0.366406 0.00078125 0.0328125 0.0015625 0.000459393
1 0.328125 0.00078125 0.034375 0.0015625 0.000467299
1 0.44375 0.00078125 0.034375 0.0015625 0.000478675
1 0.522656 0.00078125 0.0359375 0.0015625 0.000526001
1 0.426562 0.00234375 0.071875 0.0046875 0.000531097
1 0.505469 0.00234375 0.0703125 0.0046875 0.000532005
1 0.561719 0.00078125 0.0359375 0.0015625 0.000559834
1 0.483594 0.00078125 0.0359375 0.0015625 0.000608937
1 0.597656 0.00078125 0.0359375 0.0015625 0.000615915
1 0.405469 0.00078125 0.0328125 0.0015625 0.000617342
0 0.55625 0.95 0.03125 0.025 0.000837696
0 0.533594 0.814062 0.0421875 0.028125 0.000885815
0 0.553906 0.913281 0.0328125 0.0296875 0.00120573
0 0.558594 0.982813 0.0328125 0.015625 0.00124978
1 0.552344 0.99375 0.0390625 0.0125 0.00134174
0 0.539062 0.845312 0.034375 0.021875 0.00142833
0 0.554688 0.932031 0.03125 0.0265625 0.00161278
0 0.55 0.89375 0.034375 0.028125 0.00198632
2 0.325 0.727344 0.078125 0.0734375 0.00200101
0 0.544531 0.876562 0.0359375 0.028125 0.00318636
1 0.559375 0.984375 0.034375 0.0125 0.00383689
2 0.310937 0.732813 0.028125 0.03125 0.00567062
0 0.5375 0.8375 0.034375 0.021875 0.0127607
1 0.560938 0.995313 0.03125 0.009375 0.0139242
3 0.303906 0.739062 0.0296875 0.03125 0.307324
3 0.271875 0.750781 0.01875 0.0296875 0.690414
0 0.536719 0.828906 0.0359375 0.0265625 0.728056
2 0.304688 0.739844 0.028125 0.0328125 0.870917
