0 0.610156 0.640625 0.0734375 0.04375 0.000102546
0 0.617969 0.749219 0.0671875 0.0390625 0.000102801
0 0.610156 0.639844 0.0390625 0.0671875 0.000107881
0 0.617188 0.664844 0.0375 0.0296875 0.000112071
1 0.232031 0.00859375 0.101562 0.0171875 0.000118242
1 0.930469 0.015625 0.0921875 0.03125 0.000119404
1 0.0507812 0.13125 0.0453125 0.071875 0.000120102
1 0.736719 0.0015625 0.0203125 0.003125 0.000120481
0 0.585938 0.867969 0.059375 0.0546875 0.000121328
1 0.699219 0.0015625 0.0234375 0.003125 0.000124504
0 0.605469 0.670313 0.0890625 0.0875 0.000128622
1 0.2375 0.0015625 0.034375 0.003125 0.000130038
1 0.272656 0.00078125 0.0203125 0.0015625 0.000130754
1 0.252344 0.00078125 0.0203125 0.0015625 0.000131792
3 0.995313 0.0382813 0.009375 0.0265625 0.000141518
0 0.610156 0.698438 0.0296875 0.028125 0.00015323
1 0.295312 0.00078125 0.021875 0.0015625 0.000157805
3 0.165625 0.183594 0.021875 0.0234375 0.000166478
0 0.650781 0.624219 0.0421875 0.0265625 0.000169445
1 0.641406 0.0015625 0.0234375 0.003125 0.000211164
1 0.660156 0.0015625 0.0234375 0.003125 0.000212177
1 0.621094 0.0015625 0.0234375 0.003125 0.0002187
1 0.658594 0.00390625 0.0828125 0.0078125 0.000221493
1 0.285937 0.00078125 0.034375 0.0015625 0.000228824
1 0.347656 0.00390625 0.0796875 0.0078125 0.000258333
1 0.314063 0.0015625 0.021875 0.003125 0.00026094
0 0.58125 0.751562 0.059375 0.040625 0.000261582
0 0.572656 0.946875 0.0328125 0.03125 0.000262791
0 0.605469 0.685938 0.0359375 0.028125 0.000266913
0 0.610156 0.714063 0.0640625 0.06875 0.000269117
0 0.580469 0.778906 0.0328125 0.0296875 0.000270505
1 0.371094 0.0015625 0.0234375 0.003125 0.000273081
0 0.584375 0.716406 0.034375 0.0546875 0.00029176
1 0.713281 0.00078125 0.0328125 0.0015625 0.000304507
1 0.332812 0.0015625 0.021875 0.003125 0.000307216
1 0.391406 0.0015625 0.0234375 0.003125 0.00030788
1 0.528125 0.0015625 0.025 0.003125 0.000310458
3 0.701563 0.567187 0.025 0.01875 0.000313378
1 0.352344 0.0015625 0.0234375 0.003125 0.00031804
1 0.583594 0.0015625 0.0234375 0.003125 0.000330118
1 0.603906 0.0015625 0.0265625 0.003125 0.000330929
0 0.60625 0.678906 0.0625 0.0390625 0.000336267
1 0.411719 0.0015625 0.0234375 0.003125 0.000336423
1 0.428906 0.0015625 0.0234375 0.003125 0.000341021
1 0.449219 0.0015625 0.0234375 0.003125 0.000346726
1 0.50625 0.0015625 0.025 0.003125 0.000356481
1 0.58125 0.00390625 0.078125 0.0078125 0.000362169
1 0.46875 0.0015625 0.025 0.003125 0.000367453
1 0.753906 0.0015625 0.0296875 0.003125 0.000369041
1 0.546875 0.0015625 0.025 0.003125 0.000370591
1 0.635938 0.00078125 0.034375 0.0015625 0.00037601
1 0.365625 0.00078125 0.034375 0.0015625 0.000387023
1 0.5625 0.0015625 0.025 0.003125 0.000387302
1 0.4875 0.0015625 0.025 0.003125 0.000395911
0 0.621875 0.671875 0.0375 0.05625 0.000397137
3 0.69375 0.575 0.05 0.04375 0.00040151
1 0.325781 0.00078125 0.0328125 0.0015625 0.000432806
1 0.673437 0.00078125 0.034375 0.0015625 0.000444179
1 0.427344 0.003125 0.0734375 0.00625 0.000447729
2 0.0328125 0.978906 0.040625 0.0421875 0.000454269
0 0.608594 0.710156 0.0359375 0.0484375 0.000486061
0 0.573438 0.892187 0.03125 0.025 0.00050427
1 0.44375 0.00078125 0.034375 0.0015625 0.000524046
1 0.40625 0.00078125 0.034375 0.0015625 0.000527195
0 0.572656 0.929688 0.0328125 0.025 0.000544439
1 0.522656 0.00078125 0.0359375 0.0015625 0.000545805
1 0.507031 0.00234375 0.0703125 0.0046875 0.000555885
3 0.699219 0.603906 0.0265625 0.0421875 0.000572544
0 0.584375 0.760938 0.034375 0.028125 0.000574349
1 0.558594 0.00078125 0.0359375 0.0015625 0.000587073
1 0.596875 0.00078125 0.034375 0.0015625 0.000617204
0 0.585156 0.796094 0.0546875 0.0546875 0.00068091
1 0.482812 0.00078125 0.034375 0.0015625 0.000721746
1 0.0578125 0.13125 0.103125 0.0875 0.00073216
0 0.600781 0.702344 0.0359375 0.0265625 0.000802586
0 0.572656 0.859375 0.0421875 0.034375 0.000837073
0 0.573438 0.874219 0.03125 0.0265625 0.000883574
0 0.59375 0.725 0.034375 0.025 0.00107563
0 0.596875 0.714063 0.05 0.034375 0.00111866
0 0.588281 0.741406 0.0328125 0.0265625 0.0011539
0 0.572656 0.913281 0.0296875 0.0265625 0.00135255
0 0.576563 0.814062 0.03125 0.028125 0.00234088
0 0.573438 0.902344 0.034375 0.0265625 0.00281509
0 0.575 0.8375 0.03125 0.021875 0.00649126
1 0.569531 0.992188 0.0328125 0.009375 0.0128808
1 0.571875 0.996094 0.028125 0.0078125 0.0527662
3 0.696094 0.58125 0.0234375 0.025 0.138171
3 0.682031 0.59375 0.0328125 0.034375 0.321754
0 0.575 0.828906 0.03125 0.0234375 0.739066
3 0.7 0.575 0.021875 0.021875 0.783962
2 0.678906 0.596094 0.0328125 0.0328125 0.861853
