1 0.883594 0.0210938 0.0421875 0.0140625 0.000101128
1 0.233594 0.00859375 0.101562 0.0171875 0.000101426
1 0.0601562 0.983594 0.0421875 0.0171875 0.000112104
1 0.2375 0.0015625 0.034375 0.003125 0.00011282
1 0.253125 0.00078125 0.01875 0.0015625 0.000114969
0 0.542969 0.68125 0.0359375 0.05625 0.000118113
1 0.963281 0.0242187 0.0421875 0.0453125 0.000119916
1 0.7375 0.0015625 0.021875 0.003125 0.000121443
1 0.698438 0.0015625 0.025 0.003125 0.000127606
1 0.273438 0.00078125 0.021875 0.0015625 0.000129618
1 0.930469 0.015625 0.0921875 0.03125 0.000129672
2 0.0382813 0.974219 0.0765625 0.0515625 0.000138006
0 0.569531 0.950781 0.0296875 0.0234375 0.000147276
0 0.600781 0.86875 0.0734375 0.071875 0.000149235
2 0.94375 0.871094 0.075 0.0921875 0.000156846
3 0.994531 0.0375 0.0109375 0.025 0.000160206
1 0.295312 0.0015625 0.021875 0.003125 0.000164326
1 0.680469 0.0015625 0.0234375 0.003125 0.000183486
0 0.45 0.722656 0.06875 0.0453125 0.00018522
1 0.658594 0.0046875 0.0859375 0.009375 0.000187886
0 0.561719 0.89375 0.0328125 0.025 0.000194719
3 0.442969 0.646094 0.0546875 0.0328125 0.000195332
1 0.660156 0.0015625 0.0234375 0.003125 0.00020056
1 0.286719 0.00078125 0.0359375 0.0015625 0.000204003
0 0.45 0.721094 0.034375 0.0671875 0.000210069
1 0.640625 0.0015625 0.025 0.003125 0.00021298
0 0.567187 0.9125 0.034375 0.028125 0.000213402
1 0.584375 0.991406 0.053125 0.0171875 0.000215202
0 0.567969 0.932813 0.0328125 0.028125 0.000216387
0 0.529688 0.68125 0.0625 0.040625 0.000226776
0 0.557813 0.873438 0.053125 0.05 0.000226998
1 0.621875 0.0015625 0.025 0.003125 0.000243595
0 0.528125 0.689844 0.034375 0.0234375 0.000245664
1 0.35 0.00390625 0.08125 0.0078125 0.000249262
1 0.3125 0.0015625 0.021875 0.003125 0.000280723
1 0.333594 0.0015625 0.0234375 0.003125 0.000285495
1 0.7125 0.00078125 0.034375 0.0015625 0.000288424
1 0.353906 0.0015625 0.0234375 0.003125 0.000289014
1 0.584375 0.0015625 0.025 0.003125 0.000301023
1 0.429688 0.0015625 0.025 0.003125 0.000303116
0 0.548437 0.74375 0.034375 0.028125 0.000303794
1 0.371094 0.0015625 0.0234375 0.003125 0.000306378
1 0.03125 0.980469 0.0375 0.0390625 0.000308395
1 0.392188 0.0015625 0.025 0.003125 0.000312009
1 0.410156 0.0015625 0.0234375 0.003125 0.000325691
1 0.365625 0.00078125 0.034375 0.0015625 0.000332863
1 0.564062 0.0015625 0.025 0.003125 0.00033547
1 0.526563 0.0015625 0.025 0.003125 0.000340961
1 0.603125 0.0015625 0.025 0.003125 0.000351818
1 0.507812 0.0015625 0.025 0.003125 0.000352569
1 0.45 0.0015625 0.025 0.003125 0.00035378
1 0.326562 0.00078125 0.034375 0.0015625 0.000367909
0 0.548437 0.735156 0.046875 0.0328125 0.000379982
1 0.0578125 0.128125 0.1 0.075 0.000384505
1 0.545313 0.0015625 0.025 0.003125 0.000390883
1 0.755469 0.0015625 0.0296875 0.003125 0.000399566
1 0.427344 0.003125 0.0734375 0.00625 0.000409926
0 0.560938 0.874219 0.03125 0.0265625 0.000411368
1 0.46875 0.0015625 0.025 0.003125 0.000411428
1 0.635156 0.00078125 0.0359375 0.0015625 0.000415394
1 0.4875 0.0015625 0.025 0.003125 0.000425251
3 0.382031 0.639844 0.0234375 0.0265625 0.000428573
1 0.673437 0.00078125 0.034375 0.0015625 0.000438968
1 0.582812 0.003125 0.075 0.00625 0.000467988
0 0.474219 0.658594 0.0484375 0.0453125 0.000473773
1 0.445312 0.00078125 0.034375 0.0015625 0.000491554
0 0.560156 0.84375 0.0515625 0.053125 0.000499691
1 0.404687 0.00078125 0.034375 0.0015625 0.000505321
1 0.505469 0.00234375 0.0734375 0.0046875 0.000514383
1 0.522656 0.00078125 0.0359375 0.0015625 0.00053478
0 0.566406 0.827344 0.0328125 0.0453125 0.000538121
0 0.538281 0.704687 0.0359375 0.021875 0.00053915
1 0.597656 0.00078125 0.0359375 0.0015625 0.000565082
1 0.560156 0.00078125 0.0359375 0.0015625 0.000592072
0 0.542188 0.723437 0.034375 0.025 0.000592537
1 0.482812 0.00078125 0.034375 0.0015625 0.00067025
3 0.41875 0.621094 0.025 0.0296875 0.000745908
0 0.567969 0.901563 0.0390625 0.03125 0.000753164
0 0.558594 0.836719 0.0328125 0.0265625 0.000989239
0 0.557813 0.814844 0.03125 0.0265625 0.00100457
3 0.397656 0.635156 0.0265625 0.0359375 0.00102919
0 0.561719 0.855469 0.0328125 0.0265625 0.00110475
2 0.395312 0.635156 0.021875 0.0390625 0.00115103
0 0.567187 0.867188 0.040625 0.03125 0.00196462
0 0.554688 0.789844 0.03125 0.0265625 0.00448146
0 0.552344 0.76875 0.0359375 0.03125 0.0124136
1 0.56875 0.996094 0.03125 0.0078125 0.0842361
3 0.392969 0.624219 0.0234375 0.0328125 0.303673
3 0.413281 0.628125 0.0296875 0.03125 0.320071
3 0.386719 0.627344 0.0140625 0.0296875 0.742007
0 0.554688 0.778125 0.03125 0.025 0.743671
2 0.414062 0.627344 0.025 0.0296875 0.917025
