0 0.605469 0.66875 0.0390625 0.025 0.000107059
2 0.645312 0.604688 0.046875 0.028125 0.00010737
1 0.235156 0.0015625 0.0328125 0.003125 0.000108305
1 0.929688 0.0164062 0.09375 0.0328125 0.000111397
1 0.174219 0.0140625 0.101562 0.028125 0.000111409
0 0.611719 0.661719 0.0359375 0.0265625 0.0001125
1 0.273438 0.00078125 0.021875 0.0015625 0.000112756
3 0.694531 0.635938 0.0578125 0.0625 0.000117795
0 0.586719 0.871094 0.0609375 0.0546875 0.000118923
2 0.0382813 0.310156 0.0421875 0.0609375 0.000119764
1 0.229687 0.00859375 0.1 0.0171875 0.000121616
2 0.653125 0.58125 0.05 0.05 0.000122213
1 0.736719 0.0015625 0.0203125 0.003125 0.000123614
0 0.571094 0.95625 0.0421875 0.03125 0.000125502
1 0.697656 0.0015625 0.0234375 0.003125 0.00014016
1 0.658594 0.00546875 0.0890625 0.0109375 0.000141292
1 0.294531 0.00078125 0.0203125 0.0015625 0.000153307
1 0.285156 0.00078125 0.0359375 0.0015625 0.000176688
1 0.659375 0.0015625 0.021875 0.003125 0.000184612
2 0.0421875 0.975 0.084375 0.05 0.000197018
1 0.680469 0.0015625 0.0234375 0.003125 0.000205514
1 0.567187 0.994531 0.03125 0.0109375 0.00021024
1 0.0554687 0.978125 0.0984375 0.04375 0.000210324
1 0.639844 0.0015625 0.0234375 0.003125 0.000215231
1 0.349219 0.00390625 0.0796875 0.0078125 0.000248701
1 0.621094 0.0015625 0.0234375 0.003125 0.00025432
1 0.313281 0.0015625 0.0234375 0.003125 0.000257802
1 0.584375 0.0015625 0.025 0.003125 0.000271101
1 0.332812 0.0015625 0.021875 0.003125 0.000286462
1 0.371094 0.0015625 0.0234375 0.003125 0.000288301
0 0.583594 0.792969 0.0671875 0.0671875 0.000290375
0 0.579687 0.778906 0.03125 0.0296875 0.000300815
1 0.449219 0.0015625 0.0234375 0.003125 0.000301788
1 0.710938 0.00078125 0.03125 0.0015625 0.000310448
1 0.353125 0.0015625 0.025 0.003125 0.000314955
1 0.528125 0.0015625 0.025 0.003125 0.000318796
1 0.429688 0.0015625 0.025 0.003125 0.000318859
1 0.563281 0.0015625 0.0234375 0.003125 0.00032117
0 0.578906 0.750781 0.0578125 0.0390625 0.00032949
1 0.50625 0.0015625 0.025 0.003125 0.000332943
1 0.410156 0.0015625 0.0234375 0.003125 0.000344609
1 0.365625 0.00078125 0.034375 0.0015625 0.000348036
1 0.469531 0.0015625 0.0265625 0.003125 0.000354366
1 0.604688 0.0015625 0.025 0.003125 0.000355644
1 0.391406 0.0015625 0.0234375 0.003125 0.000361499
0 0.607813 0.708594 0.0375 0.0484375 0.000365193
1 0.582812 0.00390625 0.075 0.0078125 0.000373781
1 0.4875 0.0015625 0.025 0.003125 0.000376014
1 0.754687 0.0015625 0.028125 0.003125 0.000387548
0 0.572656 0.941406 0.0328125 0.0296875 0.00038934
1 0.634375 0.00078125 0.034375 0.0015625 0.000391462
0 0.610156 0.664844 0.0796875 0.0734375 0.000399755
1 0.673437 0.00078125 0.034375 0.0015625 0.000400406
1 0.545313 0.0015625 0.025 0.003125 0.000404527
1 0.326562 0.00078125 0.034375 0.0015625 0.000417656
1 0.425781 0.00234375 0.0734375 0.0046875 0.000429213
0 0.574219 0.93125 0.0328125 0.025 0.000465704
1 0.0585938 0.127344 0.107813 0.0953125 0.000469844
1 0.404687 0.00078125 0.034375 0.0015625 0.000474978
1 0.442969 0.00078125 0.0359375 0.0015625 0.000480211
0 0.601562 0.683594 0.0375 0.0265625 0.000489029
0 0.603125 0.677344 0.05625 0.0359375 0.000497422
1 0.505469 0.00234375 0.0734375 0.0046875 0.000512135
1 0.522656 0.00078125 0.0359375 0.0015625 0.000565888
0 0.582031 0.760156 0.0328125 0.0296875 0.000569146
0 0.575 0.845312 0.03125 0.021875 0.000585444
1 0.558594 0.00078125 0.0359375 0.0015625 0.000588107
1 0.483594 0.00078125 0.0359375 0.0015625 0.000599072
1 0.598437 0.00078125 0.034375 0.0015625 0.000601123
0 0.572656 0.860937 0.0421875 0.0375 0.000721323
0 0.573438 0.875 0.03125 0.028125 0.00072773
1 0.0335938 0.98125 0.0390625 0.0375 0.000804449
0 0.592969 0.710938 0.0484375 0.034375 0.000840526
0 0.585938 0.740625 0.034375 0.028125 0.000875371
0 0.590625 0.723437 0.034375 0.028125 0.00101285
0 0.597656 0.700781 0.0328125 0.0265625 0.00107843
0 0.572656 0.911719 0.0296875 0.0234375 0.00121821
0 0.576563 0.814062 0.03125 0.028125 0.00198936
1 0.570312 0.985937 0.040625 0.0125 0.00253636
0 0.573438 0.902344 0.03125 0.0265625 0.00428816
3 0.671094 0.578906 0.0296875 0.0203125 0.00511808
0 0.574219 0.8375 0.0296875 0.021875 0.00660359
1 0.572656 0.996094 0.0296875 0.0078125 0.0296215
3 0.661719 0.595312 0.0328125 0.034375 0.297678
3 0.678906 0.575781 0.0203125 0.0203125 0.709767
0 0.574219 0.828125 0.0328125 0.025 0.743852
2 0.659375 0.596094 0.034375 0.0328125 0.85859
