1 0.736719 0.0015625 0.0234375 0.003125 0.000100666
3 0.94375 0.790625 0.075 0.096875 0.000102602
0 0.721094 0.0679687 0.0484375 0.0484375 0.000106274
3 0.275 0.776563 0.021875 0.021875 0.000107452
1 0.251563 0.00078125 0.01875 0.0015625 0.000108131
0 0.514063 0.854688 0.03125 0.034375 0.00010936
2 0.94375 0.864844 0.078125 0.0796875 0.000111448
1 0.235938 0.0015625 0.034375 0.003125 0.000112525
0 0.517969 0.804688 0.0390625 0.025 0.00011907
1 0.271875 0.00078125 0.021875 0.0015625 0.000121287
1 0.228125 0.00859375 0.1 0.0171875 0.000123687
2 0.315625 0.748438 0.028125 0.04375 0.000127345
1 0.0554687 0.978125 0.0890625 0.04375 0.000128037
3 0.994531 0.0375 0.0109375 0.025 0.000141518
0 0.0429688 0.926562 0.0484375 0.0375 0.00014501
1 0.963281 0.0242187 0.0421875 0.0453125 0.000145453
1 0.295312 0.0015625 0.021875 0.003125 0.000150155
0 0.738281 0.078125 0.0328125 0.028125 0.000152944
0 0.536719 0.820312 0.0390625 0.03125 0.000153519
3 0.944531 0.867188 0.0734375 0.09375 0.000154568
1 0.698438 0.0015625 0.025 0.003125 0.000155007
1 0.659375 0.00546875 0.0875 0.0109375 0.000157104
1 0.932031 0.0164062 0.0921875 0.0328125 0.000159417
0 0.555469 0.9875 0.0328125 0.025 0.000159933
0 0.539062 0.859375 0.08125 0.075 0.000161304
1 0.640625 0.0015625 0.025 0.003125 0.000173476
2 0.0375 0.976562 0.075 0.046875 0.00017865
1 0.660937 0.0015625 0.025 0.003125 0.00018269
0 0.189063 0.878906 0.078125 0.0859375 0.000186274
0 0.725 0.078125 0.034375 0.028125 0.000189509
1 0.282813 0.00078125 0.034375 0.0015625 0.00019961
1 0.314063 0.0015625 0.021875 0.003125 0.000229354
1 0.621875 0.0015625 0.025 0.003125 0.000239103
1 0.350781 0.00390625 0.0796875 0.0078125 0.0002728
0 0.552344 0.950781 0.0328125 0.0234375 0.000286944
1 0.448438 0.0015625 0.025 0.003125 0.000289963
1 0.545313 0.0015625 0.025 0.003125 0.000298051
1 0.372656 0.0015625 0.0234375 0.003125 0.000304419
1 0.351562 0.0015625 0.021875 0.003125 0.000318596
1 0.582812 0.0015625 0.025 0.003125 0.000321433
1 0.0320312 0.98125 0.0359375 0.0375 0.000324517
1 0.565625 0.0015625 0.025 0.003125 0.000324961
1 0.7125 0.00078125 0.034375 0.0015625 0.000326949
1 0.392188 0.0015625 0.025 0.003125 0.00034279
1 0.754687 0.0015625 0.03125 0.003125 0.000350521
1 0.603906 0.0015625 0.0265625 0.003125 0.000351145
1 0.489062 0.0015625 0.025 0.003125 0.000356581
1 0.429688 0.0015625 0.025 0.003125 0.000360528
1 0.470313 0.0015625 0.025 0.003125 0.000360805
1 0.410937 0.0015625 0.025 0.003125 0.00036445
1 0.526563 0.0015625 0.025 0.003125 0.000381801
1 0.583594 0.00390625 0.0765625 0.0078125 0.000391052
1 0.50625 0.0015625 0.025 0.003125 0.000401874
1 0.365625 0.00078125 0.034375 0.0015625 0.0004341
1 0.635156 0.00078125 0.0359375 0.0015625 0.000459168
3 0.271094 0.794531 0.0421875 0.0296875 0.000461898
1 0.675 0.00078125 0.034375 0.0015625 0.000482949
1 0.328906 0.00078125 0.0328125 0.0015625 0.000488029
1 0.427344 0.00234375 0.0734375 0.0046875 0.000500822
1 0.442969 0.00078125 0.0359375 0.0015625 0.00050417
1 0.0578125 0.126563 0.10625 0.09375 0.000543566
1 0.505469 0.00234375 0.0703125 0.0046875 0.000549221
1 0.40625 0.00078125 0.034375 0.0015625 0.000564532
1 0.560156 0.00078125 0.0359375 0.0015625 0.000624758
1 0.521094 0.00078125 0.0359375 0.0015625 0.000645364
1 0.485156 0.00078125 0.0359375 0.0015625 0.000655663
1 0.599219 0.00078125 0.0359375 0.0015625 0.000667592
0 0.546875 0.913281 0.034375 0.0234375 0.000783476
0 0.550781 0.93125 0.0328125 0.028125 0.000857696
0 0.533594 0.845312 0.0328125 0.03125 0.00100851
0 0.539844 0.874219 0.0359375 0.0265625 0.00134381
3 0.26875 0.786719 0.028125 0.0359375 0.00281107
0 0.545313 0.902344 0.0375 0.0265625 0.00387004
1 0.557031 0.988281 0.0328125 0.0109375 0.00667501
1 0.55625 0.995313 0.03125 0.009375 0.0208624
3 0.303906 0.767969 0.0328125 0.0328125 0.236836
3 0.291406 0.775 0.0328125 0.03125 0.246487
0 0.530469 0.832031 0.0390625 0.0265625 0.736948
3 0.278906 0.782812 0.0234375 0.025 0.748986
2 0.307813 0.764063 0.03125 0.03125 0.853046
