1 0.252344 0.00078125 0.0171875 0.0015625 0.000101849
1 0.754687 0.00078125 0.015625 0.0015625 0.000103857
1 0.657031 0.0046875 0.0828125 0.009375 0.000104364
3 0.750781 0.992188 0.0390625 0.015625 0.000104744
2 0.932031 0.657031 0.0328125 0.0703125 0.000108225
1 0.272656 0.00078125 0.0203125 0.0015625 0.000109521
1 0.928906 0.0148437 0.0859375 0.0296875 0.000113492
1 0.717188 0.00078125 0.015625 0.0015625 0.00012499
3 0.440625 0.496875 0.040625 0.053125 0.000128355
3 0.753906 0.994531 0.0203125 0.0109375 0.000132891
0 0.552344 0.949219 0.0328125 0.0234375 0.000133806
1 0.292969 0.00078125 0.0203125 0.0015625 0.000137365
2 0.040625 0.974219 0.08125 0.0515625 0.000138361
1 0.735156 0.00078125 0.0140625 0.0015625 0.000141893
3 0.36875 0.995313 0.025 0.009375 0.000142005
3 0.94375 0.863281 0.06875 0.0921875 0.000143371
2 0.413281 0.510938 0.0515625 0.03125 0.000149598
3 0.74375 0.995313 0.021875 0.009375 0.00015062
3 0.347656 0.994531 0.0421875 0.0109375 0.000152854
1 0.694531 0.00078125 0.0171875 0.0015625 0.000154128
1 0.407031 0.994531 0.0671875 0.0109375 0.000154975
1 0.282031 0.00078125 0.0328125 0.0015625 0.000155553
1 0.641406 0.0015625 0.0203125 0.003125 0.000180814
1 0.619531 0.0015625 0.0203125 0.003125 0.000187287
1 0.707812 0.00078125 0.028125 0.0015625 0.000187405
1 0.0578125 0.125781 0.1 0.0734375 0.000187661
3 0.365625 0.990625 0.03125 0.01875 0.00020942
1 0.757812 0.0015625 0.025 0.003125 0.000212519
1 0.632031 0.00078125 0.0328125 0.0015625 0.00022049
1 0.346875 0.00390625 0.078125 0.0078125 0.000220683
1 0.661719 0.0015625 0.0171875 0.003125 0.000227973
1 0.560156 0.992188 0.0359375 0.015625 0.000230458
0 0.551562 0.86875 0.071875 0.06875 0.000235203
1 0.314844 0.0015625 0.0203125 0.003125 0.000237528
0 0.539844 0.740625 0.0328125 0.021875 0.000249054
0 0.547656 0.836719 0.0328125 0.0265625 0.000250812
0 0.552344 0.930469 0.0328125 0.0234375 0.000255192
1 0.578906 0.003125 0.0734375 0.00625 0.000271933
1 0.351562 0.0015625 0.021875 0.003125 0.000277736
1 0.678125 0.0015625 0.01875 0.003125 0.000288129
1 0.672656 0.00078125 0.0296875 0.0015625 0.000288319
1 0.600781 0.0015625 0.0203125 0.003125 0.000296097
0 0.551562 0.9125 0.03125 0.021875 0.000303857
1 0.390625 0.0015625 0.021875 0.003125 0.000305889
1 0.583594 0.0015625 0.0203125 0.003125 0.000309182
0 0.541406 0.760156 0.0328125 0.0265625 0.00031298
1 0.373437 0.0015625 0.021875 0.003125 0.000320161
1 0.526563 0.0015625 0.021875 0.003125 0.000325364
1 0.449219 0.0015625 0.0234375 0.003125 0.000325864
1 0.545313 0.0015625 0.021875 0.003125 0.000327054
1 0.034375 0.980469 0.0375 0.0390625 0.000335463
1 0.486719 0.0015625 0.0234375 0.003125 0.000339731
1 0.564062 0.0015625 0.021875 0.003125 0.000341497
1 0.429688 0.0015625 0.021875 0.003125 0.000342492
1 0.50625 0.0015625 0.021875 0.003125 0.000345224
1 0.332031 0.0015625 0.0203125 0.003125 0.000346047
1 0.410156 0.0015625 0.0234375 0.003125 0.000353376
1 0.426562 0.003125 0.071875 0.00625 0.000353653
1 0.364844 0.00078125 0.0328125 0.0015625 0.000359605
0 0.524219 0.624219 0.0328125 0.0234375 0.000361964
3 0.365625 0.994531 0.046875 0.0109375 0.000365886
1 0.325 0.00078125 0.03125 0.0015625 0.000375992
1 0.46875 0.0015625 0.021875 0.003125 0.00038008
0 0.550781 0.874219 0.0296875 0.0234375 0.000387818
1 0.502344 0.00234375 0.0703125 0.0046875 0.000413265
1 0.442969 0.00078125 0.0328125 0.0015625 0.000430741
1 0.519531 0.00078125 0.0328125 0.0015625 0.000452351
3 0.360156 0.996875 0.0234375 0.00625 0.000476107
1 0.403906 0.00078125 0.0328125 0.0015625 0.000479523
1 0.557031 0.00078125 0.0328125 0.0015625 0.000503251
0 0.542188 0.725781 0.06875 0.0546875 0.000504413
0 0.536719 0.720312 0.0328125 0.025 0.000506452
0 0.525781 0.591406 0.0328125 0.0390625 0.00051811
1 0.59375 0.00078125 0.03125 0.0015625 0.000530889
3 0.401563 0.584375 0.059375 0.053125 0.000536001
0 0.516406 0.546094 0.0359375 0.0296875 0.000565474
1 0.48125 0.00078125 0.034375 0.0015625 0.000582053
0 0.550781 0.895312 0.0390625 0.03125 0.000611777
3 0.414062 0.565625 0.03125 0.025 0.000636836
0 0.548437 0.860937 0.0375 0.03125 0.000686541
0 0.549219 0.872656 0.0578125 0.0328125 0.000716761
0 0.546875 0.81875 0.0375 0.03125 0.000730544
0 0.546875 0.804688 0.071875 0.053125 0.000767684
0 0.540625 0.749219 0.0375 0.0328125 0.000781096
0 0.544531 0.797656 0.0328125 0.0265625 0.000833456
0 0.519531 0.576563 0.0328125 0.025 0.00124735
3 0.397656 0.575 0.0359375 0.028125 0.00134359
0 0.544531 0.7875 0.0359375 0.03125 0.00177555
0 0.53125 0.644531 0.034375 0.0265625 0.00191085
0 0.523438 0.610156 0.034375 0.0296875 0.00222348
0 0.536719 0.699219 0.0390625 0.0265625 0.00280008
0 0.534375 0.68125 0.03125 0.025 0.00290468
3 0.410156 0.578125 0.0296875 0.01875 0.00418259
0 0.517969 0.567969 0.0328125 0.0203125 0.00582504
0 0.528906 0.658594 0.0359375 0.0328125 0.00616374
0 0.528125 0.626562 0.040625 0.04375 0.00688627
0 0.533594 0.669531 0.0359375 0.0265625 0.00782622
1 0.554688 0.996094 0.03125 0.0078125 0.0284525
3 0.414844 0.541406 0.0359375 0.0328125 0.27878
0 0.516406 0.558594 0.0328125 0.0234375 0.733973
3 0.40625 0.569531 0.028125 0.0203125 0.861338
2 0.414062 0.541406 0.0375 0.0328125 0.880038
