1 0.282813 0.0015625 0.034375 0.003125 0.000100137
1 0.444531 0.0015625 0.0296875 0.003125 0.000103688
3 0.94375 0.634375 0.071875 0.096875 0.000105131
1 0.232031 0.00859375 0.101562 0.0171875 0.000108448
1 0.253906 0.0015625 0.0203125 0.003125 0.000110237
0 0.546875 0.938281 0.05625 0.0359375 0.000112066
0 0.510938 0.783594 0.040625 0.0234375 0.000114349
1 0.735937 0.0015625 0.021875 0.003125 0.000115903
1 0.0601562 0.985156 0.0421875 0.0171875 0.000116082
1 0.2375 0.0015625 0.034375 0.003125 0.000128966
1 0.273438 0.0015625 0.021875 0.003125 0.000129883
3 0.94375 0.864844 0.075 0.0953125 0.000132347
1 0.930469 0.0164062 0.0921875 0.0328125 0.000132956
1 0.661719 0.00546875 0.0890625 0.0109375 0.000135528
1 0.698438 0.0015625 0.025 0.003125 0.000167858
1 0.292188 0.0015625 0.021875 0.003125 0.000170317
0 0.542969 0.896094 0.0796875 0.0734375 0.000175497
1 0.659375 0.0015625 0.025 0.003125 0.000180491
1 0.640625 0.0015625 0.025 0.003125 0.000195416
3 0.0546875 0.899219 0.075 0.0609375 0.0002013
1 0.314844 0.0015625 0.0234375 0.003125 0.000210814
1 0.621875 0.00234375 0.025 0.0046875 0.000211767
1 0.35 0.00390625 0.08125 0.0078125 0.00022365
2 0.0367187 0.978125 0.0734375 0.04375 0.000247068
1 0.43125 0.0015625 0.025 0.003125 0.000280845
1 0.350781 0.0015625 0.0234375 0.003125 0.00029446
1 0.603906 0.0015625 0.0265625 0.003125 0.000297598
1 0.371094 0.0015625 0.0234375 0.003125 0.000298081
1 0.391406 0.0015625 0.0234375 0.003125 0.000299615
1 0.45 0.0015625 0.025 0.003125 0.000303669
1 0.410156 0.0015625 0.0234375 0.003125 0.000310472
1 0.0546875 0.982031 0.084375 0.0359375 0.00031158
1 0.333594 0.0015625 0.0234375 0.003125 0.000316182
1 0.7125 0.00078125 0.034375 0.0015625 0.000322906
1 0.635156 0.00078125 0.0359375 0.0015625 0.00033133
1 0.582812 0.0015625 0.025 0.003125 0.000331383
1 0.526563 0.0015625 0.025 0.003125 0.000333563
1 0.0585938 0.130469 0.107813 0.0984375 0.000339004
1 0.546875 0.0015625 0.025 0.003125 0.000345703
1 0.0289063 0.98125 0.0359375 0.0375 0.00034657
1 0.675781 0.00078125 0.0359375 0.0015625 0.000348025
1 0.327344 0.00078125 0.0328125 0.0015625 0.000362052
1 0.365625 0.00078125 0.034375 0.0015625 0.000371954
0 0.339063 0.895312 0.08125 0.08125 0.000372047
1 0.50625 0.0015625 0.025 0.003125 0.00037861
1 0.564844 0.0015625 0.0265625 0.003125 0.000379219
1 0.753906 0.0015625 0.0296875 0.003125 0.000380043
1 0.469531 0.0015625 0.0265625 0.003125 0.000388902
1 0.489062 0.0015625 0.025 0.003125 0.000399597
1 0.582031 0.00390625 0.0765625 0.0078125 0.000414579
1 0.425781 0.00234375 0.0734375 0.0046875 0.00041782
1 0.444531 0.00078125 0.0359375 0.0015625 0.000468458
1 0.521094 0.00078125 0.0359375 0.0015625 0.000519332
1 0.404687 0.00078125 0.034375 0.0015625 0.000531715
1 0.50625 0.00234375 0.06875 0.0046875 0.000581631
1 0.597656 0.00078125 0.0359375 0.0015625 0.000590866
1 0.560156 0.00078125 0.0359375 0.0015625 0.000603523
3 0.267969 0.814062 0.0359375 0.046875 0.000606054
1 0.485156 0.00078125 0.0359375 0.0015625 0.000652364
0 0.553906 0.951563 0.0328125 0.025 0.000739973
0 0.534375 0.852344 0.034375 0.0390625 0.000744776
1 0.553125 0.990625 0.03125 0.01875 0.000764683
0 0.519531 0.803906 0.0515625 0.0484375 0.000918957
0 0.552344 0.932813 0.0328125 0.028125 0.00110046
0 0.547656 0.9125 0.0359375 0.028125 0.00176457
3 0.285156 0.796094 0.0203125 0.0265625 0.00216292
0 0.539844 0.876562 0.0359375 0.028125 0.00252277
0 0.559375 0.979688 0.0375 0.015625 0.00263033
0 0.560156 0.989844 0.0390625 0.0140625 0.00283893
0 0.561719 0.99375 0.0328125 0.0125 0.00330898
0 0.521875 0.810156 0.040625 0.0265625 0.00332959
0 0.54375 0.896094 0.034375 0.0265625 0.00374763
0 0.532031 0.839844 0.0359375 0.0234375 0.00758273
1 0.559375 0.994531 0.034375 0.0109375 0.00805083
3 0.296875 0.790625 0.03125 0.03125 0.0647002
2 0.297656 0.790625 0.0328125 0.03125 0.128194
3 0.307813 0.782812 0.034375 0.03125 0.341703
0 0.527344 0.822656 0.0390625 0.0265625 0.751842
3 0.280469 0.807813 0.0234375 0.025 0.756877
2 0.307813 0.784375 0.034375 0.03125 0.835211
