0 0.455469 0.523438 0.0359375 0.0625 0.000100716
1 0.239063 0.0015625 0.03125 0.003125 0.000101212
0 0.408594 0.525 0.0734375 0.04375 0.000104163
0 0.335938 0.527344 0.034375 0.0703125 0.000104761
1 0.480469 0.0015625 0.0265625 0.003125 0.000104863
1 0.755469 0.00078125 0.0140625 0.0015625 0.000108047
0 0.45625 0.525 0.065625 0.040625 0.000108609
0 0.408594 0.525 0.0359375 0.06875 0.000113974
0 0.564062 0.826563 0.05625 0.03125 0.000115005
3 0.94375 0.864062 0.071875 0.09375 0.00011587
0 0.56875 0.954687 0.0375 0.034375 0.000117101
0 0.503125 0.504687 0.053125 0.03125 0.000123836
1 0.929688 0.0148437 0.08125 0.0296875 0.000124913
1 0.735156 0.00078125 0.0140625 0.0015625 0.000126351
1 0.252344 0.00078125 0.0171875 0.0015625 0.000136697
1 0.714063 0.00078125 0.015625 0.0015625 0.000141538
1 0.707812 0.00078125 0.028125 0.0015625 0.000141649
1 0.271875 0.00078125 0.01875 0.0015625 0.000142351
0 0.486719 0.492969 0.0359375 0.0234375 0.000144
1 0.964063 0.0242187 0.040625 0.0421875 0.000145324
1 0.29375 0.00078125 0.01875 0.0015625 0.000151448
1 0.28125 0.00078125 0.03125 0.0015625 0.000161628
1 0.755469 0.0015625 0.0234375 0.003125 0.000163264
3 0.31875 0.44375 0.025 0.03125 0.00017435
1 0.661719 0.0015625 0.0171875 0.003125 0.000176157
1 0.346875 0.00390625 0.078125 0.0078125 0.000176308
1 0.640625 0.0015625 0.01875 0.003125 0.000176855
1 0.630469 0.00078125 0.0328125 0.0015625 0.00018884
1 0.576563 0.00390625 0.075 0.0078125 0.000191915
0 0.54375 0.777344 0.03125 0.0234375 0.00019235
0 0.350781 0.580469 0.0859375 0.0953125 0.000196221
1 0.696875 0.0015625 0.015625 0.003125 0.000198009
1 0.620313 0.0015625 0.01875 0.003125 0.000201181
1 0.673437 0.00078125 0.03125 0.0015625 0.000208833
1 0.680469 0.0015625 0.0171875 0.003125 0.000224861
0 0.495313 0.513281 0.0375 0.0265625 0.000228549
0 0.548437 0.8625 0.046875 0.028125 0.000237968
1 0.314844 0.0015625 0.0203125 0.003125 0.000242429
1 0.554688 0.992188 0.040625 0.0125 0.000247266
0 0.525 0.596094 0.034375 0.0484375 0.000248993
0 0.563281 0.867188 0.0328125 0.04375 0.000251582
0 0.561719 0.932031 0.0328125 0.0265625 0.000255137
2 0.0390625 0.977344 0.078125 0.0453125 0.000272866
0 0.484375 0.528125 0.078125 0.06875 0.000277579
0 0.547656 0.820312 0.0296875 0.040625 0.000282957
1 0.325 0.00078125 0.03125 0.0015625 0.000283841
1 0.582031 0.0015625 0.0203125 0.003125 0.000289196
1 0.505469 0.0015625 0.0203125 0.003125 0.000295537
1 0.526563 0.0015625 0.021875 0.003125 0.000297314
1 0.364062 0.00078125 0.03125 0.0015625 0.000298566
1 0.602344 0.0015625 0.0203125 0.003125 0.000302791
2 0.326562 0.421875 0.05 0.059375 0.000303047
1 0.430469 0.0015625 0.0234375 0.003125 0.000313619
1 0.353125 0.0015625 0.021875 0.003125 0.000327437
1 0.545313 0.0015625 0.021875 0.003125 0.000328319
1 0.332031 0.0015625 0.0203125 0.003125 0.000330379
0 0.557813 0.863281 0.06875 0.0640625 0.00033104
1 0.563281 0.0015625 0.0203125 0.003125 0.000332395
1 0.425781 0.00234375 0.0703125 0.0046875 0.000346862
1 0.371094 0.0015625 0.0203125 0.003125 0.000351384
1 0.410156 0.0015625 0.0203125 0.003125 0.000359118
1 0.390625 0.0015625 0.021875 0.003125 0.000363528
1 0.45 0.0015625 0.021875 0.003125 0.000364048
1 0.502344 0.00234375 0.0703125 0.0046875 0.000366643
1 0.4875 0.0015625 0.021875 0.003125 0.000376327
1 0.467187 0.0015625 0.021875 0.003125 0.000378119
1 0.557031 0.00078125 0.0328125 0.0015625 0.000385341
1 0.592969 0.00078125 0.0296875 0.0015625 0.000410802
1 0.442969 0.00078125 0.0328125 0.0015625 0.0004125
1 0.517969 0.00078125 0.0328125 0.0015625 0.000422952
1 0.403125 0 0.03125 0 0.000428352
1 0.0320312 0.980469 0.0390625 0.0390625 0.000428535
0 0.559375 0.9125 0.03125 0.025 0.000478944
0 0.545313 0.760938 0.034375 0.025 0.000529559
0 0.553906 0.835156 0.0296875 0.0265625 0.000541157
1 0.480469 0 0.0328125 0 0.00056466
0 0.564062 0.903125 0.04375 0.03125 0.000574135
0 0.544531 0.7375 0.0703125 0.053125 0.000612006
0 0.553906 0.871875 0.0609375 0.03125 0.000649117
0 0.555469 0.85625 0.0296875 0.025 0.000677509
3 0.272656 0.434375 0.0203125 0.03125 0.000697926
0 0.552344 0.803125 0.0765625 0.05625 0.00072669
0 0.533594 0.68125 0.0328125 0.021875 0.000758104
0 0.5375 0.702344 0.03125 0.0265625 0.000775425
0 0.517187 0.582812 0.03125 0.025 0.000794667
0 0.557813 0.892969 0.03125 0.0234375 0.000796408
0 0.539062 0.721094 0.03125 0.0234375 0.000800951
0 0.54375 0.747656 0.040625 0.0328125 0.000823231
3 0.271094 0.447656 0.0328125 0.0296875 0.000884474
0 0.55625 0.873438 0.03125 0.025 0.000918768
0 0.553125 0.815625 0.03125 0.021875 0.000973408
0 0.548437 0.7875 0.034375 0.034375 0.00106938
0 0.551562 0.799219 0.03125 0.0265625 0.00107184
0 0.542188 0.707031 0.05625 0.0328125 0.001221
0 0.533594 0.664844 0.0421875 0.0296875 0.00137109
0 0.525 0.624219 0.034375 0.0265625 0.00176705
0 0.549219 0.794531 0.0546875 0.0328125 0.00207076
0 0.528906 0.635938 0.0390625 0.03125 0.00216862
0 0.520312 0.607031 0.034375 0.0265625 0.00239017
0 0.527344 0.648438 0.0421875 0.034375 0.00239747
0 0.514063 0.572656 0.034375 0.0234375 0.00966551
0 0.505469 0.538281 0.0359375 0.0265625 0.00970695
2 0.299219 0.430469 0.0296875 0.0328125 0.0137771
3 0.289062 0.436719 0.025 0.0296875 0.0183847
0 0.511719 0.560938 0.0359375 0.021875 0.0493568
1 0.567969 0.996094 0.0296875 0.0078125 0.066036
3 0.307813 0.43125 0.028125 0.03125 0.419876
0 0.510156 0.552344 0.0359375 0.0265625 0.726216
3 0.278906 0.438281 0.0171875 0.0296875 0.760278
2 0.309375 0.432031 0.028125 0.0328125 0.844447
