1 0.251563 0.00078125 0.01875 0.0015625 0.000104859
0 0.517969 0.803906 0.0390625 0.0234375 0.00010861
1 0.0554687 0.977344 0.0953125 0.0453125 0.000110429
3 0.944531 0.867188 0.0765625 0.096875 0.000117951
1 0.273438 0.00078125 0.021875 0.0015625 0.000118193
1 0.735937 0.0015625 0.021875 0.003125 0.00012003
3 0.307813 0.796875 0.021875 0.04375 0.000124378
1 0.0515625 0.103125 0.0625 0.059375 0.000133885
1 0.229687 0.00859375 0.1 0.0171875 0.00013395
1 0.93125 0.0164062 0.09375 0.0328125 0.000137144
0 0.509375 0.783594 0.0375 0.0203125 0.000139883
0 0.527344 0.810156 0.0453125 0.0265625 0.000141862
1 0.7 0.0015625 0.025 0.003125 0.000142191
1 0.658594 0.00546875 0.0890625 0.0109375 0.000142946
1 0.294531 0.00078125 0.0203125 0.0015625 0.000146357
0 0.180469 0.875781 0.0765625 0.0796875 0.000163791
0 0.539844 0.853906 0.0828125 0.0765625 0.000165745
2 0.0375 0.975 0.075 0.05 0.000176852
1 0.642187 0.0015625 0.025 0.003125 0.000191913
1 0.659375 0.0015625 0.025 0.003125 0.000198337
1 0.284375 0.00078125 0.034375 0.0015625 0.000199908
1 0.314063 0.0015625 0.021875 0.003125 0.000226364
1 0.35 0.00390625 0.08125 0.0078125 0.000241162
1 0.620313 0.0015625 0.025 0.003125 0.000241192
3 0.33125 0.758594 0.0375 0.0234375 0.000268237
1 0.333594 0.0015625 0.0234375 0.003125 0.000276459
1 0.352344 0.0015625 0.0234375 0.003125 0.000284632
0 0.552344 0.950781 0.0328125 0.0234375 0.000291087
1 0.0296875 0.980469 0.0375 0.0390625 0.000296556
1 0.584375 0.0015625 0.025 0.003125 0.000298367
1 0.714063 0.00078125 0.034375 0.0015625 0.00031357
1 0.43125 0.0015625 0.025 0.003125 0.000317123
1 0.603125 0.0015625 0.025 0.003125 0.000328315
1 0.371875 0.0015625 0.025 0.003125 0.00033249
1 0.410156 0.0015625 0.0234375 0.003125 0.000344392
1 0.564062 0.0015625 0.025 0.003125 0.000345442
1 0.391406 0.0015625 0.0234375 0.003125 0.000348387
1 0.507812 0.0015625 0.025 0.003125 0.00035644
1 0.45 0.0015625 0.025 0.003125 0.000359871
1 0.755469 0.0015625 0.0296875 0.003125 0.000363045
0 0.45625 0.830469 0.05625 0.0453125 0.000370003
1 0.489062 0.0015625 0.025 0.003125 0.000373649
1 0.546875 0.0015625 0.025 0.003125 0.000374232
0 0.536719 0.820312 0.0390625 0.028125 0.000374412
1 0.675781 0.00078125 0.0359375 0.0015625 0.000378407
2 0.33125 0.759375 0.03125 0.028125 0.000379627
1 0.526563 0.0015625 0.025 0.003125 0.000382297
1 0.582031 0.00390625 0.0765625 0.0078125 0.000391846
1 0.366406 0.00078125 0.0359375 0.0015625 0.000393335
1 0.467969 0.0015625 0.0234375 0.003125 0.000405605
1 0.636719 0.00078125 0.0359375 0.0015625 0.000407832
1 0.328125 0.00078125 0.034375 0.0015625 0.000409032
1 0.427344 0.00234375 0.0734375 0.0046875 0.000432487
1 0.444531 0.00078125 0.0359375 0.0015625 0.000471915
1 0.0578125 0.126563 0.10625 0.09375 0.000483244
1 0.404687 0.00078125 0.034375 0.0015625 0.000525855
1 0.522656 0.00078125 0.0359375 0.0015625 0.000552231
1 0.560156 0.00078125 0.0359375 0.0015625 0.000599364
1 0.50625 0.00234375 0.06875 0.0046875 0.00061099
1 0.597656 0.00078125 0.0359375 0.0015625 0.000613216
1 0.484375 0.00078125 0.034375 0.0015625 0.00067323
0 0.547656 0.913281 0.0328125 0.0234375 0.000801341
0 0.550781 0.932031 0.0328125 0.0265625 0.000870879
0 0.539844 0.876562 0.0328125 0.028125 0.00105425
0 0.535937 0.847656 0.03125 0.0234375 0.00111757
0 0.546094 0.903125 0.0359375 0.028125 0.00356522
1 0.55625 0.992188 0.034375 0.0125 0.00400182
1 0.557813 0.988281 0.03125 0.0109375 0.00791241
1 0.55625 0.996094 0.03125 0.0078125 0.0285891
3 0.300781 0.782812 0.0296875 0.03125 0.0751379
3 0.317187 0.771094 0.034375 0.0328125 0.31221
0 0.53125 0.83125 0.0375 0.025 0.738405
3 0.289844 0.792188 0.0234375 0.025 0.747278
2 0.31875 0.771094 0.034375 0.0328125 0.916121
