0 0.617188 0.492969 0.034375 0.0265625 0.00010438
1 0.059375 0.984375 0.04375 0.015625 0.000105324
1 0.0507812 0.103125 0.0609375 0.059375 0.000110805
1 0.0539063 0.0960938 0.0546875 0.0234375 0.000112779
0 0.565625 0.950781 0.034375 0.0265625 0.000117491
0 0.596875 0.875781 0.075 0.0734375 0.000119436
0 0.571875 0.913281 0.034375 0.0265625 0.000120086
1 0.23125 0.0078125 0.096875 0.015625 0.000121699
1 0.654688 0.0046875 0.078125 0.009375 0.000121728
1 0.253906 0.00078125 0.0171875 0.0015625 0.000122883
1 0.236719 0.0015625 0.0328125 0.003125 0.00012466
3 0.775781 0.342969 0.0265625 0.0109375 0.000128933
1 0.272656 0.00078125 0.0203125 0.0015625 0.000130238
3 0.280469 0.996875 0.0234375 0.00625 0.000133821
1 0.928906 0.0132813 0.0796875 0.0265625 0.000140825
1 0.754687 0.00078125 0.015625 0.0015625 0.000154819
3 0.995313 0.0382813 0.009375 0.0234375 0.000156404
0 0.667188 0.485938 0.0375 0.0625 0.000157967
3 0.267969 0.995313 0.0390625 0.009375 0.000158648
1 0.716406 0.00078125 0.0171875 0.0015625 0.000160557
0 0.611719 0.485156 0.0390625 0.0609375 0.00016362
0 0.582812 0.646875 0.034375 0.025 0.000166806
1 0.965625 0.0234375 0.0375 0.0375 0.000166974
1 0.735937 0.00078125 0.015625 0.0015625 0.000168937
1 0.294531 0.00078125 0.0203125 0.0015625 0.000169958
0 0.667188 0.485938 0.065625 0.04375 0.00016997
1 0.708594 0.00078125 0.0296875 0.0015625 0.000178563
0 0.557031 0.803906 0.0796875 0.0796875 0.000179795
1 0.05625 0.977344 0.1 0.0453125 0.000192283
1 0.678906 0.0015625 0.0171875 0.003125 0.000197235
2 0.929688 0.407813 0.075 0.09375 0.000199866
0 0.572656 0.891406 0.0328125 0.0234375 0.000203013
1 0.283594 0.00078125 0.0328125 0.0015625 0.000204576
1 0.697656 0.00078125 0.0171875 0.0015625 0.000208526
2 0.0414063 0.974219 0.0828125 0.0515625 0.000210056
1 0.658594 0.0015625 0.0171875 0.003125 0.00021779
1 0.346875 0.00390625 0.078125 0.0078125 0.000221303
0 0.633594 0.485938 0.0609375 0.040625 0.000224577
1 0.576563 0.003125 0.075 0.00625 0.000230466
1 0.753125 0.0015625 0.025 0.003125 0.000234711
0 0.592969 0.804688 0.0734375 0.06875 0.000241538
1 0.670313 0.00078125 0.028125 0.0015625 0.000245669
1 0.632031 0.00078125 0.0296875 0.0015625 0.000246809
1 0.640625 0.0015625 0.01875 0.003125 0.000249308
1 0.621875 0.0015625 0.01875 0.003125 0.00024996
1 0.313281 0.0015625 0.0203125 0.003125 0.000254002
3 0.7 0.436719 0.08125 0.0796875 0.000264462
1 0.603906 0.0015625 0.0203125 0.003125 0.000290135
1 0.353125 0.0015625 0.021875 0.003125 0.000291085
1 0.582031 0.0015625 0.0203125 0.003125 0.000296394
1 0.332031 0.0015625 0.0203125 0.003125 0.000301288
1 0.371875 0.0015625 0.021875 0.003125 0.000301702
1 0.45 0.0015625 0.021875 0.003125 0.000309993
1 0.0585938 0.128125 0.107813 0.096875 0.000311143
1 0.564062 0.0015625 0.021875 0.003125 0.000319991
1 0.410937 0.0015625 0.021875 0.003125 0.000323594
1 0.364844 0.00078125 0.0328125 0.0015625 0.000324908
0 0.571875 0.873438 0.03125 0.025 0.000331083
1 0.429688 0.0015625 0.021875 0.003125 0.00033313
0 0.569531 0.959375 0.0390625 0.025 0.000335513
1 0.390625 0.0015625 0.021875 0.003125 0.000341305
1 0.325 0.00078125 0.03125 0.0015625 0.000343243
0 0.592969 0.720312 0.0640625 0.0625 0.000350053
1 0.486719 0.0015625 0.0234375 0.003125 0.000355137
1 0.542969 0.0015625 0.0203125 0.003125 0.000356725
1 0.467969 0.0015625 0.0234375 0.003125 0.000357032
0 0.610937 0.525781 0.03125 0.0265625 0.000368594
1 0.508594 0.0015625 0.0234375 0.003125 0.00037261
1 0.424219 0.00234375 0.0703125 0.0046875 0.00039526
1 0.525 0.0015625 0.021875 0.003125 0.000401685
1 0.503125 0.00234375 0.06875 0.0046875 0.000409073
0 0.603906 0.532812 0.0359375 0.028125 0.000409899
0 0.576563 0.757812 0.03125 0.025 0.000428674
0 0.588281 0.627344 0.0328125 0.0296875 0.000433091
1 0.59375 0.00078125 0.03125 0.0015625 0.000442316
0 0.571875 0.9 0.04375 0.03125 0.000447499
0 0.608594 0.5125 0.0359375 0.025 0.000462208
1 0.442969 0.00078125 0.0328125 0.0015625 0.000469468
1 0.403906 0.00078125 0.0328125 0.0015625 0.000474725
1 0.48125 0.00078125 0.034375 0.0015625 0.000483772
1 0.554688 0.00078125 0.03125 0.0015625 0.000513817
1 0.519531 0 0.0328125 0 0.000529682
3 0.778906 0.417188 0.0171875 0.021875 0.000536952
3 0.759375 0.463281 0.1 0.104687 0.000585319
0 0.575 0.800781 0.03125 0.0265625 0.000589336
1 0.034375 0.980469 0.040625 0.0390625 0.000593597
3 0.739844 0.421875 0.0359375 0.025 0.000594855
0 0.578906 0.720312 0.0328125 0.025 0.000669489
0 0.572656 0.847656 0.0703125 0.0546875 0.000674792
0 0.572656 0.834375 0.0296875 0.025 0.000893416
0 0.592969 0.655469 0.0578125 0.0453125 0.000984736
0 0.571094 0.941406 0.0296875 0.0265625 0.00101491
0 0.575 0.783594 0.034375 0.0296875 0.00107485
0 0.572656 0.85625 0.0390625 0.028125 0.00110671
0 0.578125 0.741406 0.034375 0.0296875 0.00114862
0 0.592188 0.598437 0.03125 0.025 0.00124536
0 0.574219 0.788281 0.0765625 0.0578125 0.00124825
0 0.58125 0.702344 0.034375 0.0296875 0.00144316
0 0.582812 0.682813 0.03125 0.025 0.00148957
0 0.579687 0.691406 0.06875 0.0546875 0.00151397
0 0.572656 0.81875 0.0328125 0.028125 0.00202665
3 0.776563 0.432813 0.040625 0.05625 0.00210993
0 0.598437 0.55625 0.034375 0.028125 0.00264352
0 0.584375 0.665625 0.034375 0.03125 0.00303671
0 0.589063 0.640625 0.03125 0.03125 0.00307806
3 0.767187 0.411719 0.021875 0.0265625 0.00315091
1 0.570312 0.994531 0.03125 0.0109375 0.0220643
0 0.590625 0.58125 0.03125 0.025 0.0241097
3 0.75 0.417969 0.028125 0.0328125 0.22335
3 0.770312 0.41875 0.015625 0.028125 0.724768
0 0.595312 0.56875 0.03125 0.025 0.746163
2 0.74375 0.41875 0.028125 0.03125 0.829439
