3 0.94375 0.864062 0.075 0.096875 0.000103065
0 0.44375 0.797656 0.071875 0.0421875 0.000104128
1 0.175781 0.0140625 0.101562 0.028125 0.000105653
1 0.253125 0.00078125 0.01875 0.0015625 0.000106513
0 0.44375 0.796875 0.0375 0.065625 0.000113904
1 0.929688 0.0164062 0.09375 0.0328125 0.000116439
3 0.679688 0.991406 0.04375 0.0171875 0.000119765
1 0.7375 0.0015625 0.021875 0.003125 0.000121396
1 0.273438 0.00078125 0.021875 0.0015625 0.000121456
3 0.26875 0.742969 0.05 0.0703125 0.000122481
0 0.201562 0.784375 0.028125 0.028125 0.000123467
1 0.05 0.13125 0.046875 0.071875 0.000131307
1 0.236719 0.0015625 0.0328125 0.003125 0.000135592
1 0.230469 0.0078125 0.0984375 0.015625 0.000142152
2 0.0375 0.975781 0.075 0.0484375 0.000147589
1 0.698438 0.0015625 0.025 0.003125 0.000152204
0 0.527344 0.784375 0.0734375 0.078125 0.000155588
0 0.408594 0.799219 0.0671875 0.0421875 0.000157867
3 0.346094 0.739844 0.0265625 0.0296875 0.000169954
1 0.292969 0.0015625 0.0203125 0.003125 0.0001709
0 0.408594 0.799219 0.0359375 0.0640625 0.000175358
1 0.284375 0.00078125 0.034375 0.0015625 0.000192013
0 0.553125 0.798437 0.071875 0.06875 0.000194463
1 0.660156 0.0015625 0.0234375 0.003125 0.000202661
1 0.640625 0.0015625 0.025 0.003125 0.000214497
0 0.525781 0.760156 0.0671875 0.0359375 0.000222516
1 0.659375 0.00390625 0.084375 0.0078125 0.000224971
1 0.315625 0.0015625 0.021875 0.003125 0.000226838
0 0.345313 0.797656 0.03125 0.0484375 0.000235942
0 0.557813 0.957031 0.040625 0.0328125 0.00024037
1 0.622656 0.0015625 0.0265625 0.003125 0.000241489
0 0.379687 0.803125 0.059375 0.046875 0.000246899
1 0.0289063 0.980469 0.0359375 0.0390625 0.000251936
0 0.526563 0.78125 0.040625 0.021875 0.000288947
1 0.392969 0.0015625 0.0234375 0.003125 0.000303302
1 0.7125 0.00078125 0.034375 0.0015625 0.000303901
0 0.379687 0.801562 0.028125 0.0625 0.000304546
1 0.470313 0.0015625 0.025 0.003125 0.000310548
1 0.603125 0.0015625 0.025 0.003125 0.000318281
1 0.526563 0.0015625 0.025 0.003125 0.00031904
1 0.350781 0.003125 0.0765625 0.00625 0.000320766
1 0.371094 0.0015625 0.0234375 0.003125 0.000325798
1 0.448438 0.0015625 0.025 0.003125 0.000326903
1 0.411719 0.0015625 0.0234375 0.003125 0.000349534
1 0.546875 0.0015625 0.025 0.003125 0.000350723
1 0.334375 0.0015625 0.021875 0.003125 0.000358916
1 0.351562 0.0015625 0.021875 0.003125 0.00035893
1 0.584375 0.0015625 0.025 0.003125 0.000362768
1 0.564062 0.0015625 0.025 0.003125 0.000377491
1 0.50625 0.0015625 0.025 0.003125 0.000388026
1 0.489062 0.0015625 0.025 0.003125 0.000403156
1 0.429688 0.0015625 0.025 0.003125 0.000403692
1 0.635156 0.00078125 0.0359375 0.0015625 0.000408036
1 0.755469 0.00078125 0.0296875 0.0015625 0.000408234
1 0.583594 0.003125 0.0765625 0.00625 0.000427188
1 0.328906 0.00078125 0.0328125 0.0015625 0.000430941
1 0.365625 0.00078125 0.034375 0.0015625 0.000435373
0 0.564062 0.905469 0.053125 0.0328125 0.000457122
1 0.675 0.00078125 0.034375 0.0015625 0.000467983
1 0.442969 0.00078125 0.0359375 0.0015625 0.000524227
1 0.427344 0.00234375 0.0703125 0.0046875 0.000533347
1 0.40625 0.00078125 0.034375 0.0015625 0.000542914
1 0.505469 0.00234375 0.0703125 0.0046875 0.000573648
1 0.560938 0.00078125 0.0375 0.0015625 0.00057578
1 0.0570313 0.127344 0.0984375 0.0703125 0.000594062
1 0.521094 0.00078125 0.0359375 0.0015625 0.000601398
1 0.598437 0.00078125 0.034375 0.0015625 0.000602551
1 0.553906 0.991406 0.0296875 0.0171875 0.000641582
3 0.278125 0.732031 0.015625 0.0265625 0.000677083
0 0.555469 0.930469 0.0296875 0.0265625 0.000691748
1 0.483594 0.00078125 0.0359375 0.0015625 0.000697371
2 0.328906 0.715625 0.0296875 0.021875 0.000830646
0 0.340625 0.816406 0.071875 0.0796875 0.00136306
0 0.550781 0.876562 0.0328125 0.028125 0.00199833
0 0.554688 0.910937 0.03125 0.025 0.00215597
0 0.5375 0.8125 0.0375 0.028125 0.00226123
0 0.5625 0.984375 0.040625 0.015625 0.00254828
0 0.552344 0.896094 0.0296875 0.0265625 0.00400103
1 0.560938 0.994531 0.03125 0.0109375 0.0125685
0 0.542969 0.8375 0.0328125 0.021875 0.0188177
0 0.561719 0.99375 0.0296875 0.0125 0.0217071
3 0.317969 0.722656 0.0296875 0.0328125 0.465534
0 0.541406 0.828125 0.0328125 0.025 0.73478
3 0.283594 0.734375 0.0203125 0.028125 0.76165
2 0.317187 0.723437 0.028125 0.03125 0.883027
