1 0.0601562 0.983594 0.0421875 0.0171875 0.00010044
1 0.172656 0.0148437 0.101562 0.0296875 0.000102373
1 0.0554687 0.977344 0.0953125 0.0453125 0.00010257
3 0.6625 0.340625 0.01875 0.015625 0.000104855
3 0.994531 0.0367187 0.0109375 0.0265625 0.000107276
1 0.251563 0.00078125 0.01875 0.0015625 0.000111239
1 0.272656 0.00078125 0.0203125 0.0015625 0.000111536
1 0.7375 0.0015625 0.021875 0.003125 0.000113749
0 0.985156 0.0640625 0.0296875 0.03125 0.000114746
1 0.234375 0.0015625 0.034375 0.003125 0.000118407
1 0.932031 0.0164062 0.0921875 0.0328125 0.000120818
0 0.565625 0.869531 0.034375 0.0515625 0.000134724
0 0.423438 0.759375 0.06875 0.059375 0.000134816
1 0.228125 0.00859375 0.1 0.0171875 0.00013724
0 0.594531 0.989844 0.0671875 0.0203125 0.000139588
1 0.295312 0.0015625 0.021875 0.003125 0.000145996
1 0.551562 0.992188 0.04375 0.015625 0.000150942
1 0.696875 0.0015625 0.025 0.003125 0.00015133
0 0.565625 0.870313 0.0625 0.034375 0.000157884
1 0.285937 0.00078125 0.034375 0.0015625 0.00016777
3 0.258594 0.757031 0.0703125 0.0859375 0.000168479
1 0.679688 0.0015625 0.025 0.003125 0.000188172
1 0.661719 0.0015625 0.0265625 0.003125 0.000192678
1 0.640625 0.0015625 0.025 0.003125 0.000195981
2 0.0367187 0.976562 0.0734375 0.046875 0.000200817
1 0.660156 0.00390625 0.0859375 0.0078125 0.000201388
1 0.623438 0.0015625 0.025 0.003125 0.000214635
1 0.314063 0.0015625 0.021875 0.003125 0.000242622
1 0.0304688 0.980469 0.0359375 0.0390625 0.000282049
1 0.35 0.00390625 0.078125 0.0078125 0.000283334
0 0.561719 0.951563 0.0453125 0.034375 0.000299763
1 0.45 0.0015625 0.025 0.003125 0.000302684
1 0.603125 0.0015625 0.025 0.003125 0.00030303
1 0.371094 0.0015625 0.0234375 0.003125 0.000307895
1 0.711719 0.00078125 0.0359375 0.0015625 0.000314702
1 0.430469 0.0015625 0.0234375 0.003125 0.00031906
1 0.351562 0.0015625 0.021875 0.003125 0.000327316
1 0.332812 0.0015625 0.021875 0.003125 0.000346532
1 0.410156 0.0015625 0.0234375 0.003125 0.000350786
1 0.584375 0.0015625 0.025 0.003125 0.000350796
1 0.753125 0.00078125 0.03125 0.0015625 0.000351239
1 0.565625 0.0015625 0.025 0.003125 0.0003533
1 0.392969 0.0015625 0.0234375 0.003125 0.000366387
1 0.470313 0.0015625 0.025 0.003125 0.000367776
1 0.546094 0.0015625 0.0265625 0.003125 0.000370588
1 0.4875 0.0015625 0.025 0.003125 0.000374515
1 0.0601562 0.125781 0.101562 0.0734375 0.000376092
1 0.364844 0.00078125 0.0328125 0.0015625 0.000379486
1 0.635938 0.00078125 0.0375 0.0015625 0.000380664
3 0.290625 0.728906 0.053125 0.0609375 0.000391991
1 0.526563 0.0015625 0.025 0.003125 0.000398779
1 0.327344 0.00078125 0.0328125 0.0015625 0.00039939
1 0.507031 0.0015625 0.0265625 0.003125 0.000406933
1 0.675781 0.00078125 0.0359375 0.0015625 0.000448271
1 0.426562 0.00234375 0.071875 0.0046875 0.000468591
1 0.585156 0.003125 0.0765625 0.00625 0.000473491
1 0.444531 0.00078125 0.0359375 0.0015625 0.000489284
1 0.404687 0.00078125 0.034375 0.0015625 0.000535593
0 0.530469 0.775781 0.0421875 0.0296875 0.00055328
1 0.50625 0.00234375 0.071875 0.0046875 0.000555349
1 0.521094 0.00078125 0.0359375 0.0015625 0.000594094
1 0.483594 0.00078125 0.0359375 0.0015625 0.00060176
1 0.599219 0.00078125 0.0359375 0.0015625 0.000686848
1 0.560156 0.00078125 0.0359375 0.0015625 0.00070421
0 0.550781 0.877344 0.0734375 0.0515625 0.000909979
0 0.558594 0.93125 0.0328125 0.025 0.000977222
0 0.552344 0.875 0.0328125 0.028125 0.00140026
0 0.548437 0.855469 0.034375 0.0265625 0.00172179
0 0.565625 0.988281 0.04375 0.0171875 0.00224453
0 0.55625 0.911719 0.03125 0.0265625 0.0022513
2 0.329688 0.721875 0.03125 0.025 0.00228313
0 0.538281 0.807031 0.0328125 0.0234375 0.00232307
0 0.555469 0.9 0.0390625 0.03125 0.00242013
0 0.544531 0.839844 0.0359375 0.0296875 0.00294674
3 0.299219 0.75 0.0234375 0.021875 0.00437243
0 0.567187 0.99375 0.03125 0.0125 0.00802073
1 0.567187 0.99375 0.03125 0.0125 0.0127797
0 0.536719 0.798437 0.0359375 0.021875 0.0275493
3 0.319531 0.73125 0.0328125 0.034375 0.398968
3 0.291406 0.749219 0.0203125 0.0234375 0.733881
0 0.533594 0.790625 0.0390625 0.025 0.736802
2 0.320312 0.730469 0.034375 0.0328125 0.892902
