3 0.94375 0.632812 0.071875 0.096875 0.000100985
1 0.675 0.00234375 0.028125 0.0046875 0.000101275
1 0.0601562 0.985156 0.0453125 0.0171875 0.000103255
1 0.173438 0.0148437 0.1 0.0296875 0.000111111
0 0.571875 0.892969 0.034375 0.0265625 0.000113013
3 0.94375 0.790625 0.071875 0.096875 0.000114625
1 0.235938 0.0015625 0.034375 0.003125 0.000115317
3 0.942969 0.864062 0.0734375 0.096875 0.000119503
1 0.272656 0.00078125 0.0203125 0.0015625 0.000121461
0 0.571875 0.871094 0.034375 0.0265625 0.000125134
2 0.0445312 0.96875 0.0890625 0.0625 0.000136857
1 0.93125 0.015625 0.090625 0.03125 0.000138716
1 0.697656 0.0015625 0.0234375 0.003125 0.000141701
1 0.228125 0.00859375 0.1 0.0171875 0.000143284
1 0.0570313 0.977344 0.101562 0.0453125 0.000156195
1 0.294531 0.0015625 0.0234375 0.003125 0.000156241
1 0.659375 0.0046875 0.0875 0.009375 0.000159593
0 0.567969 0.897656 0.0359375 0.0578125 0.000171591
3 0.994531 0.0398437 0.0109375 0.0265625 0.000179056
1 0.285156 0.00078125 0.0359375 0.0015625 0.000180239
0 0.561719 0.985156 0.0359375 0.0265625 0.000184503
1 0.641406 0.0015625 0.0265625 0.003125 0.000187746
1 0.660156 0.0015625 0.0234375 0.003125 0.000192347
1 0.621875 0.0015625 0.025 0.003125 0.00020934
1 0.35 0.00390625 0.08125 0.0078125 0.000222051
1 0.314844 0.0015625 0.0234375 0.003125 0.000269763
1 0.353125 0.0015625 0.025 0.003125 0.000275876
1 0.45 0.0015625 0.025 0.003125 0.000288672
1 0.33125 0.0015625 0.021875 0.003125 0.000313899
1 0.601562 0.0015625 0.025 0.003125 0.000315801
1 0.583594 0.0015625 0.0234375 0.003125 0.000321751
1 0.372656 0.0015625 0.0234375 0.003125 0.000327954
1 0.714063 0.00078125 0.034375 0.0015625 0.00032842
1 0.366406 0.00078125 0.0359375 0.0015625 0.000348389
1 0.545313 0.0015625 0.025 0.003125 0.000350261
1 0.470313 0.0015625 0.025 0.003125 0.000354761
1 0.754687 0.00078125 0.028125 0.0015625 0.000356884
1 0.391406 0.0015625 0.0234375 0.003125 0.000360511
1 0.565625 0.0015625 0.025 0.003125 0.000361169
1 0.410156 0.0015625 0.0234375 0.003125 0.000363395
1 0.326562 0.00078125 0.034375 0.0015625 0.000367267
1 0.635938 0.00078125 0.0375 0.0015625 0.000367824
1 0.429688 0.0015625 0.025 0.003125 0.000369185
1 0.50625 0.0015625 0.025 0.003125 0.000369393
1 0.526563 0.0015625 0.025 0.003125 0.000370267
1 0.427344 0.003125 0.0734375 0.00625 0.000395935
1 0.4875 0.0015625 0.025 0.003125 0.000402968
1 0.582812 0.003125 0.075 0.00625 0.000428779
1 0.675781 0.00078125 0.0359375 0.0015625 0.000436579
1 0.444531 0.00078125 0.0359375 0.0015625 0.000476684
1 0.50625 0.003125 0.071875 0.00625 0.000500664
1 0.059375 0.128125 0.1 0.071875 0.000523328
1 0.404687 0.00078125 0.034375 0.0015625 0.000537184
1 0.034375 0.979688 0.040625 0.040625 0.000544381
1 0.521875 0.00078125 0.034375 0.0015625 0.000553583
1 0.597656 0.00078125 0.0359375 0.0015625 0.000566712
1 0.561719 0.00078125 0.0359375 0.0015625 0.000588393
1 0.483594 0.00078125 0.0359375 0.0015625 0.000633957
3 0.575781 0.785156 0.0328125 0.0140625 0.00202814
0 0.5625 0.992969 0.03125 0.0140625 0.0814797
3 0.575781 0.826563 0.0296875 0.025 0.316107
3 0.58125 0.792188 0.028125 0.0125 0.781616
2 0.575781 0.826563 0.0296875 0.025 0.864355
