1 0.675 0.0015625 0.028125 0.003125 0.000104492
1 0.23125 0.00859375 0.1 0.0171875 0.00010526
0 0.610937 0.971094 0.03125 0.0234375 0.00010606
1 0.273438 0.00078125 0.021875 0.0015625 0.000108687
0 0.328906 0.84375 0.0390625 0.046875 0.000110982
1 0.963281 0.0234375 0.0421875 0.04375 0.000114401
1 0.250781 0.00078125 0.0203125 0.0015625 0.000118219
1 0.736719 0.0015625 0.0234375 0.003125 0.000119842
2 0.0453125 0.967188 0.090625 0.065625 0.000124173
3 0.33125 0.8625 0.021875 0.009375 0.000125954
3 0.738281 0.20625 0.0265625 0.025 0.000126618
2 0.672656 0.892969 0.0359375 0.0296875 0.000127689
1 0.696875 0.0015625 0.025 0.003125 0.000128587
1 0.93125 0.015625 0.090625 0.03125 0.000146472
1 0.05625 0.975781 0.103125 0.0484375 0.0001496
1 0.295312 0.00078125 0.021875 0.0015625 0.000152462
1 0.660937 0.00546875 0.0875 0.0109375 0.000157851
1 0.641406 0.0015625 0.0265625 0.003125 0.000174604
1 0.284375 0.00078125 0.034375 0.0015625 0.00017793
0 0.603906 0.959375 0.0515625 0.046875 0.000183331
1 0.660937 0.0015625 0.025 0.003125 0.000205964
1 0.621094 0.0015625 0.0265625 0.003125 0.000217209
1 0.314844 0.0015625 0.0234375 0.003125 0.000243652
1 0.350781 0.00390625 0.0796875 0.0078125 0.000262213
1 0.45 0.0015625 0.025 0.003125 0.000278311
1 0.372656 0.0015625 0.0234375 0.003125 0.000279109
1 0.332812 0.0015625 0.021875 0.003125 0.000296306
3 0.319531 0.8625 0.0203125 0.0125 0.000297549
1 0.584375 0.0015625 0.025 0.003125 0.000303107
1 0.352344 0.0015625 0.0234375 0.003125 0.000309997
0 0.6375 0.940625 0.03125 0.0375 0.000311103
1 0.7125 0.00078125 0.034375 0.0015625 0.000314671
1 0.428906 0.0015625 0.0234375 0.003125 0.000325288
1 0.546875 0.0015625 0.025 0.003125 0.000328679
1 0.565625 0.0015625 0.025 0.003125 0.000339759
1 0.603125 0.0015625 0.025 0.003125 0.000345415
1 0.635938 0.00078125 0.0375 0.0015625 0.000348345
1 0.392969 0.0015625 0.0234375 0.003125 0.000348692
1 0.525 0.0015625 0.025 0.003125 0.000349494
1 0.367188 0.00078125 0.034375 0.0015625 0.000350119
1 0.409375 0.0015625 0.025 0.003125 0.000352857
1 0.4875 0.0015625 0.025 0.003125 0.000382754
1 0.470313 0.0015625 0.025 0.003125 0.000383286
1 0.583594 0.00390625 0.0765625 0.0078125 0.000386385
1 0.754687 0.0015625 0.03125 0.003125 0.000398798
1 0.507812 0.0015625 0.025 0.003125 0.000400972
1 0.327344 0.00078125 0.0328125 0.0015625 0.000404311
1 0.636719 0.942187 0.0453125 0.03125 0.000436763
1 0.675781 0.00078125 0.0359375 0.0015625 0.000439567
1 0.426562 0.00234375 0.075 0.0046875 0.000445335
1 0.44375 0.00078125 0.034375 0.0015625 0.000503075
1 0.0375 0.978125 0.040625 0.04375 0.000504818
1 0.059375 0.128906 0.1 0.0734375 0.000514318
1 0.404687 0.00078125 0.034375 0.0015625 0.000554843
0 0.589844 0.985937 0.0390625 0.01875 0.00057871
1 0.505469 0.00234375 0.0703125 0.0046875 0.000579519
0 0.60625 0.988281 0.046875 0.0234375 0.000585593
1 0.560156 0.00078125 0.0359375 0.0015625 0.000598223
0 0.597656 0.979688 0.0390625 0.01875 0.000598385
1 0.521094 0.00078125 0.0359375 0.0015625 0.00060285
1 0.599219 0.00078125 0.0359375 0.0015625 0.00062109
1 0.483594 0.00078125 0.0359375 0.0015625 0.000655901
1 0.585156 0.992188 0.0421875 0.015625 0.000665901
0 0.5875 0.991406 0.053125 0.0171875 0.00143136
2 0.6875 0.882812 0.046875 0.053125 0.00300628
0 0.592969 0.992969 0.0328125 0.0140625 0.0038024
3 0.682813 0.886719 0.03125 0.0328125 0.010146
3 0.708594 0.867188 0.0234375 0.025 0.74503
2 0.682031 0.888281 0.0328125 0.0328125 0.884053
