1 0.235938 0.0078125 0.096875 0.015625 0.000105217
3 0.94375 0.710938 0.06875 0.09375 0.000105352
0 0.502344 0.352344 0.0953125 0.0921875 0.000106512
3 0.423438 0.453906 0.05625 0.0203125 0.000115058
1 0.657031 0.0046875 0.0828125 0.009375 0.00011984
1 0.238281 0.0015625 0.0328125 0.003125 0.0001199
1 0.252344 0.0015625 0.0171875 0.003125 0.000120946
1 0.716406 0.0015625 0.0171875 0.003125 0.000126424
1 0.274219 0.00078125 0.0203125 0.0015625 0.000127616
1 0.736719 0.0015625 0.0171875 0.003125 0.000127633
1 0.0578125 0.128125 0.1 0.075 0.000139
0 0.545313 0.933594 0.0375 0.0265625 0.000146648
0 0.445312 0.524219 0.034375 0.0234375 0.000149586
3 0.94375 0.866406 0.071875 0.0921875 0.00014975
1 0.929688 0.0148437 0.084375 0.0296875 0.000155963
1 0.697656 0.0015625 0.0171875 0.003125 0.000156441
3 0.994531 0.0390625 0.0109375 0.025 0.000163942
1 0.282031 0.00078125 0.0328125 0.0015625 0.00017091
1 0.708594 0.00078125 0.0296875 0.0015625 0.000173089
1 0.292969 0.0015625 0.0203125 0.003125 0.000178779
0 0.510938 0.733594 0.046875 0.0328125 0.000179363
1 0.678125 0.0015625 0.01875 0.003125 0.000183502
1 0.657812 0.0015625 0.01875 0.003125 0.000204573
3 0.403906 0.451562 0.0234375 0.01875 0.000204616
1 0.560156 0.99375 0.0390625 0.0125 0.000208043
0 0.541406 0.913281 0.0359375 0.0265625 0.000208255
1 0.619531 0.0015625 0.0203125 0.003125 0.000218938
1 0.639844 0.0015625 0.0203125 0.003125 0.000218965
0 0.479688 0.625781 0.0375 0.0234375 0.000221535
1 0.755469 0.0015625 0.0265625 0.003125 0.000229425
0 0.538281 0.842969 0.0484375 0.0328125 0.000230731
0 0.510938 0.742969 0.0375 0.0265625 0.000243166
1 0.350781 0.003125 0.0765625 0.00625 0.000243717
1 0.314063 0.0015625 0.021875 0.003125 0.000250674
1 0.632031 0.00078125 0.0328125 0.0015625 0.0002531
1 0.58125 0.003125 0.075 0.00625 0.0002716
0 0.492188 0.664844 0.0375 0.0265625 0.000274885
1 0.546094 0.0015625 0.0234375 0.003125 0.000276948
1 0.603125 0.0015625 0.021875 0.003125 0.000278942
0 0.485938 0.644531 0.0375 0.0234375 0.000289051
1 0.582812 0.0015625 0.021875 0.003125 0.000290039
0 0.497656 0.673437 0.0515625 0.034375 0.000293054
1 0.0335938 0.978906 0.0390625 0.0421875 0.000294757
1 0.671094 0.00078125 0.0296875 0.0015625 0.000300445
1 0.449219 0.0015625 0.0234375 0.003125 0.000302007
1 0.564844 0.0015625 0.0234375 0.003125 0.00030392
0 0.497656 0.684375 0.0359375 0.025 0.000315852
1 0.371094 0.0015625 0.0234375 0.003125 0.000316538
1 0.525781 0.0015625 0.0234375 0.003125 0.000318607
1 0.546875 0.994531 0.03125 0.0109375 0.000319642
1 0.334375 0.0015625 0.021875 0.003125 0.000323964
1 0.430469 0.0015625 0.0234375 0.003125 0.000324196
1 0.327344 0.00078125 0.0328125 0.0015625 0.000337538
1 0.364844 0.00078125 0.0328125 0.0015625 0.000338591
1 0.408594 0.0015625 0.0234375 0.003125 0.000346724
1 0.46875 0.0015625 0.025 0.003125 0.000358134
0 0.500781 0.703906 0.0359375 0.0265625 0.000358826
1 0.4875 0.0015625 0.025 0.003125 0.000360909
0 0.539062 0.898438 0.040625 0.03125 0.000373107
1 0.424219 0.003125 0.0734375 0.00625 0.000373342
1 0.392969 0.0015625 0.0234375 0.003125 0.000377095
0 0.50625 0.723437 0.0375 0.025 0.000392232
1 0.507031 0.0015625 0.0234375 0.003125 0.000392277
1 0.352344 0.0015625 0.0234375 0.003125 0.000393887
0 0.535156 0.873438 0.0328125 0.021875 0.000403986
1 0.503906 0.00234375 0.0703125 0.0046875 0.000427481
0 0.532812 0.854688 0.03125 0.021875 0.000442281
1 0.442187 0.00078125 0.034375 0.0015625 0.000445391
1 0.403125 0.00078125 0.034375 0.0015625 0.00045224
1 0.557813 0.00078125 0.034375 0.0015625 0.000462467
1 0.595312 0.00078125 0.03125 0.0015625 0.000466236
1 0.519531 0.00078125 0.0328125 0.0015625 0.000555858
1 0.482812 0.00078125 0.034375 0.0015625 0.000595147
0 0.532031 0.876562 0.0515625 0.034375 0.00069307
0 0.525 0.817969 0.034375 0.0265625 0.000881094
0 0.530469 0.834375 0.0359375 0.025 0.00100162
0 0.534375 0.864062 0.0375 0.028125 0.00124702
0 0.514063 0.767187 0.034375 0.028125 0.00572939
2 0.420312 0.472656 0.0375 0.0296875 0.0112116
0 0.51875 0.7875 0.034375 0.021875 0.0215019
3 0.426562 0.485938 0.034375 0.021875 0.0215591
1 0.553125 0.996875 0.03125 0.00625 0.0252613
3 0.414062 0.452344 0.03125 0.0140625 0.741643
0 0.517187 0.778125 0.034375 0.025 0.74809
2 0.426562 0.486719 0.034375 0.0234375 0.878955
