1 0.405469 0.0015625 0.0265625 0.003125 0.000100212
1 0.883594 0.0210938 0.0421875 0.0140625 0.000107425
1 0.928906 0.0164062 0.0921875 0.0328125 0.000111842
1 0.559375 0.992969 0.046875 0.0109375 0.000112199
1 0.738281 0.0015625 0.0203125 0.003125 0.0001125
1 0.275 0.00078125 0.021875 0.0015625 0.000113901
1 0.229687 0.009375 0.1 0.01875 0.000118291
3 0.240625 0.341406 0.01875 0.0203125 0.000123104
0 0.503906 0.723437 0.0390625 0.025 0.000125362
0 0.339063 0.658594 0.08125 0.0765625 0.000140873
1 0.697656 0.0015625 0.0234375 0.003125 0.000156232
2 0.04375 0.969531 0.0875 0.0609375 0.000156242
0 0.514844 0.75 0.0546875 0.0375 0.000161581
1 0.29375 0.0015625 0.021875 0.003125 0.000165897
3 0.942969 0.864844 0.0703125 0.0921875 0.000166204
1 0.285937 0.00078125 0.034375 0.0015625 0.000166353
1 0.551562 0.989844 0.034375 0.0203125 0.000171357
1 0.659375 0.0046875 0.084375 0.009375 0.00018766
1 0.641406 0.0015625 0.0234375 0.003125 0.000192581
1 0.678906 0.0015625 0.0234375 0.003125 0.000194754
1 0.660156 0.0015625 0.0234375 0.003125 0.000205565
1 0.621094 0.0015625 0.0234375 0.003125 0.000208099
0 0.521875 0.7875 0.05625 0.0375 0.000217403
0 0.542969 0.963281 0.0328125 0.0328125 0.000241065
1 0.346875 0.00390625 0.08125 0.0078125 0.000241539
1 0.710156 0.00078125 0.0328125 0.0015625 0.000269475
1 0.352344 0.0015625 0.0234375 0.003125 0.000273256
1 0.391406 0.0015625 0.0234375 0.003125 0.000274442
1 0.370313 0.0015625 0.021875 0.003125 0.00028392
1 0.583594 0.0015625 0.0234375 0.003125 0.000284277
1 0.3125 0.0015625 0.021875 0.003125 0.000286548
1 0.332812 0.0015625 0.021875 0.003125 0.000289642
1 0.545313 0.0015625 0.025 0.003125 0.000297733
1 0.603906 0.0015625 0.0234375 0.003125 0.000303604
1 0.411719 0.0015625 0.0234375 0.003125 0.000307371
0 0.508594 0.741406 0.0390625 0.0265625 0.000312402
1 0.564062 0.0015625 0.025 0.003125 0.000324462
1 0.364062 0.00078125 0.034375 0.0015625 0.000329814
1 0.526563 0.0015625 0.025 0.003125 0.00032984
1 0.45 0.0015625 0.025 0.003125 0.00033495
1 0.428125 0.0015625 0.025 0.003125 0.000340944
0 0.514063 0.760938 0.0375 0.025 0.000348743
1 0.635156 0.00078125 0.0359375 0.0015625 0.00036028
1 0.58125 0.00390625 0.075 0.0078125 0.000371808
1 0.0585938 0.128125 0.101562 0.075 0.000387378
1 0.757031 0.0015625 0.0265625 0.003125 0.000387651
1 0.673437 0.00078125 0.034375 0.0015625 0.00039084
1 0.325781 0.00078125 0.0328125 0.0015625 0.000392356
1 0.470313 0.0015625 0.025 0.003125 0.000393934
1 0.50625 0.0015625 0.025 0.003125 0.000396048
0 0.53125 0.840625 0.0375 0.025 0.000402144
0 0.517187 0.779688 0.034375 0.025 0.000428093
1 0.4875 0.0015625 0.025 0.003125 0.000439804
1 0.428906 0.003125 0.0734375 0.00625 0.000443468
0 0.525 0.81875 0.0375 0.028125 0.000446443
0 0.520312 0.798437 0.034375 0.025 0.000450835
1 0.444531 0.00078125 0.0359375 0.0015625 0.000457649
1 0.0367187 0.979688 0.0390625 0.040625 0.000476024
1 0.40625 0.00078125 0.034375 0.0015625 0.000485945
1 0.483594 0.00078125 0.0359375 0.0015625 0.000544299
0 0.54375 0.945312 0.040625 0.03125 0.000547267
1 0.503906 0.00234375 0.0703125 0.0046875 0.000574145
1 0.520312 0.00078125 0.034375 0.0015625 0.000598423
1 0.596875 0.00078125 0.034375 0.0015625 0.000627947
1 0.559375 0.00078125 0.034375 0.0015625 0.000638165
0 0.540625 0.913281 0.034375 0.0265625 0.000675607
0 0.54375 0.932031 0.034375 0.0265625 0.000880817
0 0.550781 0.966406 0.0328125 0.0140625 0.000946105
3 0.441406 0.545313 0.0265625 0.021875 0.000986349
3 0.449219 0.539844 0.0359375 0.0109375 0.00102233
0 0.536719 0.88125 0.0328125 0.028125 0.00154967
0 0.535156 0.858594 0.0390625 0.0234375 0.0015622
2 0.464063 0.580469 0.05625 0.0359375 0.00158837
1 0.551562 0.967969 0.034375 0.0109375 0.00265758
2 0.455469 0.555469 0.0453125 0.0359375 0.00310044
1 0.552344 0.995313 0.0328125 0.009375 0.0524846
3 0.455469 0.551562 0.0328125 0.01875 0.109361
3 0.459375 0.577344 0.034375 0.0234375 0.415183
0 0.534375 0.871875 0.034375 0.025 0.760999
3 0.449219 0.54375 0.0296875 0.0125 0.788986
2 0.460156 0.577344 0.0359375 0.0203125 0.861311
