3 0.942969 0.786719 0.0734375 0.0984375 0.000101439
3 0.942969 0.63125 0.0703125 0.096875 0.000102696
1 0.929688 0.0164062 0.09375 0.0328125 0.000104784
1 0.251563 0.00078125 0.01875 0.0015625 0.000105923
1 0.675 0.0015625 0.028125 0.003125 0.000106927
1 0.7375 0.0015625 0.021875 0.003125 0.000107042
1 0.882812 0.0210938 0.04375 0.0140625 0.000110598
1 0.175 0.0148437 0.1 0.0296875 0.000115915
1 0.273438 0.00078125 0.021875 0.0015625 0.000117933
3 0.994531 0.0375 0.0109375 0.025 0.000120569
1 0.235156 0.0015625 0.0359375 0.003125 0.000125719
0 0.557813 0.930469 0.034375 0.0265625 0.000127315
0 0.574219 0.858594 0.0328125 0.0421875 0.000127396
3 0.942969 0.710156 0.0703125 0.0953125 0.00013087
1 0.575 0.860156 0.0625 0.0265625 0.000135802
0 0.555469 0.871094 0.0328125 0.0296875 0.000142775
3 0.942969 0.863281 0.0734375 0.0953125 0.000148786
1 0.295312 0.0015625 0.021875 0.003125 0.000152444
1 0.225781 0.00859375 0.0984375 0.0171875 0.000156382
1 0.697656 0.0015625 0.0234375 0.003125 0.000157261
1 0.661719 0.00546875 0.0859375 0.0109375 0.000171622
1 0.285156 0.00078125 0.0359375 0.0015625 0.000183346
1 0.660937 0.0015625 0.025 0.003125 0.000202277
1 0.621875 0.0015625 0.025 0.003125 0.000227742
1 0.35 0.00390625 0.08125 0.0078125 0.00023704
1 0.313281 0.0015625 0.0234375 0.003125 0.000243901
1 0.0351562 0.977344 0.0390625 0.0453125 0.000250154
0 0.557813 0.911719 0.03125 0.0265625 0.00025998
1 0.333594 0.0015625 0.0234375 0.003125 0.000267694
0 0.555469 0.896094 0.0328125 0.0484375 0.000271917
1 0.7125 0.00078125 0.034375 0.0015625 0.000281563
1 0.353125 0.0015625 0.025 0.003125 0.000294532
1 0.449219 0.0015625 0.0265625 0.003125 0.000295057
1 0.392969 0.0015625 0.0234375 0.003125 0.00029586
1 0.546875 0.0015625 0.025 0.003125 0.000307946
1 0.371094 0.0015625 0.0234375 0.003125 0.000311393
1 0.582812 0.0015625 0.025 0.003125 0.000323584
1 0.753906 0.0015625 0.0296875 0.003125 0.000335713
1 0.4875 0.0015625 0.025 0.003125 0.000341562
1 0.365625 0.00078125 0.034375 0.0015625 0.000346241
1 0.410937 0.0015625 0.025 0.003125 0.000353339
1 0.603906 0.0015625 0.0265625 0.003125 0.000357729
1 0.526563 0.0015625 0.025 0.003125 0.000360512
1 0.582812 0.00390625 0.078125 0.0078125 0.000360654
0 0.56875 0.904688 0.053125 0.0375 0.000361732
1 0.50625 0.0015625 0.025 0.003125 0.000362727
1 0.635938 0.00078125 0.0375 0.0015625 0.000364251
1 0.470313 0.0015625 0.025 0.003125 0.000367955
1 0.428125 0.0015625 0.025 0.003125 0.00037054
1 0.326562 0.00078125 0.034375 0.0015625 0.000408188
1 0.564844 0.0015625 0.0265625 0.003125 0.00041596
1 0.427344 0.00234375 0.0734375 0.0046875 0.00043904
1 0.442969 0.00078125 0.0359375 0.0015625 0.00045753
1 0.675781 0.00078125 0.0359375 0.0015625 0.000461979
1 0.40625 0.00078125 0.034375 0.0015625 0.000504659
1 0.504687 0.00234375 0.071875 0.0046875 0.000527808
1 0.0578125 0.129688 0.10625 0.09375 0.000539514
1 0.522656 0.00078125 0.0359375 0.0015625 0.000559862
1 0.483594 0.00078125 0.0359375 0.0015625 0.0005926
0 0.559375 0.9875 0.034375 0.021875 0.000617969
1 0.560156 0.00078125 0.0359375 0.0015625 0.000635559
1 0.597656 0.00078125 0.0359375 0.0015625 0.000677335
0 0.560156 0.99375 0.0296875 0.0125 0.0313398
3 0.554688 0.821875 0.03125 0.025 0.417052
3 0.553125 0.7875 0.028125 0.0125 0.767175
2 0.553906 0.822656 0.0296875 0.0234375 0.879966
