1 0.172656 0.0148437 0.101562 0.0296875 0.000100695
1 0.675 0.0015625 0.028125 0.003125 0.000100735
0 0.553906 0.930469 0.0328125 0.0265625 0.000101333
2 0.0382813 0.311719 0.0421875 0.0671875 0.000105939
3 0.940625 0.628125 0.06875 0.096875 0.000109975
1 0.251563 0.00078125 0.01875 0.0015625 0.000110436
1 0.230469 0.00859375 0.101562 0.0171875 0.000110839
1 0.930469 0.0164062 0.0921875 0.0328125 0.000117563
1 0.235938 0.0015625 0.034375 0.003125 0.00012353
1 0.736719 0.0015625 0.0203125 0.003125 0.000123878
1 0.272656 0.00078125 0.0203125 0.0015625 0.000125186
1 0.661719 0.00546875 0.0890625 0.0109375 0.000135107
0 0.56875 0.903125 0.03125 0.05625 0.000135273
1 0.698438 0.0015625 0.025 0.003125 0.000149059
1 0.295312 0.00078125 0.021875 0.0015625 0.000149194
0 0.56875 0.905469 0.059375 0.0359375 0.000153319
3 0.942969 0.857813 0.0703125 0.09375 0.000166026
1 0.642187 0.0015625 0.025 0.003125 0.000176469
3 0.547656 0.788281 0.0265625 0.0171875 0.000183403
1 0.05625 0.976562 0.1 0.046875 0.000184
1 0.284375 0.00078125 0.034375 0.0015625 0.000188186
1 0.660156 0.0015625 0.0234375 0.003125 0.000196759
1 0.621875 0.0015625 0.025 0.003125 0.000226392
0 0.550781 0.903906 0.0421875 0.0328125 0.000236554
0 0.553906 0.911719 0.0328125 0.0265625 0.000244165
1 0.314063 0.0015625 0.021875 0.003125 0.000249635
1 0.350781 0.00390625 0.0796875 0.0078125 0.000275424
1 0.352344 0.0015625 0.0234375 0.003125 0.000277945
3 0.54375 0.792969 0.034375 0.0109375 0.000293047
1 0.7125 0.00078125 0.034375 0.0015625 0.000297852
1 0.545313 0.0015625 0.025 0.003125 0.000299321
1 0.602344 0.0015625 0.0265625 0.003125 0.000299416
1 0.332812 0.0015625 0.021875 0.003125 0.000310048
1 0.636719 0.00078125 0.0359375 0.0015625 0.00031843
1 0.372656 0.0015625 0.0234375 0.003125 0.000324497
1 0.566406 0.0015625 0.0265625 0.003125 0.000332633
1 0.507812 0.0015625 0.025 0.003125 0.000336489
1 0.45 0.0015625 0.025 0.003125 0.000344349
1 0.584375 0.0015625 0.025 0.003125 0.000348356
1 0.753906 0.00078125 0.0296875 0.0015625 0.000350535
1 0.391406 0.0015625 0.0234375 0.003125 0.000352699
1 0.430469 0.0015625 0.0234375 0.003125 0.000354247
1 0.410156 0.0015625 0.0234375 0.003125 0.000356548
1 0.526563 0.0015625 0.025 0.003125 0.000374516
1 0.46875 0.0015625 0.025 0.003125 0.000379498
1 0.367188 0.00078125 0.034375 0.0015625 0.00038588
1 0.583594 0.00390625 0.0765625 0.0078125 0.000386804
0 0.555469 0.989062 0.0328125 0.021875 0.00038708
3 0.54375 0.80625 0.034375 0.01875 0.000398561
1 0.4875 0.0015625 0.025 0.003125 0.00040221
1 0.0359375 0.978125 0.040625 0.04375 0.000422232
1 0.675781 0.00078125 0.0359375 0.0015625 0.000437328
1 0.327344 0.00078125 0.0328125 0.0015625 0.000441131
1 0.444531 0.00078125 0.0359375 0.0015625 0.000470371
1 0.428125 0.00234375 0.071875 0.0046875 0.000495178
1 0.504687 0.003125 0.071875 0.00625 0.000497687
1 0.059375 0.128906 0.10625 0.0953125 0.000499032
1 0.40625 0.00078125 0.034375 0.0015625 0.000512258
1 0.561719 0.00078125 0.0359375 0.0015625 0.000617954
1 0.482812 0.00078125 0.034375 0.0015625 0.000620615
1 0.521094 0.00078125 0.0359375 0.0015625 0.000623443
1 0.597656 0.00078125 0.0359375 0.0015625 0.000623583
0 0.557813 0.994531 0.03125 0.0109375 0.0150968
1 0.557813 0.995313 0.03125 0.009375 0.0617175
3 0.546094 0.832031 0.0296875 0.0234375 0.33385
3 0.545313 0.797656 0.028125 0.0140625 0.716642
2 0.546875 0.832031 0.03125 0.0234375 0.896077
