3 0.942969 0.635156 0.0703125 0.0953125 0.000100141
0 0.471094 0.567187 0.0390625 0.025 0.00010041
0 0.546875 0.960156 0.040625 0.0328125 0.000106243
1 0.65625 0.00546875 0.084375 0.0109375 0.000109006
0 0.492969 0.634375 0.0546875 0.034375 0.000112709
3 0.995313 0.040625 0.009375 0.025 0.000115564
0 0.450781 0.503125 0.0359375 0.021875 0.000115691
1 0.927344 0.0148437 0.0859375 0.0296875 0.000118212
0 0.479688 0.607031 0.0375 0.0234375 0.000118756
1 0.715625 0.00078125 0.01875 0.0015625 0.000122114
3 0.94375 0.867188 0.071875 0.09375 0.000123176
1 0.735937 0.00078125 0.015625 0.0015625 0.000132983
0 0.548437 0.949219 0.034375 0.0265625 0.000135536
2 0.034375 0.982031 0.0625 0.0359375 0.000137405
1 0.296094 0.0015625 0.0203125 0.003125 0.000152863
1 0.696875 0.0015625 0.01875 0.003125 0.000153583
0 0.485938 0.626562 0.0375 0.025 0.000159014
3 0.698438 0.107031 0.01875 0.0140625 0.000164413
1 0.283594 0.00078125 0.0328125 0.0015625 0.000166103
1 0.708594 0.00078125 0.0296875 0.0015625 0.000180917
1 0.659375 0.0015625 0.01875 0.003125 0.000192934
1 0.639844 0.0015625 0.0203125 0.003125 0.000199626
3 0.392188 0.489844 0.078125 0.0734375 0.000202035
1 0.678125 0.0015625 0.01875 0.003125 0.000202344
1 0.560156 0.99375 0.0421875 0.0125 0.000211393
1 0.347656 0.00390625 0.0796875 0.0078125 0.000211497
0 0.545313 0.933594 0.034375 0.0265625 0.000213814
1 0.621094 0.0015625 0.0203125 0.003125 0.000215659
1 0.0335938 0.977344 0.0390625 0.0453125 0.00022019
1 0.059375 0.127344 0.1 0.0734375 0.000244299
1 0.578906 0.00390625 0.0765625 0.0078125 0.000249737
0 0.496094 0.664844 0.0359375 0.0265625 0.000258582
1 0.757812 0.0015625 0.025 0.003125 0.000261305
1 0.311719 0.0015625 0.0203125 0.003125 0.00026278
0 0.541406 0.913281 0.0359375 0.0265625 0.000264612
1 0.633594 0.00078125 0.0328125 0.0015625 0.000272114
1 0.602344 0.0015625 0.0234375 0.003125 0.000281202
1 0.582812 0.0015625 0.021875 0.003125 0.000284561
1 0.671875 0.00078125 0.03125 0.0015625 0.000287962
0 0.513281 0.741406 0.0359375 0.0265625 0.000293779
1 0.370313 0.0015625 0.021875 0.003125 0.000301407
0 0.500781 0.674219 0.0515625 0.0359375 0.000303904
0 0.528125 0.81875 0.03125 0.040625 0.000308857
1 0.392969 0.0015625 0.0234375 0.003125 0.000311194
0 0.538281 0.874219 0.0328125 0.0265625 0.00031177
0 0.490625 0.644531 0.0375 0.0234375 0.000312946
1 0.449219 0.0015625 0.0234375 0.003125 0.000314756
1 0.507031 0.0015625 0.0234375 0.003125 0.000323439
1 0.353125 0.0015625 0.021875 0.003125 0.000324052
1 0.364844 0.00078125 0.0328125 0.0015625 0.000324992
1 0.469531 0.0015625 0.0234375 0.003125 0.000325265
1 0.4875 0.0015625 0.025 0.003125 0.000333856
1 0.544531 0.0015625 0.0234375 0.003125 0.000339841
1 0.428906 0.0015625 0.0234375 0.003125 0.000341547
1 0.332812 0.0015625 0.021875 0.003125 0.00035212
0 0.525 0.770312 0.034375 0.028125 0.000353627
1 0.425 0.003125 0.075 0.00625 0.000358622
1 0.563281 0.0015625 0.0234375 0.003125 0.000364086
1 0.410156 0.0015625 0.0234375 0.003125 0.000365426
1 0.525781 0.0015625 0.0234375 0.003125 0.000369033
1 0.505469 0.00234375 0.0734375 0.0046875 0.000383009
1 0.326562 0.00078125 0.03125 0.0015625 0.00040173
0 0.5 0.684375 0.034375 0.025 0.000424411
1 0.442187 0.00078125 0.034375 0.0015625 0.000454363
0 0.504687 0.704687 0.0375 0.025 0.000455553
0 0.540625 0.9 0.040625 0.03125 0.000474808
0 0.509375 0.723437 0.0375 0.025 0.000484188
1 0.594531 0.00078125 0.0328125 0.0015625 0.000491114
1 0.404687 0.00078125 0.034375 0.0015625 0.000493641
1 0.520312 0.00078125 0.034375 0.0015625 0.000495445
0 0.535156 0.855469 0.0328125 0.0265625 0.000512184
1 0.557031 0.00078125 0.0328125 0.0015625 0.000536541
1 0.482812 0.00078125 0.034375 0.0015625 0.000541023
0 0.532812 0.8875 0.053125 0.0375 0.000549674
1 0.547656 0.994531 0.0296875 0.0109375 0.000563282
0 0.532031 0.835156 0.0359375 0.0265625 0.000574992
3 0.434375 0.473437 0.0375 0.021875 0.000753452
0 0.535937 0.865625 0.040625 0.028125 0.00101448
0 0.524219 0.807031 0.0328125 0.0234375 0.00115581
3 0.421875 0.447656 0.05 0.0265625 0.00156343
3 0.428906 0.451562 0.0296875 0.0125 0.00773237
1 0.552344 0.996875 0.0296875 0.00625 0.0251392
3 0.439063 0.489844 0.034375 0.0234375 0.404569
0 0.520312 0.783594 0.034375 0.0234375 0.759704
3 0.428125 0.45625 0.028125 0.0125 0.770568
2 0.439063 0.489844 0.034375 0.0234375 0.851064
