1 0.595312 0.0015625 0.025 0.003125 0.000101011
1 0.236719 0.0015625 0.0328125 0.003125 0.000104682
0 0.0382813 0.935156 0.0453125 0.0265625 0.000105634
1 0.520312 0.0015625 0.028125 0.003125 0.000111765
1 0.55625 0.0015625 0.028125 0.003125 0.000111766
1 0.717188 0.00078125 0.01875 0.0015625 0.000113114
3 0.994531 0.0398437 0.0109375 0.0265625 0.000115484
0 0.564844 0.913281 0.0328125 0.0265625 0.000125003
1 0.251563 0.00078125 0.01875 0.0015625 0.000126379
1 0.926562 0.015625 0.0875 0.03125 0.000127273
1 0.272656 0.00078125 0.0203125 0.0015625 0.000127761
0 0.564844 0.930469 0.0328125 0.0265625 0.00013804
0 0.617969 0.607813 0.0390625 0.028125 0.000139442
1 0.657812 0.00390625 0.08125 0.0078125 0.000142586
1 0.736719 0.0015625 0.0171875 0.003125 0.000142903
0 0.614062 0.671094 0.0625 0.0390625 0.000146354
1 0.294531 0.00078125 0.0203125 0.0015625 0.000151529
1 0.696094 0.00078125 0.0203125 0.0015625 0.000159721
0 0.611719 0.598437 0.0390625 0.059375 0.000160347
0 0.617969 0.629687 0.0734375 0.06875 0.000165339
1 0.0351562 0.975781 0.0421875 0.0484375 0.000173664
0 0.60625 0.594531 0.0875 0.0828125 0.000183781
1 0.283594 0.00078125 0.0328125 0.0015625 0.000188884
1 0.640625 0.0015625 0.021875 0.003125 0.000196047
1 0.678125 0.0015625 0.01875 0.003125 0.000198237
0 0.564062 0.832031 0.05625 0.0453125 0.000210453
1 0.660156 0.0015625 0.0203125 0.003125 0.000212125
1 0.710938 0.00078125 0.028125 0.0015625 0.000217034
1 0.348437 0.00390625 0.078125 0.0078125 0.000224255
1 0.619531 0.0015625 0.0203125 0.003125 0.000238774
1 0.314844 0.0015625 0.0203125 0.003125 0.000251973
0 0.566406 0.873438 0.0328125 0.028125 0.000252029
0 0.63125 0.595312 0.0375 0.05625 0.000253397
0 0.614062 0.632812 0.0375 0.053125 0.000265963
1 0.585156 0.0015625 0.0234375 0.003125 0.000269209
1 0.75625 0.0015625 0.025 0.003125 0.000275355
1 0.580469 0.003125 0.0765625 0.00625 0.000281421
1 0.633594 0.00078125 0.0328125 0.0015625 0.000297744
1 0.353125 0.0015625 0.021875 0.003125 0.000311492
1 0.564844 0.0015625 0.0234375 0.003125 0.000320782
1 0.672656 0.00078125 0.0328125 0.0015625 0.000322437
1 0.508594 0.0015625 0.0234375 0.003125 0.00032469
1 0.332812 0.0015625 0.021875 0.003125 0.000329925
1 0.391406 0.0015625 0.0234375 0.003125 0.000338528
1 0.602344 0.0015625 0.0234375 0.003125 0.000349062
1 0.54375 0.0015625 0.021875 0.003125 0.000351596
1 0.371094 0.0015625 0.0234375 0.003125 0.000353134
1 0.364844 0.00078125 0.0328125 0.0015625 0.000353393
1 0.426562 0.003125 0.075 0.00625 0.000354133
0 0.56875 0.9 0.040625 0.03125 0.000354901
1 0.411719 0.0015625 0.0234375 0.003125 0.00035581
1 0.429688 0.0015625 0.025 0.003125 0.000357611
1 0.0585938 0.128125 0.101562 0.075 0.000358503
1 0.527344 0.0015625 0.0234375 0.003125 0.000360937
0 0.58125 0.675781 0.059375 0.0390625 0.00036226
1 0.4875 0.0015625 0.025 0.003125 0.000364117
1 0.327344 0.00078125 0.0328125 0.0015625 0.0003695
0 0.603906 0.628906 0.0359375 0.0265625 0.000370605
1 0.449219 0.0015625 0.0234375 0.003125 0.000373141
1 0.467969 0.0015625 0.0234375 0.003125 0.000409133
0 0.600781 0.636719 0.0578125 0.0359375 0.000410785
0 0.575 0.750781 0.034375 0.0265625 0.000418742
0 0.569531 0.816406 0.0328125 0.0296875 0.000437077
0 0.582031 0.757031 0.0578125 0.0484375 0.000437803
1 0.503906 0.00234375 0.0703125 0.0046875 0.000468284
1 0.553906 0.99375 0.0390625 0.0125 0.000479805
1 0.44375 0.00078125 0.034375 0.0015625 0.000482875
1 0.405469 0.00078125 0.0328125 0.0015625 0.000520256
1 0.596094 0.00078125 0.0328125 0.0015625 0.000523697
1 0.567969 0.994531 0.0296875 0.0109375 0.000531842
1 0.521094 0.00078125 0.0359375 0.0015625 0.000533596
1 0.557813 0.00078125 0.034375 0.0015625 0.000541081
0 0.578906 0.721875 0.0328125 0.028125 0.000546718
1 0.482031 0.00078125 0.0359375 0.0015625 0.000626909
0 0.567969 0.8375 0.0328125 0.028125 0.000631108
0 0.590625 0.667188 0.034375 0.028125 0.000687528
0 0.6 0.642969 0.0375 0.0265625 0.000724167
0 0.56875 0.860937 0.0375 0.03125 0.000798471
0 0.585938 0.682813 0.034375 0.028125 0.000881484
0 0.582031 0.701563 0.0328125 0.028125 0.000925483
0 0.571094 0.791406 0.0296875 0.0265625 0.00150841
1 0.563281 0.996875 0.0296875 0.00625 0.03896
2 0.698438 0.505469 0.0375 0.0359375 0.0507958
3 0.690625 0.517969 0.03125 0.0328125 0.420436
0 0.571094 0.774219 0.0296875 0.0234375 0.757952
3 0.714844 0.49375 0.0234375 0.021875 0.817404
2 0.690625 0.516406 0.034375 0.0328125 0.893663
