0 0.552344 0.871875 0.0296875 0.028125 0.000100267
0 0.578906 0.672656 0.0890625 0.0890625 0.000103839
1 0.235156 0.0015625 0.0359375 0.003125 0.000107473
1 0.173438 0.0148437 0.1 0.0296875 0.000108061
0 0.571094 0.903125 0.0609375 0.0375 0.000111453
1 0.273438 0.00078125 0.021875 0.0015625 0.000112429
1 0.930469 0.0164062 0.0921875 0.0328125 0.000117845
1 0.736719 0.0015625 0.0234375 0.003125 0.000120991
3 0.994531 0.0375 0.0109375 0.025 0.000129904
1 0.698438 0.0015625 0.025 0.003125 0.000139348
1 0.228125 0.00859375 0.1 0.0171875 0.000140572
0 0.0390625 0.9375 0.046875 0.025 0.000142692
1 0.659375 0.00546875 0.090625 0.0109375 0.000144829
0 0.553906 0.911719 0.0328125 0.0265625 0.00014613
1 0.285156 0.00078125 0.0359375 0.0015625 0.000164911
0 0.551562 0.896094 0.03125 0.0515625 0.000168582
1 0.660937 0.0015625 0.025 0.003125 0.000212533
1 0.621875 0.0015625 0.025 0.003125 0.000231318
3 0.942969 0.859375 0.0671875 0.090625 0.000236256
1 0.349219 0.00390625 0.0796875 0.0078125 0.000255452
1 0.034375 0.977344 0.040625 0.0453125 0.000289884
1 0.314844 0.0015625 0.0234375 0.003125 0.000294726
1 0.430469 0.0015625 0.0234375 0.003125 0.00030404
1 0.713281 0.00078125 0.0359375 0.0015625 0.000304118
1 0.332812 0.0015625 0.021875 0.003125 0.000314887
1 0.391406 0.0015625 0.0234375 0.003125 0.000323516
1 0.352344 0.0015625 0.0234375 0.003125 0.000332868
1 0.584375 0.0015625 0.025 0.003125 0.000336541
1 0.45 0.0015625 0.025 0.003125 0.000342521
1 0.635938 0.00078125 0.0375 0.0015625 0.000351533
1 0.545313 0.0015625 0.025 0.003125 0.000354047
1 0.372656 0.0015625 0.0234375 0.003125 0.000357341
1 0.507812 0.0015625 0.025 0.003125 0.000359067
1 0.489062 0.0015625 0.025 0.003125 0.000364233
1 0.565625 0.0015625 0.025 0.003125 0.000364799
1 0.674219 0.00078125 0.0359375 0.0015625 0.000370984
1 0.526563 0.0015625 0.025 0.003125 0.000373002
1 0.603125 0.0015625 0.025 0.003125 0.000373489
1 0.410156 0.0015625 0.0234375 0.003125 0.00037928
1 0.0585938 0.126563 0.107813 0.096875 0.000392775
1 0.467969 0.0015625 0.0234375 0.003125 0.000399484
1 0.755469 0.0015625 0.0296875 0.003125 0.000411763
1 0.326562 0.00078125 0.034375 0.0015625 0.000423539
1 0.365625 0.00078125 0.034375 0.0015625 0.000451817
1 0.425781 0.00234375 0.0734375 0.0046875 0.000452383
1 0.584375 0.003125 0.075 0.00625 0.000458429
0 0.554688 0.989062 0.03125 0.021875 0.000548558
1 0.444531 0.00078125 0.0359375 0.0015625 0.000556973
1 0.507031 0.00234375 0.0703125 0.0046875 0.00057798
1 0.404687 0.00078125 0.034375 0.0015625 0.000593774
1 0.561719 0.00078125 0.0359375 0.0015625 0.000605852
1 0.522656 0.00078125 0.0359375 0.0015625 0.000614023
1 0.598437 0.00078125 0.034375 0.0015625 0.000651366
1 0.483594 0.00078125 0.0359375 0.0015625 0.000667071
3 0.539844 0.782812 0.0359375 0.015625 0.000906132
0 0.555469 0.994531 0.0328125 0.0109375 0.0153939
1 0.555469 0.994531 0.0296875 0.0109375 0.0311726
3 0.547656 0.823438 0.0328125 0.025 0.464595
3 0.544531 0.789062 0.0296875 0.0125 0.73029
2 0.547656 0.824219 0.0296875 0.0234375 0.871946
