2 0.0445312 0.967969 0.0890625 0.0640625 0.000100419
0 0.558594 0.930469 0.0328125 0.0265625 0.000104028
1 0.7375 0.0015625 0.021875 0.003125 0.000106169
3 0.942187 0.630469 0.06875 0.0953125 0.000110697
1 0.235938 0.0015625 0.034375 0.003125 0.000114165
1 0.93125 0.0164062 0.09375 0.0328125 0.000117414
1 0.175 0.0140625 0.1 0.028125 0.000119347
1 0.272656 0.00078125 0.0203125 0.0015625 0.000120219
0 0.560156 0.89375 0.0328125 0.028125 0.000123345
1 0.0570313 0.976562 0.101562 0.046875 0.000123852
3 0.252344 0.140625 0.0421875 0.053125 0.000127748
1 0.697656 0.0015625 0.0234375 0.003125 0.000132031
1 0.295312 0.00078125 0.021875 0.0015625 0.000135222
0 0.557031 0.871875 0.0328125 0.03125 0.000140706
3 0.994531 0.0382813 0.0109375 0.0265625 0.00014138
1 0.228906 0.00859375 0.0984375 0.0171875 0.000142385
0 0.559375 0.911719 0.034375 0.0265625 0.000150957
0 0.557031 0.896094 0.0328125 0.0609375 0.000153743
1 0.68125 0.0015625 0.025 0.003125 0.00016706
3 0.94375 0.860156 0.071875 0.0953125 0.000181242
1 0.660937 0.0015625 0.025 0.003125 0.000181864
1 0.660937 0.0046875 0.0875 0.009375 0.000190437
1 0.285937 0.00078125 0.034375 0.0015625 0.000196037
1 0.640625 0.0015625 0.025 0.003125 0.000217301
1 0.621875 0.0015625 0.025 0.003125 0.000226343
1 0.314063 0.0015625 0.021875 0.003125 0.00026005
1 0.350781 0.003125 0.0796875 0.00625 0.000282682
1 0.604688 0.0015625 0.025 0.003125 0.000286451
1 0.7125 0.00078125 0.034375 0.0015625 0.00029316
1 0.352344 0.0015625 0.0234375 0.003125 0.000309583
1 0.430469 0.0015625 0.0234375 0.003125 0.000311836
1 0.33125 0.0015625 0.021875 0.003125 0.000311869
0 0.574219 0.849219 0.0265625 0.0359375 0.000314712
1 0.449219 0.0015625 0.0234375 0.003125 0.000333635
1 0.583594 0.0015625 0.0265625 0.003125 0.000336701
1 0.410156 0.0015625 0.0234375 0.003125 0.00034485
1 0.390625 0.0015625 0.021875 0.003125 0.000354724
1 0.755469 0.0015625 0.0296875 0.003125 0.000360197
1 0.46875 0.0015625 0.025 0.003125 0.000360284
1 0.372656 0.0015625 0.0234375 0.003125 0.000362323
1 0.526563 0.0015625 0.025 0.003125 0.000362511
1 0.505469 0.0015625 0.0234375 0.003125 0.000365121
0 0.56875 0.90625 0.03125 0.05625 0.000376537
1 0.635938 0.00078125 0.0375 0.0015625 0.000389834
1 0.546875 0.0015625 0.025 0.003125 0.000392442
1 0.327344 0.00078125 0.0328125 0.0015625 0.000395091
1 0.366406 0.00078125 0.0328125 0.0015625 0.00040223
1 0.564062 0.0015625 0.025 0.003125 0.000407725
1 0.675781 0.00078125 0.0359375 0.0015625 0.000426377
1 0.489062 0.0015625 0.025 0.003125 0.000435268
1 0.0351562 0.978906 0.0390625 0.0421875 0.000435887
1 0.059375 0.126563 0.10625 0.09375 0.000472209
1 0.44375 0.00078125 0.034375 0.0015625 0.000486992
1 0.425781 0.00234375 0.0734375 0.0046875 0.000493551
0 0.557031 0.988281 0.0328125 0.0234375 0.00051936
1 0.582031 0.003125 0.0734375 0.00625 0.000536422
1 0.507812 0.00234375 0.071875 0.0046875 0.000541847
1 0.403906 0 0.0328125 0 0.000555833
1 0.521875 0.00078125 0.034375 0.0015625 0.000569179
1 0.598437 0.00078125 0.034375 0.0015625 0.000599942
1 0.484375 0.00078125 0.034375 0.0015625 0.000637584
1 0.560156 0.00078125 0.0359375 0.0015625 0.000646171
1 0.557813 0.994531 0.03125 0.0109375 0.0360224
0 0.559375 0.994531 0.03125 0.0109375 0.0362637
3 0.558594 0.826563 0.0296875 0.025 0.342907
3 0.559375 0.792969 0.028125 0.0140625 0.717966
2 0.558594 0.826563 0.0296875 0.025 0.863458
