3 0.94375 0.635938 0.071875 0.096875 0.000100502
1 0.05625 0.978906 0.096875 0.0421875 0.000104567
1 0.251563 0.00078125 0.01875 0.0015625 0.000104952
1 0.673437 0.0015625 0.028125 0.003125 0.000106516
1 0.7375 0.0015625 0.021875 0.003125 0.000107234
0 0.445312 0.757031 0.071875 0.0421875 0.00010753
0 0.444531 0.75625 0.0359375 0.0625 0.000108253
3 0.94375 0.792969 0.075 0.0953125 0.000108625
3 0.0554687 0.903906 0.0859375 0.0828125 0.000113007
1 0.964063 0.0242187 0.040625 0.0484375 0.00011514
0 0.561719 0.907031 0.0578125 0.0296875 0.000117002
1 0.274219 0.00078125 0.0203125 0.0015625 0.000120721
1 0.235938 0.0015625 0.034375 0.003125 0.000124642
3 0.94375 0.867969 0.075 0.0953125 0.000128939
3 0.310937 0.722656 0.046875 0.0484375 0.000129684
0 0.35 0.886719 0.084375 0.0890625 0.000130822
1 0.698438 0.0015625 0.025 0.003125 0.000132621
1 0.295312 0.0015625 0.021875 0.003125 0.000138478
1 0.228906 0.00859375 0.0984375 0.0171875 0.000141744
1 0.929688 0.015625 0.090625 0.03125 0.00014921
3 0.265625 0.753125 0.040625 0.03125 0.000188093
1 0.641406 0.0015625 0.0265625 0.003125 0.000190383
1 0.659375 0.0046875 0.0875 0.009375 0.000192334
3 0.994531 0.0398437 0.0109375 0.0265625 0.000203512
0 0.486719 0.760938 0.0546875 0.040625 0.000213326
1 0.622656 0.0015625 0.0265625 0.003125 0.000214605
1 0.285937 0.00078125 0.034375 0.0015625 0.000217082
1 0.660937 0.0015625 0.025 0.003125 0.000222566
1 0.35 0.00390625 0.08125 0.0078125 0.000230977
3 0.371094 0.7125 0.0453125 0.034375 0.000242012
1 0.314063 0.0015625 0.021875 0.003125 0.000257271
1 0.353906 0.0015625 0.0234375 0.003125 0.000261608
0 0.053125 0.825 0.075 0.075 0.000266648
1 0.0296875 0.98125 0.034375 0.0375 0.000269771
2 0.0367187 0.978906 0.0734375 0.0421875 0.000287559
1 0.411719 0.0015625 0.0234375 0.003125 0.000287751
1 0.332812 0.0015625 0.021875 0.003125 0.000296042
1 0.372656 0.0015625 0.0234375 0.003125 0.000314244
1 0.448438 0.0015625 0.025 0.003125 0.000316758
1 0.507812 0.0015625 0.025 0.003125 0.000326301
1 0.489062 0.0015625 0.025 0.003125 0.00032854
1 0.7125 0.00078125 0.034375 0.0015625 0.000334422
1 0.391406 0.0015625 0.0234375 0.003125 0.000336706
1 0.545313 0.0015625 0.025 0.003125 0.000342598
1 0.567969 0.00234375 0.0265625 0.0046875 0.000342729
1 0.583594 0.00390625 0.0796875 0.0078125 0.000346423
1 0.582031 0.0015625 0.0234375 0.003125 0.000348012
1 0.636719 0.00078125 0.0359375 0.0015625 0.000357161
1 0.43125 0.00234375 0.025 0.0046875 0.000361349
1 0.426562 0.003125 0.075 0.00625 0.000388245
3 0.317187 0.699219 0.03125 0.0296875 0.000393114
1 0.46875 0.0015625 0.025 0.003125 0.000400122
1 0.755469 0.0015625 0.0296875 0.003125 0.000411335
1 0.525 0.0015625 0.025 0.003125 0.000421266
1 0.366406 0.00078125 0.0328125 0.0015625 0.000430739
1 0.674219 0.00078125 0.0359375 0.0015625 0.000447026
1 0.505469 0.00234375 0.0734375 0.0046875 0.000463855
1 0.444531 0.00078125 0.0359375 0.0015625 0.000474207
1 0.327344 0.00078125 0.0328125 0.0015625 0.000502619
1 0.5625 0.00078125 0.0375 0.0015625 0.000509084
1 0.40625 0.00078125 0.034375 0.0015625 0.000533608
1 0.059375 0.128906 0.096875 0.0703125 0.000551067
1 0.521094 0.00078125 0.0359375 0.0015625 0.000553402
1 0.483594 0.00078125 0.0359375 0.0015625 0.0005573
1 0.596875 0.00078125 0.034375 0.0015625 0.000626764
0 0.555469 0.949219 0.0328125 0.0234375 0.00071369
0 0.532031 0.802344 0.0421875 0.0328125 0.000961997
1 0.553125 0.992969 0.034375 0.0140625 0.000968451
0 0.352344 0.825781 0.0734375 0.0734375 0.000969093
3 0.295312 0.728125 0.03125 0.03125 0.00120245
0 0.55 0.911719 0.03125 0.0265625 0.00141835
0 0.553906 0.932031 0.0296875 0.0265625 0.00156216
0 0.536719 0.835156 0.0328125 0.0265625 0.00249665
0 0.540625 0.863281 0.040625 0.0296875 0.00290858
0 0.546094 0.891406 0.0546875 0.0390625 0.00297327
0 0.533594 0.819531 0.0359375 0.0265625 0.00355015
0 0.517187 0.757031 0.040625 0.0265625 0.00411934
0 0.547656 0.89375 0.0328125 0.025 0.00464436
0 0.560938 0.989062 0.0375 0.015625 0.00478642
0 0.542969 0.874219 0.0359375 0.0296875 0.00529525
1 0.560156 0.989062 0.0390625 0.0125 0.00746226
0 0.525 0.782031 0.0375 0.0234375 0.0077987
1 0.561719 0.994531 0.0328125 0.0109375 0.0146899
3 0.285156 0.725 0.0296875 0.03125 0.027875
3 0.278906 0.732031 0.0296875 0.0265625 0.25554
3 0.3 0.716406 0.03125 0.0328125 0.257958
0 0.521875 0.767969 0.0375 0.0265625 0.697909
3 0.271094 0.735937 0.0234375 0.025 0.825453
2 0.299219 0.717188 0.0328125 0.03125 0.90733
