3 0.94375 0.557031 0.06875 0.0953125 0.000100048
0 0.616406 0.880469 0.0859375 0.0859375 0.000101145
0 0.553125 0.546875 0.03125 0.025 0.00010144
1 0.232031 0.0078125 0.0984375 0.015625 0.000101605
1 0.272656 0.00078125 0.0203125 0.0015625 0.00010187
1 0.520312 0.0015625 0.028125 0.003125 0.000105285
1 0.236719 0.0015625 0.0328125 0.003125 0.000107016
2 0.932813 0.8875 0.03125 0.065625 0.000114355
1 0.541406 0.509375 0.0546875 0.034375 0.000115054
0 0.572656 0.678125 0.0328125 0.05625 0.000117495
1 0.715625 0.00078125 0.01875 0.0015625 0.00011845
0 0.552344 0.551562 0.0453125 0.0375 0.000119685
1 0.655469 0.0046875 0.0828125 0.009375 0.000122867
0 0.565625 0.944531 0.046875 0.0328125 0.000124254
1 0.252344 0.00078125 0.0171875 0.0015625 0.000126646
1 0.697656 0.0015625 0.0171875 0.003125 0.000127108
3 0.942969 0.628906 0.0671875 0.0921875 0.000127736
3 0.94375 0.863281 0.071875 0.0953125 0.000127832
0 0.571875 0.678906 0.0625 0.0359375 0.000129709
0 0.555469 0.95 0.0328125 0.025 0.000135087
1 0.734375 0.00078125 0.015625 0.0015625 0.000139733
1 0.294531 0.0015625 0.0203125 0.003125 0.000158958
0 0.553125 0.634375 0.05 0.0375 0.000162742
1 0.678125 0.0015625 0.01875 0.003125 0.000176799
1 0.283594 0.00078125 0.0328125 0.0015625 0.000179288
1 0.710156 0.00078125 0.0296875 0.0015625 0.000179971
1 0.659375 0.00078125 0.01875 0.0015625 0.000188546
2 0.034375 0.982031 0.0625 0.0359375 0.000189332
1 0.347656 0.00390625 0.0796875 0.0078125 0.000189719
0 0.552344 0.625781 0.0328125 0.0265625 0.000193473
0 0.56875 0.828906 0.059375 0.0359375 0.000193554
0 0.555469 0.735937 0.0421875 0.034375 0.000208312
0 0.541406 0.6625 0.0671875 0.06875 0.000212968
3 0.559375 0.421875 0.053125 0.028125 0.000215434
0 0.567969 0.827344 0.0328125 0.0515625 0.000229218
1 0.757812 0.0015625 0.025 0.003125 0.000234477
3 0.546875 0.427344 0.040625 0.0171875 0.000235361
1 0.621094 0.0015625 0.0203125 0.003125 0.000238881
1 0.638281 0.0015625 0.0203125 0.003125 0.000240022
1 0.313281 0.0015625 0.0203125 0.003125 0.000249223
1 0.582031 0.00390625 0.0765625 0.0078125 0.000250353
0 0.548437 0.860937 0.03125 0.05 0.000252755
1 0.63125 0.00078125 0.03125 0.0015625 0.000294731
1 0.603125 0.0015625 0.021875 0.003125 0.00029968
1 0.332812 0.0015625 0.021875 0.003125 0.0003031
1 0.034375 0.978125 0.040625 0.04375 0.000305189
1 0.671094 0.00078125 0.0296875 0.0015625 0.000305537
1 0.430469 0.0015625 0.0234375 0.003125 0.000311617
1 0.0585938 0.130469 0.0984375 0.0734375 0.00031443
1 0.564844 0.0015625 0.0234375 0.003125 0.000315463
1 0.449219 0.0015625 0.0234375 0.003125 0.000322406
1 0.582031 0.0015625 0.0203125 0.003125 0.000323861
1 0.507031 0.0015625 0.0234375 0.003125 0.000325722
1 0.410937 0.0015625 0.021875 0.003125 0.000328105
1 0.364844 0.00078125 0.0328125 0.0015625 0.000329734
1 0.526563 0.0015625 0.021875 0.003125 0.000330687
1 0.352344 0.0015625 0.0234375 0.003125 0.00033133
1 0.371875 0.0015625 0.021875 0.003125 0.000333883
1 0.325 0.00078125 0.03125 0.0015625 0.000336416
1 0.544531 0.0015625 0.0234375 0.003125 0.000341747
1 0.469531 0.0015625 0.0234375 0.003125 0.000347717
0 0.555469 0.930469 0.0328125 0.0234375 0.000358723
1 0.390625 0.0015625 0.021875 0.003125 0.000360235
1 0.425781 0.003125 0.0734375 0.00625 0.000376569
0 0.553125 0.666406 0.03125 0.0296875 0.000382135
1 0.486719 0.0015625 0.0234375 0.003125 0.000405767
1 0.504687 0.00234375 0.071875 0.0046875 0.000413697
0 0.553906 0.847656 0.0578125 0.0453125 0.000435907
0 0.564062 0.903125 0.046875 0.03125 0.000450729
1 0.442187 0.00078125 0.034375 0.0015625 0.000453366
0 0.553906 0.873438 0.0453125 0.04375 0.000464181
3 0.557813 0.433594 0.03125 0.0171875 0.000468663
1 0.557813 0.00078125 0.034375 0.0015625 0.000479145
1 0.596094 0.00078125 0.0328125 0.0015625 0.000483627
1 0.403906 0.00078125 0.0328125 0.0015625 0.000499432
0 0.554688 0.911719 0.03125 0.0234375 0.000517806
0 0.551562 0.644531 0.03125 0.0265625 0.000523434
1 0.520312 0.00078125 0.034375 0.0015625 0.000524376
0 0.555469 0.817187 0.0296875 0.028125 0.000532486
1 0.48125 0.00078125 0.034375 0.0015625 0.000573456
0 0.555469 0.746875 0.0328125 0.028125 0.000586945
0 0.564844 0.866406 0.0484375 0.0296875 0.000786118
0 0.55625 0.838281 0.03125 0.0296875 0.000848016
0 0.55625 0.872656 0.03125 0.0234375 0.000859998
0 0.55625 0.894531 0.040625 0.0328125 0.000861971
0 0.553125 0.68125 0.040625 0.034375 0.00123543
0 0.55625 0.855469 0.03125 0.0265625 0.00134634
0 0.553906 0.690625 0.0296875 0.028125 0.00156671
0 0.553906 0.721094 0.0328125 0.0265625 0.00172558
0 0.553125 0.703125 0.03125 0.025 0.00357335
0 0.555469 0.786719 0.0296875 0.0203125 0.0036183
0 0.553906 0.764844 0.0328125 0.0265625 0.0188284
1 0.55625 0.996094 0.03125 0.0078125 0.0196041
3 0.55 0.467969 0.03125 0.0234375 0.424413
3 0.550781 0.432031 0.0296875 0.0109375 0.700583
0 0.554688 0.775781 0.03125 0.0234375 0.772902
2 0.550781 0.467969 0.0296875 0.0234375 0.893629
