0 0.985156 0.0617188 0.0296875 0.0296875 0.000100757
1 0.964063 0.0242187 0.040625 0.0453125 0.00010335
1 0.273438 0.00078125 0.021875 0.0015625 0.000104009
0 0.564844 0.867969 0.0328125 0.0515625 0.000112633
1 0.296875 0.00078125 0.021875 0.0015625 0.000113746
1 0.0476562 0.0328125 0.0421875 0.0625 0.000114087
2 0.932813 0.850781 0.03125 0.0671875 0.000115585
1 0.235156 0.0015625 0.0359375 0.003125 0.000126729
1 0.547656 0.994531 0.0296875 0.0109375 0.000129724
0 0.532031 0.725 0.0359375 0.028125 0.000130655
0 0.565625 0.867969 0.059375 0.0328125 0.000134142
3 0.994531 0.0375 0.0109375 0.025 0.000136383
1 0.698438 0.0015625 0.025 0.003125 0.00013736
1 0.929688 0.015625 0.090625 0.03125 0.000139548
1 0.736719 0.0015625 0.0234375 0.003125 0.00013982
2 0.0390625 0.975 0.078125 0.05 0.000144471
1 0.229687 0.00859375 0.1 0.0171875 0.000146486
3 0.416406 0.728906 0.0515625 0.0609375 0.000152231
0 0.553906 0.95 0.0328125 0.025 0.000157982
0 0.54375 0.854688 0.03125 0.025 0.000159378
3 0.942969 0.864062 0.0703125 0.09375 0.000159513
1 0.660156 0.0046875 0.0859375 0.009375 0.000173361
1 0.660937 0.0015625 0.025 0.003125 0.000174367
1 0.2875 0.00078125 0.034375 0.0015625 0.00018524
3 0.407813 0.767969 0.034375 0.0390625 0.00019789
0 0.563281 0.903125 0.0515625 0.03125 0.00022419
1 0.620313 0.0015625 0.025 0.003125 0.000240577
1 0.713281 0.00078125 0.0359375 0.0015625 0.00025228
1 0.347656 0.00390625 0.0796875 0.0078125 0.000262867
1 0.0320312 0.978906 0.0390625 0.0421875 0.000264644
1 0.372656 0.0015625 0.0234375 0.003125 0.000264951
1 0.314063 0.0015625 0.021875 0.003125 0.000295861
0 0.553906 0.932031 0.0296875 0.0265625 0.000304964
1 0.352344 0.0015625 0.0234375 0.003125 0.000319218
1 0.429688 0.0015625 0.025 0.003125 0.000326202
1 0.45 0.0015625 0.025 0.003125 0.000332395
1 0.410156 0.0015625 0.0234375 0.003125 0.00033658
1 0.603125 0.0015625 0.025 0.003125 0.000338812
1 0.528125 0.0015625 0.025 0.003125 0.000338947
1 0.58125 0.00390625 0.078125 0.0078125 0.000342669
1 0.584375 0.0015625 0.025 0.003125 0.000342844
1 0.564062 0.0015625 0.025 0.003125 0.000345453
1 0.33125 0.0015625 0.021875 0.003125 0.0003489
1 0.392188 0.0015625 0.025 0.003125 0.000350793
1 0.50625 0.0015625 0.025 0.003125 0.000352775
1 0.546094 0.0015625 0.0265625 0.003125 0.000354903
1 0.753906 0.00078125 0.0296875 0.0015625 0.000364352
1 0.365625 0.00078125 0.034375 0.0015625 0.000370495
1 0.0601562 0.128125 0.107813 0.096875 0.000377049
1 0.636719 0.00078125 0.0359375 0.0015625 0.000406301
1 0.426562 0.003125 0.075 0.00625 0.000421144
1 0.470313 0.0015625 0.025 0.003125 0.000423526
1 0.486719 0.0015625 0.0234375 0.003125 0.00043837
1 0.444531 0.00078125 0.0359375 0.0015625 0.000450179
1 0.675781 0.00078125 0.0359375 0.0015625 0.000467425
1 0.325781 0.00078125 0.0328125 0.0015625 0.000477359
1 0.504687 0.00234375 0.071875 0.0046875 0.000508392
1 0.560938 0.00078125 0.0375 0.0015625 0.000549899
1 0.522656 0.00078125 0.0359375 0.0015625 0.000561911
0 0.539844 0.748438 0.0328125 0.028125 0.000574236
1 0.404687 0.00078125 0.034375 0.0015625 0.000575797
0 0.553906 0.855469 0.0609375 0.0453125 0.000616149
0 0.553125 0.910156 0.03125 0.0234375 0.000634641
1 0.597656 0.00078125 0.0359375 0.0015625 0.000641252
1 0.483594 0.00078125 0.0359375 0.0015625 0.000703637
0 0.551562 0.875 0.03125 0.028125 0.00110259
0 0.547656 0.835156 0.0328125 0.0265625 0.00166353
0 0.552344 0.892969 0.0359375 0.0296875 0.00168556
3 0.415625 0.724219 0.04375 0.0234375 0.00207464
0 0.549219 0.8625 0.0359375 0.03125 0.00234867
0 0.542188 0.792969 0.03125 0.0265625 0.00325762
0 0.546875 0.822656 0.0375 0.0296875 0.00331936
1 0.555469 0.996094 0.0296875 0.0078125 0.0365577
3 0.409375 0.739844 0.034375 0.0328125 0.117569
0 0.539844 0.7625 0.0328125 0.025 0.744549
3 0.392969 0.76875 0.0265625 0.01875 0.820606
2 0.409375 0.739062 0.034375 0.03125 0.888532
