1 0.0507812 0.129688 0.0453125 0.071875 0.000103454
0 0.608594 0.969531 0.0328125 0.0234375 0.000105371
3 0.747656 0.990625 0.0484375 0.01875 0.00010729
1 0.738281 0.0015625 0.0203125 0.003125 0.000108485
1 0.273438 0.00078125 0.021875 0.0015625 0.000113183
3 0.701563 0.860156 0.028125 0.0203125 0.000116704
2 0.0445312 0.967188 0.0890625 0.065625 0.000117962
1 0.963281 0.0242187 0.0421875 0.0453125 0.000120759
1 0.929688 0.0164062 0.09375 0.0328125 0.000135625
1 0.696875 0.0015625 0.025 0.003125 0.000140366
1 0.660156 0.00546875 0.0890625 0.0109375 0.000147317
0 0.527344 0.991406 0.0734375 0.0171875 0.000153666
3 0.740625 0.995313 0.03125 0.009375 0.000158232
1 0.29375 0.0015625 0.021875 0.003125 0.000158402
1 0.225781 0.00859375 0.0984375 0.0171875 0.000161538
1 0.284375 0.00078125 0.034375 0.0015625 0.000185018
1 0.6625 0.0015625 0.025 0.003125 0.00018698
1 0.639063 0.0015625 0.025 0.003125 0.000198798
1 0.350781 0.00390625 0.0796875 0.0078125 0.000233477
1 0.622656 0.00234375 0.0265625 0.0046875 0.000253593
1 0.313281 0.0015625 0.0234375 0.003125 0.000254878
1 0.604688 0.0015625 0.025 0.003125 0.000285356
1 0.584375 0.0015625 0.025 0.003125 0.000286309
1 0.448438 0.0015625 0.025 0.003125 0.000293887
1 0.391406 0.0015625 0.0234375 0.003125 0.000303306
1 0.635938 0.00078125 0.0375 0.0015625 0.0003042
1 0.352344 0.0015625 0.0234375 0.003125 0.000304841
1 0.371094 0.0015625 0.0234375 0.003125 0.000310976
1 0.429688 0.0015625 0.025 0.003125 0.000320523
1 0.7125 0.00078125 0.034375 0.0015625 0.000321491
1 0.469531 0.0015625 0.0265625 0.003125 0.000326733
1 0.564062 0.0015625 0.025 0.003125 0.000327762
1 0.410156 0.0015625 0.0234375 0.003125 0.000328714
1 0.333594 0.0015625 0.0234375 0.003125 0.000330315
1 0.526563 0.0015625 0.025 0.003125 0.000330963
1 0.489062 0.0015625 0.025 0.003125 0.000344547
1 0.545313 0.0015625 0.025 0.003125 0.000346842
1 0.507031 0.0015625 0.0265625 0.003125 0.000350747
1 0.755469 0.0015625 0.0296875 0.003125 0.000365011
1 0.58125 0.003125 0.078125 0.00625 0.000365033
1 0.365625 0.00078125 0.034375 0.0015625 0.000395224
1 0.328125 0.00078125 0.034375 0.0015625 0.000396112
1 0.674219 0.00078125 0.0359375 0.0015625 0.000409303
1 0.426562 0.003125 0.075 0.00625 0.000429102
1 0.0359375 0.978906 0.040625 0.0421875 0.000439308
0 0.601562 0.9875 0.046875 0.025 0.000457628
1 0.442969 0.00078125 0.0359375 0.0015625 0.000479832
1 0.404687 0.00078125 0.034375 0.0015625 0.000497227
1 0.599219 0.00078125 0.0359375 0.0015625 0.000498242
1 0.507031 0.00234375 0.0703125 0.0046875 0.00050691
1 0.559375 0.00078125 0.0375 0.0015625 0.000580025
1 0.522656 0.00078125 0.0359375 0.0015625 0.000581265
1 0.483594 0.00078125 0.0359375 0.0015625 0.000637495
1 0.0585938 0.128125 0.104687 0.090625 0.000741412
0 0.598437 0.966406 0.05 0.0359375 0.00122082
0 0.594531 0.975781 0.0390625 0.0234375 0.00267494
0 0.589844 0.991406 0.0328125 0.0171875 0.0115608
0 0.588281 0.984375 0.0390625 0.021875 0.014352
2 0.685156 0.870313 0.0296875 0.03125 0.0266937
3 0.683594 0.871094 0.0328125 0.0328125 0.237694
3 0.669531 0.884375 0.0328125 0.034375 0.323627
3 0.692969 0.860937 0.0234375 0.021875 0.79283
2 0.669531 0.885156 0.0328125 0.0328125 0.911347
