3 0.641406 0.702344 0.0328125 0.0265625 0.000109066
1 0.735937 0.0015625 0.021875 0.003125 0.000124147
3 0.944531 0.634375 0.0703125 0.09375 0.000125144
1 0.251563 0.0015625 0.01875 0.003125 0.000127277
1 0.932031 0.0164062 0.0921875 0.0328125 0.000130504
1 0.0601562 0.982813 0.0421875 0.01875 0.000134832
1 0.272656 0.00078125 0.0234375 0.0015625 0.000136339
0 0.642187 0.695312 0.03125 0.025 0.000138151
0 0.514063 0.725 0.0375 0.021875 0.000143283
3 0.994531 0.0382813 0.0109375 0.0265625 0.000146268
1 0.698438 0.0015625 0.025 0.003125 0.000149721
3 0.265625 0.677344 0.03125 0.0328125 0.000161343
1 0.294531 0.0015625 0.0234375 0.003125 0.000162345
0 0.561719 0.951563 0.0328125 0.028125 0.00017997
3 0.942969 0.867188 0.0703125 0.090625 0.000181157
0 0.351562 0.813281 0.0875 0.0953125 0.000183783
1 0.660937 0.0015625 0.025 0.003125 0.000187541
2 0.0390625 0.98125 0.078125 0.0375 0.000190419
0 0.407813 0.723437 0.065625 0.0375 0.000192596
0 0.529688 0.746875 0.046875 0.025 0.000192748
0 0.407813 0.722656 0.034375 0.0578125 0.000196641
1 0.679688 0.0015625 0.025 0.003125 0.000199416
1 0.283594 0.00078125 0.0359375 0.0015625 0.00020208
1 0.660937 0.00390625 0.084375 0.0078125 0.000211944
1 0.310937 0.0015625 0.021875 0.003125 0.000240764
0 0.639063 0.686719 0.046875 0.0484375 0.000245198
1 0.620313 0.0015625 0.025 0.003125 0.000249602
1 0.351562 0.00390625 0.08125 0.0078125 0.000253466
1 0.552344 0.992969 0.0421875 0.0140625 0.000253686
1 0.333594 0.0015625 0.0234375 0.003125 0.000277006
1 0.0585938 0.128125 0.107813 0.096875 0.000284075
1 0.352344 0.0015625 0.0234375 0.003125 0.000285723
1 0.0289063 0.98125 0.0359375 0.0375 0.000300373
1 0.7125 0.00078125 0.034375 0.0015625 0.00030779
1 0.45 0.0015625 0.025 0.003125 0.000311447
1 0.546094 0.0015625 0.0265625 0.003125 0.000312113
1 0.371094 0.0015625 0.0234375 0.003125 0.000314353
1 0.429688 0.0015625 0.025 0.003125 0.00031514
1 0.582812 0.00390625 0.078125 0.0078125 0.000331922
1 0.564844 0.0015625 0.0265625 0.003125 0.00033431
1 0.583594 0.0015625 0.0265625 0.003125 0.000337721
1 0.507031 0.0015625 0.0265625 0.003125 0.000341351
1 0.603906 0.0015625 0.0265625 0.003125 0.000344665
1 0.46875 0.0015625 0.025 0.003125 0.000350089
1 0.525781 0.0015625 0.0265625 0.003125 0.000355389
1 0.410156 0.0015625 0.0234375 0.003125 0.000363707
1 0.391406 0.0015625 0.0234375 0.003125 0.000365605
1 0.752344 0.00078125 0.0296875 0.0015625 0.000371162
1 0.367188 0.00078125 0.034375 0.0015625 0.000373289
1 0.327344 0.00078125 0.0328125 0.0015625 0.000375022
0 0.563281 0.904688 0.0484375 0.03125 0.000381502
1 0.635938 0.00078125 0.0375 0.0015625 0.000387396
1 0.4875 0.0015625 0.025 0.003125 0.000409905
1 0.675781 0.00078125 0.0359375 0.0015625 0.000413877
0 0.558594 0.93125 0.0328125 0.025 0.000431027
1 0.444531 0.00078125 0.0359375 0.0015625 0.000479771
1 0.426562 0.00234375 0.071875 0.0046875 0.000497212
1 0.504687 0.00234375 0.071875 0.0046875 0.000526595
1 0.560938 0.00078125 0.0375 0.0015625 0.000527128
1 0.521094 0.00078125 0.0359375 0.0015625 0.000528855
1 0.404687 0.00078125 0.034375 0.0015625 0.000548095
1 0.483594 0.00078125 0.0359375 0.0015625 0.000594414
1 0.599219 0.00078125 0.0359375 0.0015625 0.000604519
0 0.538281 0.790625 0.0328125 0.025 0.000669671
0 0.55625 0.911719 0.03125 0.0265625 0.000974589
0 0.553906 0.864062 0.0640625 0.04375 0.000978397
0 0.542188 0.803906 0.04375 0.0296875 0.000999738
0 0.552344 0.874219 0.0296875 0.0265625 0.00161761
0 0.553906 0.892969 0.0296875 0.0265625 0.00170797
0 0.542969 0.820312 0.0359375 0.028125 0.00185768
0 0.546875 0.836719 0.034375 0.0265625 0.00202845
0 0.550781 0.85625 0.0328125 0.025 0.00251681
2 0.313281 0.661719 0.0484375 0.0609375 0.00561455
0 0.5375 0.780469 0.034375 0.0203125 0.00562452
0 0.53125 0.757812 0.040625 0.028125 0.00851438
2 0.294531 0.653125 0.0328125 0.034375 0.0180099
1 0.566406 0.995313 0.0296875 0.009375 0.0184898
3 0.283594 0.658594 0.0328125 0.0328125 0.199513
3 0.303906 0.654688 0.0296875 0.03125 0.360684
0 0.533594 0.767969 0.0359375 0.0265625 0.732336
3 0.272656 0.660937 0.0171875 0.03125 0.791589
2 0.30625 0.655469 0.028125 0.0328125 0.809162
