0 0.564844 0.988281 0.0359375 0.0234375 0.000107358
1 0.252344 0.00078125 0.0203125 0.0015625 0.000108447
1 0.232812 0.00859375 0.1 0.0171875 0.000109423
1 0.2375 0.0015625 0.034375 0.003125 0.000111776
0 0.177344 0.686719 0.0421875 0.0546875 0.000114127
1 0.735937 0.0015625 0.021875 0.003125 0.000114997
1 0.273438 0.00078125 0.021875 0.0015625 0.000120482
3 0.366406 0.670313 0.0421875 0.034375 0.000120702
3 0.94375 0.86875 0.075 0.09375 0.000133074
1 0.932031 0.015625 0.0921875 0.03125 0.000135181
0 0.407031 0.721875 0.0671875 0.040625 0.000141222
1 0.699219 0.0015625 0.0265625 0.003125 0.00014208
0 0.407031 0.721094 0.0359375 0.0609375 0.000146497
1 0.29375 0.00078125 0.021875 0.0015625 0.000159071
0 0.511719 0.725 0.0359375 0.025 0.000165212
0 0.351562 0.814844 0.0875 0.0953125 0.000169521
1 0.658594 0.00390625 0.0859375 0.0078125 0.000183411
1 0.660937 0.0015625 0.025 0.003125 0.000185059
0 0.521875 0.746094 0.040625 0.0265625 0.000185846
1 0.284375 0.00078125 0.034375 0.0015625 0.000201509
0 0.560938 0.950781 0.034375 0.0265625 0.000217419
1 0.621094 0.0015625 0.0265625 0.003125 0.000227336
1 0.551562 0.992969 0.040625 0.0140625 0.000229963
1 0.314063 0.0015625 0.021875 0.003125 0.000246573
1 0.350781 0.00390625 0.0796875 0.0078125 0.000249487
1 0.333594 0.0015625 0.0234375 0.003125 0.000279492
2 0.0367187 0.978125 0.0734375 0.04375 0.00028301
1 0.353125 0.0015625 0.025 0.003125 0.000294407
1 0.713281 0.00078125 0.0359375 0.0015625 0.000296828
1 0.0304688 0.98125 0.0359375 0.0375 0.000297568
1 0.372656 0.0015625 0.0234375 0.003125 0.000309722
1 0.059375 0.128906 0.10625 0.0953125 0.000313485
1 0.603906 0.0015625 0.0265625 0.003125 0.00031748
1 0.429688 0.0015625 0.025 0.003125 0.000323375
1 0.584375 0.0015625 0.025 0.003125 0.000325719
1 0.564062 0.0015625 0.025 0.003125 0.000326926
1 0.45 0.0015625 0.025 0.003125 0.000329855
1 0.409375 0.0015625 0.025 0.003125 0.000344488
1 0.546094 0.0015625 0.0265625 0.003125 0.000354981
1 0.753906 0.00078125 0.0296875 0.0015625 0.00036834
1 0.46875 0.0015625 0.025 0.003125 0.000370301
1 0.367969 0.00078125 0.0359375 0.0015625 0.000374144
1 0.391406 0.0015625 0.0234375 0.003125 0.000378984
1 0.675781 0.00078125 0.0359375 0.0015625 0.000382279
1 0.526563 0.0015625 0.025 0.003125 0.000386167
1 0.50625 0.0015625 0.025 0.003125 0.000387638
1 0.582031 0.003125 0.0765625 0.00625 0.000388613
0 0.5625 0.90625 0.05 0.03125 0.000414295
1 0.326562 0.00078125 0.034375 0.0015625 0.000414315
1 0.635938 0.00078125 0.0375 0.0015625 0.000438144
1 0.44375 0.00078125 0.034375 0.0015625 0.000441667
1 0.425781 0.00234375 0.0734375 0.0046875 0.000448975
1 0.489062 0.0015625 0.025 0.003125 0.000453254
1 0.404687 0.00078125 0.034375 0.0015625 0.000510399
1 0.50625 0.00234375 0.071875 0.0046875 0.000530751
1 0.560156 0.00078125 0.0359375 0.0015625 0.000612025
1 0.521875 0.00078125 0.034375 0.0015625 0.000623698
1 0.599219 0.00078125 0.0359375 0.0015625 0.000624809
0 0.558594 0.93125 0.0328125 0.025 0.000688699
3 0.267969 0.675781 0.0265625 0.0296875 0.000695331
1 0.484375 0.00078125 0.034375 0.0015625 0.00072053
0 0.553125 0.871094 0.0625 0.0453125 0.00110092
0 0.55625 0.9125 0.03125 0.025 0.00136981
0 0.546094 0.8375 0.0359375 0.028125 0.0014669
0 0.551562 0.872656 0.03125 0.0265625 0.00149518
0 0.555469 0.895312 0.0390625 0.03125 0.00159719
0 0.538281 0.790625 0.0328125 0.025 0.00170607
0 0.541406 0.819531 0.0359375 0.0296875 0.00180098
0 0.528906 0.75625 0.0390625 0.03125 0.00230919
0 0.550781 0.857031 0.0328125 0.0265625 0.00321851
2 0.321875 0.652344 0.065625 0.0609375 0.00483177
1 0.566406 0.995313 0.0296875 0.009375 0.0220216
0 0.535937 0.779688 0.034375 0.021875 0.0347573
2 0.290625 0.660156 0.0375 0.0328125 0.173219
3 0.303125 0.657812 0.028125 0.03125 0.338589
0 0.533594 0.771094 0.0359375 0.0265625 0.726558
3 0.272656 0.664062 0.0171875 0.03125 0.790784
2 0.304688 0.657031 0.028125 0.0328125 0.865317
