1 0.174219 0.0148437 0.101562 0.0296875 0.000101538
1 0.0601562 0.983594 0.0453125 0.0171875 0.000102938
1 0.963281 0.0234375 0.0421875 0.046875 0.000105939
3 0.625 0.867188 0.028125 0.021875 0.000106997
1 0.252344 0.0015625 0.0203125 0.003125 0.000107233
1 0.229687 0.00859375 0.1 0.0171875 0.000111209
1 0.0578125 0.975 0.103125 0.05 0.000112546
1 0.7375 0.0015625 0.021875 0.003125 0.000114265
1 0.271875 0.00078125 0.021875 0.0015625 0.000117709
0 0.588281 0.933594 0.0359375 0.0265625 0.000126483
1 0.29375 0.00078125 0.021875 0.0015625 0.00012829
2 0.0445312 0.96875 0.0890625 0.0625 0.000133662
1 0.930469 0.015625 0.0921875 0.03125 0.000138464
1 0.283594 0.00078125 0.0359375 0.0015625 0.000142228
1 0.659375 0.00546875 0.090625 0.0109375 0.000143627
0 0.613281 0.902344 0.0421875 0.0296875 0.000147332
1 0.698438 0.0015625 0.025 0.003125 0.000148561
3 0.382812 0.994531 0.046875 0.0109375 0.000150963
3 0.994531 0.0375 0.0109375 0.025 0.00015942
1 0.614844 0.902344 0.0453125 0.0265625 0.000159533
2 0.624219 0.860156 0.0515625 0.0421875 0.000172802
1 0.660937 0.0015625 0.025 0.003125 0.000177638
1 0.641406 0.0015625 0.0265625 0.003125 0.000177641
0 0.582031 0.953906 0.0359375 0.0296875 0.000180884
3 0.394531 0.996094 0.0265625 0.0078125 0.000201294
1 0.622656 0.0015625 0.0265625 0.003125 0.000208726
1 0.35 0.00390625 0.08125 0.0078125 0.000240961
1 0.314844 0.0015625 0.0234375 0.003125 0.00024687
1 0.332031 0.0015625 0.0234375 0.003125 0.000286629
1 0.371094 0.0015625 0.0234375 0.003125 0.000305818
1 0.711719 0.00078125 0.0359375 0.0015625 0.000306811
1 0.350781 0.0015625 0.0234375 0.003125 0.000312852
1 0.525 0.0015625 0.025 0.003125 0.000314831
1 0.391406 0.0015625 0.0234375 0.003125 0.00032081
1 0.430469 0.0015625 0.0234375 0.003125 0.000324825
1 0.45 0.0015625 0.025 0.003125 0.00033032
1 0.584375 0.0015625 0.025 0.003125 0.000344009
1 0.602344 0.0015625 0.0265625 0.003125 0.000345718
1 0.566406 0.0015625 0.0265625 0.003125 0.000356966
1 0.410156 0.0015625 0.0234375 0.003125 0.000358038
1 0.545313 0.0015625 0.025 0.003125 0.000358944
1 0.328125 0.00078125 0.034375 0.0015625 0.0003641
3 0.63125 0.807813 0.034375 0.021875 0.000366606
1 0.75625 0.0015625 0.03125 0.003125 0.000370233
1 0.365625 0.00078125 0.034375 0.0015625 0.000379327
1 0.4875 0.0015625 0.025 0.003125 0.000386343
1 0.635938 0.00078125 0.0375 0.0015625 0.000399828
1 0.676562 0.00078125 0.0375 0.0015625 0.000404305
1 0.507812 0.0015625 0.025 0.003125 0.000409311
1 0.0601562 0.129688 0.107813 0.096875 0.000412038
1 0.470313 0.0015625 0.025 0.003125 0.000414615
1 0.0351562 0.979688 0.0390625 0.040625 0.000431178
1 0.582812 0.003125 0.075 0.00625 0.00043858
1 0.427344 0.00234375 0.0734375 0.0046875 0.000497837
1 0.444531 0.00078125 0.0359375 0.0015625 0.000499943
1 0.521094 0.00078125 0.0359375 0.0015625 0.000544445
1 0.40625 0.00078125 0.034375 0.0015625 0.000590677
1 0.483594 0.00078125 0.0359375 0.0015625 0.000594475
1 0.505469 0.00234375 0.0703125 0.0046875 0.000595695
1 0.561719 0.00078125 0.0359375 0.0015625 0.000610166
1 0.597656 0.00078125 0.0359375 0.0015625 0.000689223
3 0.654688 0.808594 0.0375 0.0296875 0.000863128
0 0.575 0.978125 0.034375 0.025 0.00111857
0 0.572656 0.992188 0.0296875 0.015625 0.0567466
3 0.628906 0.840625 0.0328125 0.028125 0.262035
3 0.645312 0.809375 0.028125 0.015625 0.806507
2 0.628906 0.841406 0.0328125 0.0265625 0.892049
