1 0.945312 0.0203125 0.05625 0.021875 0.000100092
0 0.921094 0.674219 0.0484375 0.0484375 0.000101797
2 0.141406 0.460156 0.0921875 0.0484375 0.000102036
1 0.128906 0.239063 0.0484375 0.065625 0.000102277
3 0.773438 0.817969 0.040625 0.0296875 0.000102765
0 0.646094 0.903125 0.0609375 0.034375 0.000102861
1 0.835156 0.00859375 0.0265625 0.0171875 0.000104752
1 0.873438 0.0210938 0.05 0.0109375 0.000104755
3 0.841406 0.432813 0.0234375 0.028125 0.000105018
1 0.130469 0.280469 0.0484375 0.0640625 0.000108912
1 0.132031 0.353906 0.0484375 0.0609375 0.000110925
0 0.877344 0.907031 0.0328125 0.0703125 0.000115298
3 0.80625 0.780469 0.03125 0.0265625 0.000115309
0 0.651563 0.863281 0.034375 0.0578125 0.000119215
1 0.175781 0.324219 0.0390625 0.0296875 0.000121239
2 0.982813 0.985937 0.034375 0.028125 0.000128016
3 0.857031 0.0992187 0.104687 0.104687 0.000129441
1 0.285156 0.0203125 0.0578125 0.021875 0.000137016
1 0.897656 0.0171875 0.104687 0.034375 0.000141068
1 0.133594 0.973437 0.0484375 0.053125 0.000144443
0 0.620313 0.951563 0.034375 0.028125 0.000148697
1 0.578125 0.00625 0.090625 0.0125 0.000148969
3 0.871094 0.216406 0.0890625 0.107813 0.00015384
1 0.509375 0.00625 0.09375 0.0125 0.000157909
1 0.184375 0.276563 0.028125 0.015625 0.00016418
1 0.0664062 0.0804688 0.0359375 0.0640625 0.00016515
1 0.404687 0.00078125 0.0375 0.0015625 0.000165462
1 0.707812 0.00234375 0.034375 0.0046875 0.000167449
1 0.303125 0.0148437 0.10625 0.0296875 0.000169374
2 0.0195312 0.725781 0.0390625 0.107813 0.000170693
1 0.917188 0.985937 0.05 0.028125 0.00017246
0 0.646875 0.780469 0.0375 0.0296875 0.000180006
1 0.130469 0.315625 0.0484375 0.059375 0.000189244
2 0.142188 0.914844 0.10625 0.107813 0.000194928
1 0.634375 0.0015625 0.034375 0.003125 0.000201727
1 0.871094 0.00703125 0.0421875 0.0140625 0.000213174
1 0.928906 0.102344 0.0328125 0.0609375 0.000232498
3 0.826563 0.817187 0.025 0.03125 0.000257866
3 0.821094 0.827344 0.0265625 0.0328125 0.000269709
1 0.409375 0.00234375 0.025 0.0046875 0.000280177
1 0.484375 0.00078125 0.034375 0.0015625 0.000282891
1 0.594531 0.0015625 0.0359375 0.003125 0.000286933
1 0.521875 0.0015625 0.034375 0.003125 0.000303964
1 0.426562 0.00234375 0.025 0.0046875 0.000318991
2 0.01875 0.677344 0.0375 0.0921875 0.000340602
1 0.445312 0.00234375 0.025 0.0046875 0.000362098
1 0.836719 0.00625 0.0390625 0.0125 0.000370607
1 0.557031 0.0015625 0.0359375 0.003125 0.000372532
1 0.183594 0.258594 0.0265625 0.0140625 0.000387232
0 0.621875 0.930469 0.034375 0.0265625 0.000405379
1 0.694531 0.003125 0.0234375 0.00625 0.000411144
1 0.46875 0.00234375 0.025 0.0046875 0.00043471
3 0.875781 0.285937 0.0734375 0.09375 0.000524621
1 0.638281 0.00234375 0.0265625 0.0046875 0.000578639
1 0.849219 0.0117188 0.0765625 0.0234375 0.000641215
1 0.658594 0.00234375 0.0265625 0.0046875 0.000655472
1 0.619531 0.00234375 0.0265625 0.0046875 0.000655699
1 0.676562 0.00234375 0.025 0.0046875 0.000723866
1 0.504687 0.00234375 0.025 0.0046875 0.000733137
0 0.624219 0.911719 0.0328125 0.0265625 0.00073751
0 0.635156 0.839844 0.0359375 0.0328125 0.000751261
1 0.600781 0.00234375 0.0265625 0.0046875 0.000796527
1 0.582812 0.00234375 0.028125 0.0046875 0.00081703
1 0.526563 0.00234375 0.025 0.0046875 0.00094858
1 0.486719 0.00234375 0.0265625 0.0046875 0.00101294
0 0.619531 0.988281 0.0328125 0.0234375 0.00101813
1 0.560156 0.00234375 0.0265625 0.0046875 0.00102874
0 0.624219 0.895312 0.0359375 0.034375 0.00142447
1 0.545313 0.00234375 0.028125 0.0046875 0.00163384
0 0.628906 0.875 0.0328125 0.028125 0.00171033
0 0.629687 0.857813 0.03125 0.028125 0.00244956
0 0.634375 0.821094 0.03125 0.0234375 0.0115201
0 0.639063 0.795313 0.034375 0.028125 0.041796
1 0.620313 0.994531 0.028125 0.0109375 0.0478163
0 0.617969 0.994531 0.0296875 0.0109375 0.0613176
3 0.799219 0.789844 0.0359375 0.0328125 0.411031
3 0.807813 0.802344 0.034375 0.0328125 0.432311
0 0.6375 0.807031 0.034375 0.0265625 0.707177
3 0.817969 0.817969 0.0265625 0.0234375 0.7977
2 0.798437 0.789062 0.034375 0.03125 0.862797
