2 0.139062 0.914844 0.1125 0.114063 0.000100022
2 0.880469 0.114844 0.0359375 0.0703125 0.000101308
0 0.622656 0.678125 0.0640625 0.04375 0.000101501
1 0.9125 0.983594 0.053125 0.0328125 0.000104469
1 0.835938 0.0203125 0.05 0.009375 0.00010611
3 0.840625 0.644531 0.028125 0.0296875 0.000106976
1 0.184375 0.277344 0.025 0.0140625 0.000108367
0 0.621875 0.678125 0.034375 0.0625 0.000112952
1 0.130469 0.279687 0.0484375 0.0625 0.000116782
1 0.213281 0.167187 0.0453125 0.03125 0.000121931
1 0.175781 0.323438 0.0359375 0.028125 0.000124836
1 0.065625 0.08125 0.0375 0.06875 0.000131272
2 0.880469 0.188281 0.0359375 0.0703125 0.000131307
1 0.184375 0.2375 0.025 0.0125 0.000133587
1 0.132812 0.972656 0.05 0.0546875 0.000135428
1 0.132031 0.354688 0.0484375 0.059375 0.000137232
1 0.895312 0.0171875 0.10625 0.034375 0.000137793
1 0.142188 0.985937 0.046875 0.025 0.000139257
1 0.763281 0.003125 0.0328125 0.00625 0.000141277
1 0.707031 0.00234375 0.0328125 0.0046875 0.000141539
3 0.838281 0.699219 0.0296875 0.0328125 0.000141858
1 0.184375 0.257812 0.025 0.0125 0.000142212
1 0.402344 0.0015625 0.0359375 0.003125 0.000143446
1 0.183594 0.160156 0.0328125 0.0140625 0.000149175
0 0.617188 0.988281 0.034375 0.0234375 0.000151916
3 0.858594 0.0945313 0.0984375 0.0984375 0.000152709
0 0.615625 0.95 0.034375 0.025 0.000154569
1 0.507812 0.00625 0.09375 0.0125 0.00016315
1 0.445312 0.0015625 0.034375 0.003125 0.000172663
1 0.585156 0.00625 0.0890625 0.0125 0.000182665
3 0.877344 0.286719 0.0828125 0.101562 0.000189911
1 0.13125 0.317187 0.05 0.05625 0.000195995
0 0.594531 0.667188 0.0515625 0.05 0.000199235
1 0.51875 0.0015625 0.034375 0.003125 0.000208007
1 0.285156 0.0203125 0.0546875 0.01875 0.000218782
3 0.875781 0.211719 0.0859375 0.104687 0.000221203
1 0.179688 0.140625 0.0375 0.040625 0.000221252
1 0.871094 0.00703125 0.0421875 0.0140625 0.000224574
1 0.407813 0.0015625 0.025 0.003125 0.000233564
0 0.614844 0.930469 0.0328125 0.0265625 0.000261155
1 0.300781 0.0140625 0.101562 0.028125 0.000270206
1 0.634375 0.0015625 0.034375 0.003125 0.000272553
2 0.0195312 0.730469 0.0390625 0.104687 0.000274956
0 0.617188 0.873438 0.065625 0.05 0.000290388
1 0.928906 0.102344 0.0328125 0.0609375 0.000290521
0 0.60625 0.703125 0.034375 0.028125 0.000299131
1 0.557031 0.0015625 0.0328125 0.003125 0.000299631
1 0.428125 0.0015625 0.025 0.003125 0.000320007
0 0.608594 0.723437 0.0328125 0.028125 0.00032366
1 0.836719 0.00625 0.0390625 0.0125 0.00033245
1 0.596875 0.0015625 0.034375 0.003125 0.000337838
1 0.695312 0.003125 0.025 0.00625 0.000337881
0 0.614844 0.910937 0.0328125 0.025 0.000349999
1 0.482812 0.00078125 0.034375 0.0015625 0.000365663
1 0.448438 0.00234375 0.025 0.0046875 0.00043423
0 0.614062 0.874219 0.03125 0.0265625 0.000435422
3 0.550781 0.651563 0.0390625 0.028125 0.000445255
3 0.575781 0.654688 0.0359375 0.034375 0.000522839
2 0.0179687 0.682813 0.0359375 0.084375 0.000531505
1 0.675 0.00234375 0.025 0.0046875 0.000562455
1 0.578125 0.00234375 0.025 0.0046875 0.000690787
0 0.605469 0.772656 0.0328125 0.0234375 0.000691836
1 0.524219 0.00234375 0.0265625 0.0046875 0.000717568
1 0.846875 0.0117188 0.078125 0.0234375 0.000731682
1 0.46875 0.00234375 0.025 0.0046875 0.00077628
0 0.609375 0.747656 0.034375 0.0265625 0.000853364
1 0.658594 0.00234375 0.0265625 0.0046875 0.00086499
1 0.504687 0.00234375 0.025 0.0046875 0.000950318
1 0.604688 0.00234375 0.025 0.0046875 0.000965554
0 0.614844 0.898438 0.0359375 0.03125 0.00108134
0 0.6125 0.836719 0.03125 0.0265625 0.00109451
1 0.6375 0.003125 0.025 0.00625 0.00113932
1 0.485156 0.00234375 0.0265625 0.0046875 0.00115601
1 0.621875 0.00234375 0.025 0.0046875 0.00120605
0 0.611719 0.859375 0.0359375 0.03125 0.00120849
1 0.546094 0.00234375 0.0265625 0.0046875 0.00129347
1 0.561719 0.00234375 0.0265625 0.0046875 0.00145696
0 0.610937 0.7875 0.03125 0.025 0.00240962
0 0.615625 0.819531 0.03125 0.0265625 0.00335798
1 0.617969 0.996094 0.0296875 0.0078125 0.0519197
3 0.567187 0.639844 0.03125 0.0328125 0.288004
3 0.5625 0.646875 0.025 0.025 0.621562
2 0.56875 0.640625 0.03125 0.03125 0.653898
0 0.610156 0.765625 0.0296875 0.025 0.70414
