1 0.183594 0.178906 0.0328125 0.0140625 0.00010068
1 0.835938 0.0203125 0.034375 0.01875 0.000101481
1 0.177344 0.321094 0.0390625 0.0296875 0.000105781
0 0.552344 0.705469 0.0328125 0.0234375 0.000107136
1 0.178125 0.139062 0.0375 0.04375 0.000107661
1 0.945312 0.0203125 0.05625 0.021875 0.000110873
3 0.778906 0.361719 0.0203125 0.0203125 0.000111458
1 0.835938 0.0203125 0.05 0.009375 0.000112572
0 0.585156 0.859375 0.0484375 0.03125 0.000113463
1 0.176563 0.2875 0.04375 0.034375 0.000113994
3 0.873438 0.213281 0.090625 0.107813 0.000116371
2 0.135937 0.597656 0.090625 0.0890625 0.000116758
1 0.183594 0.257031 0.0234375 0.0140625 0.000118238
2 0.065625 0.0804688 0.0375 0.0671875 0.000119661
1 0.761719 0.003125 0.0328125 0.00625 0.000125036
1 0.130469 0.278125 0.0484375 0.0625 0.000125293
1 0.132812 0.353906 0.046875 0.0546875 0.000126459
1 0.9125 0.984375 0.053125 0.03125 0.000130963
1 0.898438 0.0171875 0.10625 0.034375 0.00014235
3 0.877344 0.290625 0.0859375 0.103125 0.00014584
3 0.858594 0.0984375 0.101562 0.1 0.000149278
3 0.7625 0.995313 0.028125 0.009375 0.000153579
1 0.705469 0.00234375 0.0328125 0.0046875 0.000154653
3 0.422656 0.642969 0.0203125 0.0265625 0.000155063
1 0.579687 0.00625 0.090625 0.0125 0.000155154
1 0.132812 0.974219 0.046875 0.0515625 0.000158782
1 0.403906 0.0015625 0.0359375 0.003125 0.000167357
3 0.760156 0.991406 0.0421875 0.0171875 0.000174141
1 0.510156 0.00625 0.0921875 0.0125 0.000180761
1 0.872656 0.00703125 0.0421875 0.0140625 0.000185812
1 0.285156 0.0203125 0.0546875 0.01875 0.00019066
1 0.634375 0.0015625 0.034375 0.003125 0.000209958
1 0.928906 0.102344 0.0328125 0.0640625 0.000216048
1 0.408594 0.0015625 0.0234375 0.003125 0.000217636
1 0.132031 0.317969 0.0484375 0.0546875 0.000219819
0 0.571094 0.717188 0.0609375 0.0375 0.000235235
1 0.300781 0.0140625 0.101562 0.028125 0.000249178
1 0.184375 0.2375 0.021875 0.0125 0.000270052
0 0.607813 0.932031 0.034375 0.0265625 0.000270293
0 0.571094 0.725781 0.0328125 0.0234375 0.000271066
1 0.836719 0.00625 0.0390625 0.0125 0.000272941
2 0.0179687 0.734375 0.0359375 0.1 0.000295147
2 0.140625 0.916406 0.10625 0.107813 0.000300146
1 0.484375 0.00078125 0.034375 0.0015625 0.000323144
1 0.428125 0.00234375 0.025 0.0046875 0.000330422
1 0.55625 0.0015625 0.034375 0.003125 0.00033102
0 0.579687 0.74375 0.0375 0.028125 0.000331157
0 0.585156 0.7625 0.0359375 0.028125 0.000334085
1 0.595312 0.0015625 0.034375 0.003125 0.000342694
0 0.605469 0.911719 0.0328125 0.0234375 0.000392337
0 0.598437 0.830469 0.028125 0.0390625 0.000405905
0 0.611719 0.967969 0.0390625 0.0265625 0.000413411
1 0.447656 0.00234375 0.0265625 0.0046875 0.000477264
0 0.608594 0.865625 0.0328125 0.05 0.000494783
1 0.694531 0.003125 0.0234375 0.00625 0.000538153
1 0.617188 0.00234375 0.025 0.0046875 0.000604859
1 0.848437 0.0117188 0.078125 0.0234375 0.000611156
2 0.0164062 0.683594 0.0328125 0.0796875 0.000631921
1 0.639844 0.00234375 0.0265625 0.0046875 0.000635056
1 0.467187 0.00234375 0.025 0.0046875 0.000694462
1 0.658594 0.00234375 0.0234375 0.0046875 0.00070812
1 0.676562 0.00234375 0.025 0.0046875 0.000755918
1 0.582031 0.00234375 0.0265625 0.0046875 0.00090491
1 0.4875 0.00234375 0.025 0.0046875 0.000908395
1 0.50625 0.00234375 0.025 0.0046875 0.000943047
0 0.602344 0.876562 0.0328125 0.028125 0.00110846
1 0.560938 0.00234375 0.025 0.0046875 0.00113046
1 0.602344 0.00234375 0.0265625 0.0046875 0.00118569
0 0.600781 0.857031 0.0328125 0.0296875 0.0012058
1 0.525 0.00234375 0.025 0.0046875 0.0012424
0 0.592969 0.791406 0.0359375 0.0296875 0.00130156
1 0.54375 0.00234375 0.025 0.0046875 0.00130915
0 0.603906 0.89375 0.0328125 0.025 0.0014646
2 0.446875 0.642969 0.028125 0.0296875 0.00203447
0 0.607813 0.902344 0.0375 0.0296875 0.002628
0 0.608594 0.978906 0.0328125 0.0234375 0.00589217
0 0.596875 0.81875 0.03125 0.021875 0.017263
0 0.609375 0.988281 0.03125 0.0171875 0.265347
3 0.440625 0.654688 0.025 0.028125 0.296667
3 0.452344 0.651563 0.0296875 0.03125 0.347372
3 0.426562 0.650781 0.015625 0.0296875 0.68847
0 0.596094 0.810938 0.0328125 0.025 0.734671
2 0.451562 0.651563 0.028125 0.03125 0.861191
