1 0.185156 0.138281 0.0328125 0.0171875 0.000100337
3 0.259375 0.380469 0.01875 0.0171875 0.000102817
1 0.945312 0.0203125 0.05625 0.021875 0.000103719
1 0.940625 0.01875 0.10625 0.0375 0.000105571
3 0.798437 0.107813 0.034375 0.015625 0.00010585
2 0.879687 0.189063 0.034375 0.06875 0.000106463
1 0.178125 0.139844 0.0375 0.0421875 0.000107095
1 0.871875 0.0210938 0.046875 0.0140625 0.000107468
1 0.389844 0.00234375 0.0234375 0.0046875 0.000107654
3 0.878906 0.2875 0.0890625 0.10625 0.000108275
1 0.184375 0.160938 0.034375 0.015625 0.000116512
1 0.183594 0.219531 0.0296875 0.0140625 0.000117293
3 0.84375 0.23125 0.03125 0.03125 0.000118356
1 0.133594 0.971875 0.0484375 0.05625 0.000124073
1 0.760156 0.003125 0.0328125 0.00625 0.000126013
1 0.0664062 0.08125 0.0359375 0.065625 0.000138964
1 0.130469 0.352344 0.0484375 0.0609375 0.000140429
1 0.184375 0.277344 0.028125 0.0140625 0.000141343
0 0.628125 0.892969 0.03125 0.0234375 0.000144341
1 0.183594 0.179688 0.0328125 0.015625 0.000162805
1 0.898438 0.0171875 0.103125 0.034375 0.000163301
1 0.579687 0.00625 0.090625 0.0125 0.000168454
1 0.669531 0.0015625 0.0328125 0.003125 0.00017105
2 0.0195312 0.725 0.0390625 0.109375 0.000175129
2 0.867188 0.789062 0.09375 0.096875 0.000176984
1 0.130469 0.316406 0.0484375 0.0609375 0.000182512
1 0.508594 0.00625 0.0921875 0.0125 0.00018618
1 0.913281 0.985937 0.0515625 0.028125 0.000186373
1 0.928125 0.101562 0.03125 0.0625 0.000199535
3 0.316406 0.283594 0.0203125 0.0171875 0.000202402
2 0.840625 0.708594 0.0375 0.0359375 0.000205951
0 0.629687 0.858594 0.0625 0.0609375 0.00020833
0 0.622656 0.825 0.0515625 0.0375 0.000216003
1 0.711719 0.00234375 0.0328125 0.0046875 0.000217516
1 0.873438 0.00703125 0.040625 0.0140625 0.0002253
1 0.405469 0.0015625 0.0359375 0.003125 0.000229465
1 0.184375 0.2375 0.025 0.0125 0.00023426
1 0.283594 0.0203125 0.0546875 0.01875 0.000236895
1 0.595312 0.0015625 0.034375 0.003125 0.000239994
2 0.142969 0.914062 0.104687 0.10625 0.000255889
1 0.298438 0.0132813 0.1 0.0265625 0.000268358
0 0.623438 0.864844 0.05 0.0359375 0.000296652
1 0.633594 0.0015625 0.0328125 0.003125 0.000300156
0 0.639844 0.778906 0.0359375 0.0296875 0.000301096
1 0.410156 0.00234375 0.0234375 0.0046875 0.000318783
1 0.836719 0.00625 0.0390625 0.0125 0.000323908
1 0.484375 0.00078125 0.034375 0.0015625 0.000326118
1 0.520312 0.0015625 0.034375 0.003125 0.000329483
0 0.61875 0.989062 0.034375 0.021875 0.000332071
0 0.652344 0.726562 0.0578125 0.053125 0.000332455
1 0.695312 0.00234375 0.025 0.0046875 0.000362513
1 0.554688 0.0015625 0.034375 0.003125 0.000371683
0 0.620313 0.950781 0.034375 0.0265625 0.00038178
3 0.876562 0.210156 0.078125 0.0984375 0.000401864
1 0.445312 0.0015625 0.025 0.003125 0.000414454
2 0.0179687 0.678906 0.0359375 0.0890625 0.000447538
0 0.626562 0.882031 0.05 0.0484375 0.000450709
1 0.675 0.00234375 0.025 0.0046875 0.000495769
0 0.628906 0.875781 0.0328125 0.0265625 0.000538094
1 0.426562 0.00234375 0.025 0.0046875 0.000569643
0 0.632031 0.85625 0.0328125 0.028125 0.00061543
0 0.645312 0.825 0.046875 0.034375 0.000623027
1 0.849219 0.0117188 0.0765625 0.0234375 0.000631919
3 0.885156 0.757812 0.0265625 0.040625 0.000668385
1 0.657812 0.00234375 0.025 0.0046875 0.000692825
1 0.583594 0.00234375 0.0265625 0.0046875 0.000819171
0 0.634375 0.835156 0.03125 0.0265625 0.000839774
0 0.622656 0.93125 0.0328125 0.025 0.000870076
1 0.470313 0.00234375 0.025 0.0046875 0.000878177
1 0.601562 0.00234375 0.025 0.0046875 0.000924105
1 0.639063 0.00234375 0.025 0.0046875 0.000928499
1 0.620313 0.00234375 0.025 0.0046875 0.00102741
1 0.503906 0.00234375 0.0265625 0.0046875 0.00106257
1 0.559375 0.00234375 0.025 0.0046875 0.00106615
0 0.624219 0.913281 0.0328125 0.0265625 0.00108448
1 0.526563 0.00234375 0.025 0.0046875 0.00126159
1 0.486719 0.00234375 0.0265625 0.0046875 0.00131875
0 0.636719 0.817969 0.0328125 0.0296875 0.00133098
0 0.624219 0.900781 0.0359375 0.0296875 0.00145111
1 0.544531 0.00234375 0.0265625 0.0046875 0.00177552
0 0.640625 0.797656 0.034375 0.0296875 0.00211309
2 0.845312 0.722656 0.053125 0.0484375 0.00360837
0 0.65 0.7375 0.0375 0.028125 0.0125679
0 0.644531 0.764844 0.0359375 0.0265625 0.0328608
1 0.617969 0.995313 0.0296875 0.009375 0.100861
3 0.865625 0.735937 0.03125 0.03125 0.108505
3 0.85 0.720312 0.03125 0.03125 0.143353
3 0.857031 0.730469 0.0390625 0.0390625 0.187391
2 0.85625 0.730469 0.0375 0.0390625 0.199409
0 0.648438 0.749219 0.034375 0.0265625 0.711239
2 0.849219 0.720312 0.0328125 0.03125 0.861279
3 0.875781 0.748438 0.0265625 0.025 0.867443
