1 0.175781 0.289062 0.0453125 0.034375 0.000101132
3 0.371094 0.186719 0.0453125 0.0515625 0.000101436
0 0.583594 0.789062 0.0390625 0.028125 0.000101442
0 0.475781 0.684375 0.0515625 0.034375 0.000101738
3 0.2875 0.255469 0.034375 0.0484375 0.000101916
1 0.185156 0.235938 0.0234375 0.0125 0.000102836
1 0.911719 0.984375 0.0546875 0.03125 0.000104448
3 0.842969 0.4875 0.0921875 0.10625 0.00010635
3 0.241406 0.292969 0.0453125 0.0296875 0.000108279
1 0.130469 0.239844 0.0484375 0.0609375 0.0001127
1 0.183594 0.178906 0.0328125 0.0140625 0.000113599
1 0.760938 0.003125 0.034375 0.00625 0.000115761
1 0.835938 0.00859375 0.028125 0.0171875 0.000117725
3 0.373437 0.202344 0.028125 0.0171875 0.000118424
2 0.132812 0.751562 0.084375 0.084375 0.000119893
3 0.844531 0.473437 0.0515625 0.040625 0.000120605
1 0.0664062 0.08125 0.0359375 0.06875 0.000121198
1 0.896094 0.0179687 0.107813 0.0359375 0.000121797
3 0.851562 0.346875 0.053125 0.040625 0.000124894
1 0.835938 0.0203125 0.0375 0.01875 0.000124908
2 0.134375 0.916406 0.096875 0.0546875 0.000126898
1 0.132812 0.951563 0.0625 0.05625 0.000129093
3 0.825781 0.453906 0.0265625 0.0265625 0.000129094
1 0.185156 0.139844 0.0328125 0.0171875 0.000131007
3 0.375 0.726562 0.021875 0.021875 0.00013102
1 0.836719 0.0203125 0.0515625 0.009375 0.000131569
1 0.0664062 0.992969 0.0453125 0.0109375 0.000135444
3 0.845312 0.472656 0.025 0.0609375 0.000136429
1 0.178125 0.322656 0.0375 0.0203125 0.000136718
1 0.226562 0.242188 0.040625 0.028125 0.000138011
3 0.852344 0.346094 0.0265625 0.0578125 0.000138269
3 0.025 0.685156 0.05 0.0890625 0.00013967
1 0.132812 0.978125 0.04375 0.04375 0.000140531
1 0.582812 0.00625 0.090625 0.0125 0.000140983
1 0.132031 0.28125 0.0484375 0.059375 0.000144494
1 0.179688 0.141406 0.0375 0.0421875 0.00014624
3 0.855469 0.0976562 0.104687 0.101562 0.000146522
3 0.871875 0.215625 0.0875 0.10625 0.000157186
1 0.873438 0.0210938 0.046875 0.0140625 0.000158389
1 0.40625 0.0015625 0.021875 0.003125 0.000159574
1 0.132812 0.35625 0.046875 0.053125 0.000159918
3 0.41875 0.692969 0.046875 0.0234375 0.000172959
1 0.709375 0.00234375 0.034375 0.0046875 0.000173064
1 0.507812 0.99375 0.071875 0.0125 0.000173644
3 0.845312 0.114063 0.034375 0.034375 0.000175377
1 0.509375 0.00546875 0.09375 0.0109375 0.000177633
1 0.444531 0.0015625 0.0359375 0.003125 0.000177682
3 0.838281 0.450781 0.0234375 0.0265625 0.000179005
2 0.133594 0.603906 0.0765625 0.0765625 0.000190263
3 0.842969 0.103125 0.0359375 0.03125 0.000193691
3 0.84375 0.327344 0.028125 0.0296875 0.000193786
2 0.134375 0.827344 0.08125 0.0796875 0.000196314
3 0.842969 0.313281 0.0265625 0.0296875 0.00019832
3 0.226562 0.242969 0.046875 0.0203125 0.000200071
2 0.889844 0.114844 0.0359375 0.0328125 0.000201968
1 0.065625 0.970312 0.05 0.0125 0.000202717
1 0.871094 0.00703125 0.0421875 0.0140625 0.000220376
1 0.285937 0.0203125 0.05625 0.01875 0.000224472
1 0.638281 0.0015625 0.0328125 0.003125 0.000244961
2 0.133594 0.676562 0.0796875 0.078125 0.000246885
1 0.428906 0.00234375 0.0265625 0.0046875 0.00024833
1 0.69375 0.003125 0.025 0.00625 0.000265714
1 0.301562 0.0140625 0.103125 0.028125 0.000266554
3 0.278906 0.241406 0.0203125 0.0171875 0.000280516
0 0.601562 0.898438 0.034375 0.021875 0.000282582
1 0.595312 0.00078125 0.034375 0.0015625 0.000289631
1 0.132031 0.317969 0.0453125 0.0484375 0.000291667
2 0.851562 0.114063 0.0375 0.059375 0.000300244
2 0.139062 0.530469 0.078125 0.0453125 0.000310487
1 0.928906 0.103125 0.0328125 0.0625 0.000317068
1 0.557813 0.0015625 0.034375 0.003125 0.000320836
1 0.521094 0.00078125 0.0359375 0.0015625 0.000326557
1 0.483594 0.00078125 0.0359375 0.0015625 0.000340458
0 0.572656 0.794531 0.0703125 0.0640625 0.000342524
2 0.140625 0.921875 0.1125 0.1125 0.000346077
1 0.838281 0.00625 0.0390625 0.0125 0.000377318
0 0.60625 0.961719 0.04375 0.0296875 0.000401325
3 0.871875 0.292188 0.075 0.096875 0.000423678
1 0.447656 0.00234375 0.0265625 0.0046875 0.000445116
3 0.382031 0.709375 0.0296875 0.0375 0.00053014
1 0.619531 0.00234375 0.0265625 0.0046875 0.000561746
0 0.577344 0.750781 0.0390625 0.0265625 0.000586187
0 0.598437 0.838281 0.05 0.0390625 0.000594924
0 0.607813 0.945312 0.0375 0.03125 0.000603359
1 0.849219 0.0125 0.0796875 0.025 0.000650104
0 0.599219 0.873438 0.0328125 0.025 0.000702596
1 0.466406 0.00234375 0.0265625 0.0046875 0.000757327
1 0.582031 0.00234375 0.0265625 0.0046875 0.000764512
0 0.600781 0.883594 0.0515625 0.0390625 0.000775573
1 0.675 0.003125 0.025 0.00625 0.000780259
1 0.600781 0.00234375 0.0265625 0.0046875 0.000781541
1 0.5625 0.00234375 0.025 0.0046875 0.000805744
1 0.486719 0.00234375 0.0265625 0.0046875 0.000814984
1 0.507031 0.00234375 0.0265625 0.0046875 0.000851163
1 0.659375 0.00234375 0.025 0.0046875 0.000856185
1 0.525 0.00234375 0.025 0.0046875 0.000873478
1 0.641406 0.00234375 0.0265625 0.0046875 0.00091161
1 0.544531 0.00234375 0.0265625 0.0046875 0.000989801
0 0.603906 0.864844 0.0453125 0.0296875 0.00100195
0 0.604688 0.929688 0.034375 0.025 0.0019039
3 0.382812 0.739062 0.05 0.053125 0.0021701
0 0.596875 0.855469 0.03125 0.0265625 0.00223881
0 0.603125 0.907031 0.0375 0.0296875 0.00257928
0 0.603906 0.917188 0.0328125 0.025 0.00388241
0 0.589844 0.799219 0.0296875 0.0359375 0.00498611
0 0.571094 0.757812 0.0359375 0.025 0.00566342
0 0.609375 0.992969 0.03125 0.0140625 0.00711007
3 0.383594 0.719531 0.0203125 0.0234375 0.00763358
0 0.59375 0.833594 0.03125 0.0265625 0.0119746
0 0.592188 0.817187 0.03125 0.025 0.0271677
1 0.610156 0.995313 0.0296875 0.009375 0.0315295
0 0.584375 0.78125 0.034375 0.025 0.0553317
3 0.404687 0.707812 0.034375 0.03125 0.351956
3 0.382812 0.727344 0.025 0.0234375 0.707651
0 0.583594 0.770312 0.0359375 0.025 0.72017
2 0.404687 0.708594 0.034375 0.0328125 0.875512
