1 0.835938 0.0203125 0.034375 0.01875 0.000100328
1 0.945312 0.0203125 0.05625 0.021875 0.000105821
3 0.822656 0.621875 0.0265625 0.028125 0.000106194
2 0.853125 0.117188 0.0375 0.065625 0.000107946
3 0.841406 0.628906 0.0578125 0.0390625 0.000108082
0 0.573438 0.678906 0.090625 0.0890625 0.000108954
1 0.13125 0.352344 0.05 0.0609375 0.000109308
1 0.911719 0.982813 0.0546875 0.034375 0.00010993
1 0.835938 0.0203125 0.05 0.009375 0.000111406
3 0.839844 0.610937 0.0234375 0.025 0.000111779
1 0.732813 0.003125 0.021875 0.00625 0.000114559
1 0.400781 0.0015625 0.0359375 0.003125 0.000114704
3 0.842188 0.628125 0.025 0.0625 0.000115784
3 0.874219 0.372656 0.0890625 0.107813 0.0001171
1 0.759375 0.003125 0.034375 0.00625 0.000118914
0 0.579687 0.858594 0.028125 0.0421875 0.000123506
3 0.844531 0.596875 0.0390625 0.05 0.000123737
3 0.873438 0.217187 0.09375 0.109375 0.000126236
2 0.0664062 0.0804688 0.0359375 0.0671875 0.000127267
0 0.508594 0.68125 0.0953125 0.09375 0.00012813
0 0.579687 0.860937 0.05 0.028125 0.00012885
1 0.133594 0.971875 0.0484375 0.05625 0.000134827
3 0.839063 0.620313 0.025 0.028125 0.000143066
1 0.899219 0.0171875 0.104687 0.034375 0.000143672
1 0.285156 0.0203125 0.0578125 0.021875 0.00014889
1 0.130469 0.315625 0.0484375 0.0625 0.000149373
0 0.594531 0.951563 0.0359375 0.028125 0.000157693
1 0.184375 0.236719 0.025 0.0140625 0.000159231
3 0.858594 0.100781 0.101562 0.101562 0.000159287
1 0.184375 0.275781 0.028125 0.0140625 0.000159456
2 0.141406 0.9125 0.107813 0.109375 0.000162933
1 0.444531 0.0015625 0.0359375 0.003125 0.000169992
0 0.590625 0.932813 0.034375 0.025 0.0001775
1 0.930469 0.102344 0.0328125 0.0609375 0.000181981
0 0.416406 0.889063 0.0765625 0.071875 0.000185085
1 0.510156 0.00625 0.0921875 0.0125 0.000189253
1 0.408594 0.00234375 0.0234375 0.0046875 0.000191476
1 0.183594 0.25625 0.0265625 0.015625 0.000192409
1 0.184375 0.199219 0.03125 0.0140625 0.000196702
1 0.580469 0.00546875 0.0890625 0.0109375 0.000197414
3 0.873438 0.294531 0.0875 0.104687 0.000206655
1 0.871094 0.00703125 0.0421875 0.0140625 0.000218032
1 0.710156 0.0015625 0.0328125 0.003125 0.000231071
1 0.425781 0.00234375 0.0265625 0.0046875 0.000241171
1 0.632812 0.0015625 0.034375 0.003125 0.000243041
1 0.302344 0.0140625 0.101562 0.028125 0.000243487
2 0.0195312 0.725 0.0390625 0.10625 0.0002446
3 0.738281 0.184375 0.0296875 0.03125 0.000267904
1 0.485156 0.00078125 0.0359375 0.0015625 0.000297276
1 0.595312 0.00078125 0.034375 0.0015625 0.000306351
1 0.447656 0.00234375 0.0265625 0.0046875 0.000320716
1 0.836719 0.00625 0.0390625 0.0125 0.000326259
1 0.521875 0.0015625 0.034375 0.003125 0.000360266
1 0.55625 0.0015625 0.034375 0.003125 0.000369052
1 0.695312 0.003125 0.025 0.00625 0.000464916
1 0.657812 0.00234375 0.025 0.0046875 0.000531559
1 0.46875 0.00234375 0.025 0.0046875 0.000595972
1 0.85 0.0117188 0.078125 0.0234375 0.00061265
0 0.6 0.978125 0.034375 0.03125 0.00063851
2 0.0171875 0.678906 0.034375 0.0859375 0.000696198
1 0.678125 0.00234375 0.025 0.0046875 0.000774452
1 0.6375 0.00234375 0.025 0.0046875 0.000808273
1 0.621094 0.00234375 0.0265625 0.0046875 0.000889471
1 0.486719 0.00234375 0.0265625 0.0046875 0.00096795
1 0.582031 0.00234375 0.0265625 0.0046875 0.000994033
1 0.505469 0.00234375 0.0265625 0.0046875 0.00106252
1 0.6 0.00234375 0.025 0.0046875 0.00111826
1 0.561719 0.00234375 0.0265625 0.0046875 0.00117216
1 0.541406 0.00234375 0.0265625 0.0046875 0.001282
1 0.527344 0.00234375 0.0265625 0.0046875 0.00167168
3 0.540625 0.782031 0.034375 0.0171875 0.0201338
0 0.6 0.991406 0.03125 0.0171875 0.229705
3 0.549219 0.809375 0.0359375 0.025 0.39894
3 0.538281 0.775781 0.0296875 0.0140625 0.741608
2 0.55 0.810156 0.034375 0.0234375 0.876926
