1 0.941406 0.0195312 0.107813 0.0390625 0.000101072
3 0.861719 0.403906 0.0859375 0.107813 0.000102076
1 0.388281 0.0015625 0.0234375 0.003125 0.000103921
1 0.261719 0.00859375 0.0546875 0.0171875 0.000104073
1 0.946094 0.0203125 0.0546875 0.021875 0.000107357
3 0.851562 0.388281 0.05625 0.0421875 0.00010774
1 0.911719 0.983594 0.0546875 0.0328125 0.000108009
2 0.142188 0.9125 0.109375 0.1125 0.000109575
1 0.130469 0.351562 0.0484375 0.0625 0.000115572
3 0.871094 0.21875 0.0953125 0.109375 0.000118989
1 0.178125 0.983594 0.0375 0.0171875 0.000120735
3 0.851562 0.3875 0.028125 0.059375 0.000121365
1 0.183594 0.238281 0.0265625 0.0140625 0.000121826
1 0.132812 0.971094 0.05 0.0578125 0.000122518
2 0.870313 0.295312 0.1 0.071875 0.000124701
1 0.128906 0.314063 0.0484375 0.065625 0.000125522
1 0.760156 0.003125 0.0328125 0.00625 0.000126252
1 0.178125 0.359375 0.040625 0.03125 0.000130041
0 0.633594 0.932813 0.0359375 0.028125 0.000138972
1 0.184375 0.176563 0.03125 0.015625 0.000144858
1 0.40625 0.0015625 0.034375 0.003125 0.000147004
1 0.9 0.0171875 0.103125 0.034375 0.00015564
1 0.509375 0.00625 0.09375 0.0125 0.000158604
3 0.8875 0.965625 0.040625 0.028125 0.000162598
1 0.930469 0.101562 0.0328125 0.0625 0.000164107
2 0.0203125 0.723437 0.040625 0.109375 0.000184769
1 0.580469 0.00546875 0.0890625 0.0109375 0.000184942
1 0.7125 0.003125 0.025 0.00625 0.000196406
1 0.184375 0.159375 0.03125 0.015625 0.000199609
1 0.872656 0.00703125 0.0421875 0.0140625 0.00020416
1 0.285156 0.0203125 0.0546875 0.01875 0.000207201
3 0.871875 0.295312 0.0875 0.103125 0.000235942
1 0.296875 0.0132813 0.103125 0.0265625 0.000255367
1 0.48125 0.00078125 0.034375 0.0015625 0.000260997
1 0.8375 0.00625 0.040625 0.0125 0.000264014
1 0.595312 0.0015625 0.034375 0.003125 0.000273296
3 0.883594 0.924219 0.0890625 0.0921875 0.000282898
1 0.635938 0.00078125 0.034375 0.0015625 0.000310982
1 0.523438 0.00078125 0.034375 0.0015625 0.000325469
1 0.408594 0.00234375 0.0234375 0.0046875 0.000327093
1 0.183594 0.258594 0.0265625 0.0140625 0.00032865
1 0.698438 0.003125 0.025 0.00625 0.000388641
1 0.55625 0.00078125 0.034375 0.0015625 0.000400668
1 0.429688 0.00234375 0.025 0.0046875 0.000451426
1 0.675 0.00234375 0.025 0.0046875 0.000476612
2 0.0171875 0.678125 0.034375 0.0875 0.000512562
1 0.849219 0.0117188 0.0796875 0.0234375 0.00051323
1 0.465625 0.00234375 0.025 0.0046875 0.000597732
0 0.624219 0.988281 0.0328125 0.0234375 0.00064988
1 0.4875 0.00234375 0.025 0.0046875 0.000656958
1 0.579687 0.00234375 0.025 0.0046875 0.000699329
1 0.445312 0.00234375 0.025 0.0046875 0.000710843
1 0.657812 0.00234375 0.025 0.0046875 0.000783136
1 0.507031 0.00234375 0.0265625 0.0046875 0.000887681
1 0.621875 0.00234375 0.025 0.0046875 0.000925661
1 0.603125 0.00234375 0.025 0.0046875 0.00097167
1 0.6375 0.00234375 0.025 0.0046875 0.00100624
1 0.524219 0.00234375 0.0265625 0.0046875 0.00102967
1 0.546094 0.00234375 0.0265625 0.0046875 0.00133056
1 0.560938 0.00234375 0.025 0.0046875 0.00149973
0 0.615625 0.991406 0.0375 0.0171875 0.00185287
0 0.622656 0.994531 0.0328125 0.0109375 0.0127487
3 0.653906 0.8625 0.0328125 0.03125 0.417823
3 0.660937 0.838281 0.025 0.0171875 0.770934
2 0.653906 0.863281 0.0328125 0.0296875 0.890552
