1 0.179688 0.950781 0.04375 0.0234375 0.000106304
1 0.176563 0.324219 0.0375 0.0296875 0.00010832
1 0.842188 0.0976562 0.103125 0.0796875 0.000108486
0 0.878125 0.520312 0.034375 0.06875 0.000112569
1 0.133594 0.971875 0.0484375 0.05625 0.000113818
0 0.717969 0.489844 0.0359375 0.0609375 0.000115435
0 0.669531 0.446875 0.0359375 0.0625 0.00011556
0 0.717969 0.490625 0.0671875 0.040625 0.000115588
1 0.132031 0.353906 0.0484375 0.0609375 0.000116921
1 0.945312 0.0203125 0.053125 0.01875 0.000117084
0 0.66875 0.447656 0.065625 0.0421875 0.000118608
1 0.585156 0.00625 0.0921875 0.0125 0.000121438
1 0.942969 0.0179687 0.101562 0.0359375 0.000122695
2 0.065625 0.0804688 0.0375 0.0671875 0.000123983
1 0.911719 0.983594 0.0546875 0.0328125 0.000125619
1 0.184375 0.276563 0.025 0.0125 0.000126762
3 0.8875 0.969531 0.040625 0.0265625 0.000128617
1 0.671875 0.0015625 0.03125 0.003125 0.000132048
1 0.711719 0.00234375 0.0328125 0.0046875 0.000133077
1 0.403906 0.00078125 0.0328125 0.0015625 0.00013366
1 0.130469 0.317187 0.0484375 0.0625 0.000134468
3 0.875 0.15 0.0875 0.1 0.00013552
1 0.900781 0.0164062 0.101562 0.0328125 0.000136497
0 0.61875 0.5625 0.034375 0.028125 0.000141277
1 0.301562 0.0140625 0.10625 0.028125 0.000142808
0 0.639063 0.473437 0.034375 0.028125 0.000147237
3 0.884375 0.93125 0.09375 0.096875 0.000150156
1 0.478906 0.0015625 0.0328125 0.003125 0.000160658
1 0.178906 0.140625 0.0359375 0.040625 0.000162398
2 0.785156 0.403906 0.0234375 0.0515625 0.000164977
0 0.615625 0.684375 0.03125 0.028125 0.000165472
1 0.871875 0.00625 0.040625 0.0125 0.000169963
1 0.183594 0.2375 0.0234375 0.0125 0.00017062
2 0.142188 0.915625 0.10625 0.109375 0.000171162
1 0.184375 0.161719 0.03125 0.0140625 0.00018203
1 0.594531 0.0015625 0.0328125 0.003125 0.000195577
1 0.283594 0.0203125 0.0515625 0.01875 0.000198054
1 0.63125 0.00078125 0.034375 0.0015625 0.00019867
2 0.0203125 0.723437 0.040625 0.109375 0.00020886
1 0.407813 0.0015625 0.021875 0.003125 0.000212046
0 0.625781 0.517969 0.0328125 0.0328125 0.000220281
0 0.613281 0.8375 0.0328125 0.025 0.000228783
1 0.446875 0.00078125 0.034375 0.0015625 0.000247526
1 0.524219 0.00078125 0.0328125 0.0015625 0.000248016
1 0.836719 0.00625 0.0390625 0.0125 0.000248169
1 0.694531 0.003125 0.0234375 0.00625 0.000256491
1 0.428906 0.0015625 0.0234375 0.003125 0.000275543
0 0.6125 0.885156 0.0625 0.0484375 0.000276017
0 0.6125 0.892187 0.034375 0.025 0.000277506
0 0.628906 0.49375 0.0328125 0.028125 0.00029737
0 0.611719 0.989062 0.0328125 0.021875 0.000342722
1 0.559375 0.00078125 0.034375 0.0015625 0.000349869
0 0.611719 0.95 0.0328125 0.025 0.000354189
0 0.614844 0.761719 0.0328125 0.0265625 0.000394027
0 0.613281 0.817969 0.0390625 0.0328125 0.000401591
1 0.611719 0.989844 0.0328125 0.0203125 0.000418763
0 0.611719 0.875 0.0328125 0.025 0.000430727
3 0.813281 0.434375 0.0234375 0.034375 0.000441301
1 0.846094 0.0117188 0.0796875 0.0234375 0.000443724
1 0.658594 0.00234375 0.0234375 0.0046875 0.000462955
2 0.0179687 0.676562 0.0359375 0.090625 0.000472627
0 0.614062 0.719531 0.03125 0.0234375 0.000496524
0 0.621094 0.573438 0.0296875 0.034375 0.000501875
0 0.615625 0.664062 0.0375 0.03125 0.000512692
1 0.677344 0.00234375 0.0234375 0.0046875 0.000523142
0 0.613281 0.861719 0.0390625 0.0328125 0.000527867
0 0.614062 0.746094 0.04375 0.0296875 0.000550369
0 0.61875 0.632812 0.059375 0.034375 0.000559053
1 0.507812 0.00234375 0.025 0.0046875 0.000569444
0 0.616406 0.642187 0.0328125 0.025 0.000573601
0 0.614062 0.722656 0.071875 0.0390625 0.000578613
1 0.449219 0.00234375 0.0234375 0.0046875 0.000589692
0 0.611719 0.915625 0.0328125 0.025 0.000595261
1 0.483594 0.0015625 0.0234375 0.003125 0.000603342
0 0.614062 0.70625 0.0375 0.03125 0.000604726
0 0.613281 0.797656 0.0328125 0.0234375 0.000606301
0 0.621875 0.617969 0.05625 0.0421875 0.000620076
0 0.613281 0.794531 0.0703125 0.0390625 0.00063904
0 0.611719 0.932031 0.0328125 0.0265625 0.000657374
1 0.636719 0.00234375 0.0234375 0.0046875 0.000671362
1 0.582031 0.00234375 0.0234375 0.0046875 0.000736299
1 0.465625 0.00234375 0.025 0.0046875 0.000740514
0 0.610937 0.900781 0.04375 0.0296875 0.000765732
1 0.620313 0.00234375 0.025 0.0046875 0.000810321
1 0.542969 0.00234375 0.0234375 0.0046875 0.000952074
0 0.613281 0.782812 0.0359375 0.03125 0.00108867
1 0.526563 0.00234375 0.025 0.0046875 0.00121056
0 0.617969 0.605469 0.0328125 0.0265625 0.00135794
1 0.5625 0.00234375 0.025 0.0046875 0.00139639
1 0.6 0.00234375 0.025 0.0046875 0.00142246
3 0.802344 0.411719 0.0234375 0.0296875 0.00168452
0 0.617188 0.624219 0.03125 0.0296875 0.00221292
0 0.621094 0.591406 0.0359375 0.0265625 0.00436597
0 0.621875 0.551562 0.03125 0.025 0.00514267
1 0.610156 0.996094 0.0265625 0.0078125 0.105311
3 0.778125 0.414062 0.028125 0.034375 0.258964
0 0.621875 0.535937 0.03125 0.025 0.723967
3 0.80625 0.421875 0.01875 0.03125 0.755388
2 0.778125 0.415625 0.028125 0.03125 0.857922
