1 0.221094 0.244531 0.0484375 0.0234375 0.000101334
3 0.8875 0.973437 0.04375 0.028125 0.000105135
2 0.065625 0.08125 0.0375 0.06875 0.000105651
1 0.213281 0.16875 0.0453125 0.028125 0.000106462
0 0.659375 0.5125 0.0375 0.028125 0.000110294
1 0.625 0.99375 0.03125 0.0125 0.000111545
3 0.700781 0.492188 0.0484375 0.0375 0.000112115
1 0.132031 0.353125 0.0484375 0.059375 0.00011303
1 0.872656 0.0210938 0.0515625 0.0109375 0.0001137
0 0.645312 0.567969 0.0375 0.0265625 0.000119332
1 0.895312 0.0171875 0.103125 0.034375 0.000121612
1 0.40625 0.0015625 0.021875 0.003125 0.000122016
0 0.617188 0.636719 0.034375 0.0609375 0.000122941
3 0.871094 0.146094 0.0921875 0.107813 0.00012559
1 0.505469 0.00625 0.0953125 0.0125 0.000129205
1 0.764844 0.00390625 0.0328125 0.0078125 0.000129275
1 0.183594 0.178906 0.0296875 0.0140625 0.000132594
0 0.649219 0.594531 0.0359375 0.0546875 0.000133674
1 0.835938 0.0203125 0.034375 0.01875 0.000137803
1 0.910937 0.985156 0.053125 0.0296875 0.000138253
1 0.133594 0.972656 0.0484375 0.0546875 0.00014396
1 0.835938 0.0203125 0.05 0.009375 0.000145116
3 0.859375 0.0921875 0.1 0.096875 0.000149756
1 0.858594 0.0921875 0.0984375 0.078125 0.000150689
2 0.889844 0.109375 0.0359375 0.03125 0.000154051
1 0.285937 0.0203125 0.05625 0.01875 0.000164464
1 0.130469 0.316406 0.0484375 0.0609375 0.000165591
1 0.428125 0.0015625 0.025 0.003125 0.0001665
3 0.682031 0.502344 0.0265625 0.0203125 0.000168337
0 0.622656 0.865625 0.0515625 0.0375 0.000168815
0 0.648438 0.554688 0.059375 0.0375 0.00016987
0 0.629687 0.634375 0.053125 0.0375 0.000174415
1 0.7125 0.00234375 0.03125 0.0046875 0.000174966
1 0.932813 0.102344 0.03125 0.0609375 0.000176818
1 0.588281 0.00625 0.0890625 0.0125 0.000179217
0 0.636719 0.595312 0.0546875 0.0375 0.000183249
1 0.872656 0.00703125 0.0421875 0.0140625 0.000195534
2 0.0203125 0.722656 0.040625 0.107813 0.000198971
1 0.307031 0.0140625 0.101562 0.028125 0.000212441
0 0.640625 0.586719 0.034375 0.0296875 0.000216193
1 0.632031 0.0015625 0.0328125 0.003125 0.000220995
0 0.617969 0.874219 0.0328125 0.0265625 0.000223591
0 0.617969 0.949219 0.0328125 0.0265625 0.000225397
2 0.142969 0.914062 0.104687 0.109375 0.000228515
1 0.69375 0.00234375 0.025 0.0046875 0.000233786
3 0.876562 0.210156 0.0875 0.101562 0.00023732
1 0.599219 0.0015625 0.0328125 0.003125 0.000246301
1 0.621094 0.989844 0.0328125 0.0203125 0.000252267
1 0.557031 0.0015625 0.0328125 0.003125 0.000254353
0 0.615625 0.7 0.0625 0.065625 0.000267868
0 0.636719 0.60625 0.0328125 0.028125 0.000272382
1 0.836719 0.00625 0.0390625 0.0125 0.000276603
0 0.617969 0.913281 0.0328125 0.0265625 0.00028117
1 0.520312 0.0015625 0.034375 0.003125 0.000297893
1 0.48125 0.00078125 0.034375 0.0015625 0.000326319
1 0.449219 0.0015625 0.0265625 0.003125 0.000330906
1 0.184375 0.2375 0.021875 0.0125 0.00033788
0 0.630469 0.627344 0.0328125 0.0296875 0.000345379
0 0.617188 0.676562 0.034375 0.05625 0.000347094
0 0.617969 0.932813 0.0328125 0.025 0.000434365
1 0.846094 0.0125 0.0796875 0.025 0.000524625
0 0.626562 0.646875 0.03125 0.028125 0.000528552
0 0.617188 0.835156 0.03125 0.0265625 0.000530416
2 0.0179687 0.676562 0.0359375 0.090625 0.000532545
0 0.616406 0.797656 0.0328125 0.0265625 0.000551109
3 0.691406 0.438281 0.0390625 0.0171875 0.000639328
1 0.674219 0.00234375 0.0234375 0.0046875 0.000658915
0 0.617969 0.9 0.0359375 0.03125 0.00068171
0 0.617188 0.85625 0.0375 0.03125 0.000758919
1 0.58125 0.00234375 0.025 0.0046875 0.000783335
0 0.624219 0.669531 0.0328125 0.0296875 0.000784438
1 0.484375 0.00234375 0.025 0.0046875 0.000797969
1 0.50625 0.00234375 0.025 0.0046875 0.000845584
1 0.542188 0.00234375 0.025 0.0046875 0.000902151
1 0.660937 0.00234375 0.025 0.0046875 0.000911352
1 0.561719 0.00234375 0.0265625 0.0046875 0.000999152
1 0.635938 0.00234375 0.025 0.0046875 0.00100572
1 0.467969 0.00234375 0.0265625 0.0046875 0.00102112
1 0.526563 0.00234375 0.025 0.0046875 0.00102711
0 0.622656 0.683594 0.0328125 0.0296875 0.00103334
0 0.620313 0.702344 0.03125 0.0265625 0.00109922
0 0.617188 0.823438 0.0375 0.028125 0.00120771
1 0.603125 0.00234375 0.025 0.0046875 0.00135781
1 0.621875 0.00234375 0.025 0.0046875 0.0015096
0 0.617969 0.735937 0.0296875 0.028125 0.00369349
0 0.616406 0.7625 0.0296875 0.021875 0.0186827
1 0.619531 0.996094 0.0265625 0.0078125 0.154969
3 0.684375 0.475 0.034375 0.03125 0.462705
0 0.616406 0.752344 0.0296875 0.0234375 0.742723
3 0.699219 0.445312 0.0265625 0.01875 0.810916
2 0.685156 0.475781 0.0328125 0.0296875 0.902369
