3 0.842969 0.571875 0.0921875 0.103125 0.000100283
3 0.848437 0.227344 0.034375 0.0640625 0.000101406
3 0.846875 0.555469 0.040625 0.0515625 0.000101912
1 0.260156 0.00859375 0.0546875 0.0171875 0.000102507
1 0.945312 0.0203125 0.05625 0.021875 0.000103237
1 0.940625 0.01875 0.10625 0.0375 0.000104329
1 0.389062 0.00234375 0.021875 0.0046875 0.000105225
0 0.505469 0.675781 0.0953125 0.0921875 0.00010698
3 0.546875 0.792969 0.0375 0.0203125 0.000112788
3 0.824219 0.234375 0.0328125 0.034375 0.000113456
3 0.259375 0.336719 0.021875 0.0234375 0.000114572
2 0.873438 0.384375 0.034375 0.0625 0.000115462
2 0.140625 0.910937 0.109375 0.1125 0.000117525
1 0.911719 0.983594 0.0546875 0.0328125 0.000118524
3 0.84375 0.230469 0.034375 0.0328125 0.000121056
2 0.878906 0.1875 0.0359375 0.06875 0.000121788
1 0.179688 0.139062 0.040625 0.040625 0.000124681
1 0.183594 0.217969 0.0296875 0.0140625 0.000124732
1 0.175781 0.327344 0.0390625 0.0296875 0.000129836
3 0.85625 0.0976562 0.103125 0.101562 0.000130481
1 0.132031 0.353125 0.0484375 0.059375 0.000132512
3 0.817187 0.40625 0.046875 0.034375 0.000133056
2 0.853125 0.115625 0.0375 0.0625 0.000135329
2 0.557813 0.7875 0.0375 0.034375 0.000136777
1 0.133594 0.971875 0.0484375 0.05625 0.000140692
1 0.130469 0.317187 0.0484375 0.0625 0.000144513
1 0.761719 0.003125 0.0328125 0.00625 0.000146081
1 0.50625 0.00625 0.09375 0.0125 0.000149124
1 0.184375 0.257812 0.028125 0.015625 0.000149803
1 0.898438 0.0171875 0.103125 0.034375 0.000154819
3 0.845312 0.210938 0.034375 0.03125 0.000159432
0 0.589063 0.915625 0.0375 0.025 0.000161245
1 0.184375 0.277344 0.028125 0.0140625 0.000161493
3 0.860937 0.238281 0.078125 0.104687 0.000164346
3 0.817187 0.405469 0.021875 0.0515625 0.000168805
1 0.714063 0.003125 0.025 0.00625 0.000169007
1 0.405469 0.0015625 0.0359375 0.003125 0.000171621
0 0.417969 0.885156 0.0796875 0.0765625 0.000177278
1 0.667188 0.0015625 0.034375 0.003125 0.000180996
1 0.285156 0.0195312 0.0546875 0.0203125 0.000186166
3 0.872656 0.294531 0.0890625 0.107813 0.000194489
1 0.299219 0.0140625 0.104687 0.028125 0.000199419
1 0.872656 0.00703125 0.0421875 0.0140625 0.000206826
3 0.842188 0.564844 0.021875 0.0265625 0.000208485
1 0.585156 0.00546875 0.0859375 0.0109375 0.000215062
1 0.929688 0.101562 0.03125 0.059375 0.000216695
1 0.480469 0.0015625 0.0328125 0.003125 0.000225443
1 0.184375 0.2375 0.025 0.015625 0.00024048
1 0.184375 0.157031 0.03125 0.0140625 0.000249783
1 0.408594 0.00234375 0.0234375 0.0046875 0.000267057
2 0.0195312 0.726562 0.0390625 0.10625 0.000275866
1 0.836719 0.00625 0.0390625 0.0125 0.000279978
0 0.594531 0.951563 0.0359375 0.025 0.00029288
1 0.634375 0.0015625 0.034375 0.003125 0.000294612
1 0.522656 0.00078125 0.0359375 0.0015625 0.000312387
1 0.598437 0.00078125 0.034375 0.0015625 0.000329767
3 0.845312 0.419531 0.040625 0.0359375 0.000331612
3 0.845312 0.417969 0.021875 0.0484375 0.000332553
1 0.428906 0.00234375 0.0265625 0.0046875 0.000343192
3 0.865625 0.376563 0.075 0.09375 0.000350807
1 0.696875 0.00234375 0.025 0.0046875 0.000363231
1 0.557031 0.0015625 0.0359375 0.003125 0.000394942
1 0.849219 0.0117188 0.0765625 0.0234375 0.000551487
0 0.592188 0.932813 0.034375 0.025 0.000567545
3 0.839844 0.403125 0.0234375 0.028125 0.00056998
1 0.447656 0.00234375 0.0265625 0.0046875 0.000577787
1 0.674219 0.00234375 0.0265625 0.0046875 0.000700296
1 0.485156 0.00234375 0.0265625 0.0046875 0.00072071
1 0.466406 0.00234375 0.0265625 0.0046875 0.000742794
1 0.58125 0.00234375 0.025 0.0046875 0.000743886
2 0.0171875 0.679688 0.034375 0.084375 0.000753398
1 0.507031 0.00234375 0.0265625 0.0046875 0.00080814
1 0.620313 0.00234375 0.025 0.0046875 0.000982999
0 0.6 0.985937 0.0375 0.025 0.00102673
3 0.845312 0.392969 0.021875 0.0390625 0.0010649
1 0.657812 0.00234375 0.025 0.0046875 0.00110751
1 0.525781 0.00234375 0.0265625 0.0046875 0.00113061
1 0.561719 0.00234375 0.0265625 0.0046875 0.00126445
1 0.542969 0.00234375 0.0265625 0.0046875 0.00127912
3 0.851562 0.401563 0.059375 0.08125 0.00141273
1 0.638281 0.003125 0.0265625 0.00625 0.00154896
1 0.602344 0.00234375 0.0265625 0.0046875 0.00165038
3 0.838281 0.39375 0.0234375 0.025 0.00191566
0 0.601562 0.992188 0.03125 0.015625 0.26743
3 0.553906 0.807813 0.0359375 0.025 0.354615
3 0.54375 0.774219 0.03125 0.0109375 0.738997
2 0.553906 0.807813 0.0359375 0.021875 0.875953
