1 0.388281 0.0015625 0.0234375 0.003125 0.0001023
1 0.260156 0.00859375 0.0546875 0.0171875 0.000103481
1 0.871094 0.0203125 0.0453125 0.015625 0.000103706
1 0.945312 0.0203125 0.05625 0.021875 0.000107064
2 0.065625 0.08125 0.0375 0.06875 0.000107352
1 0.175 0.290625 0.04375 0.034375 0.000108002
1 0.213281 0.169531 0.0484375 0.0328125 0.00010864
1 0.166406 0.282031 0.0390625 0.0234375 0.000109435
1 0.178125 0.139844 0.0375 0.0421875 0.000109898
1 0.836719 0.0203125 0.0359375 0.01875 0.000110981
1 0.836719 0.0203125 0.0515625 0.009375 0.00011288
3 0.859375 0.0960938 0.103125 0.101562 0.000113532
3 0.8875 0.975 0.04375 0.025 0.000113612
1 0.132031 0.352344 0.0484375 0.0609375 0.000118124
1 0.166406 0.3 0.0390625 0.021875 0.000118272
1 0.520312 0.99375 0.075 0.0125 0.000122746
1 0.760156 0.003125 0.0328125 0.00625 0.000124954
3 0.863281 0.165625 0.0671875 0.09375 0.000125238
0 0.621875 0.678125 0.065625 0.04375 0.000125908
1 0.910937 0.984375 0.053125 0.03125 0.000126155
3 0.878906 0.2875 0.0890625 0.10625 0.00012737
0 0.71875 0.916406 0.05 0.0515625 0.0001275
0 0.621094 0.678125 0.0359375 0.0625 0.000133966
2 0.139062 0.913281 0.109375 0.110937 0.000134232
1 0.133594 0.971875 0.0484375 0.05625 0.000135769
1 0.898438 0.0171875 0.103125 0.034375 0.000138556
1 0.184375 0.159375 0.03125 0.0125 0.000139877
0 0.588281 0.778906 0.0421875 0.0265625 0.000141146
0 0.601562 0.703125 0.034375 0.03125 0.000142597
0 0.607813 0.950781 0.034375 0.0265625 0.000144744
1 0.184375 0.277344 0.025 0.0140625 0.0001486
3 0.578125 0.628125 0.028125 0.034375 0.000152763
3 0.874219 0.213281 0.0859375 0.104687 0.000152889
1 0.507031 0.00625 0.0921875 0.0125 0.000154143
1 0.710938 0.00234375 0.034375 0.0046875 0.000163277
1 0.183594 0.25625 0.0234375 0.0125 0.000170644
1 0.184375 0.235938 0.025 0.0125 0.000171922
1 0.582812 0.00546875 0.0875 0.0109375 0.000184743
1 0.930469 0.102344 0.0328125 0.0609375 0.000184748
3 0.849219 0.227344 0.0296875 0.0578125 0.000188783
1 0.130469 0.315625 0.0484375 0.059375 0.000188787
1 0.873438 0.00703125 0.040625 0.0140625 0.000191939
0 0.608594 0.864844 0.0578125 0.0578125 0.000203728
1 0.300781 0.0140625 0.104687 0.028125 0.000207754
1 0.285156 0.0203125 0.0546875 0.01875 0.000214074
0 0.607813 0.913281 0.034375 0.0265625 0.000221043
1 0.40625 0.0015625 0.034375 0.003125 0.000222791
0 0.607813 0.836719 0.034375 0.0234375 0.000230186
1 0.55625 0.0015625 0.034375 0.003125 0.000230514
0 0.607031 0.875 0.0328125 0.028125 0.000231282
0 0.607813 0.932031 0.034375 0.0265625 0.00024426
1 0.633594 0.0015625 0.0328125 0.003125 0.000246146
1 0.482031 0.00078125 0.0359375 0.0015625 0.000248183
2 0.0203125 0.724219 0.040625 0.107813 0.000257619
1 0.836719 0.00625 0.0390625 0.0125 0.000297804
1 0.410156 0.00234375 0.0234375 0.0046875 0.000298686
1 0.596875 0.0015625 0.034375 0.003125 0.000317097
1 0.522656 0.00078125 0.0359375 0.0015625 0.000348039
0 0.608594 0.815625 0.0296875 0.025 0.000367874
1 0.696875 0.003125 0.025 0.00625 0.000374534
1 0.426562 0.00234375 0.025 0.0046875 0.000393815
1 0.607813 0.989844 0.034375 0.0203125 0.000402798
1 0.849219 0.0125 0.0796875 0.025 0.000490463
0 0.603906 0.735156 0.0359375 0.0328125 0.000499114
1 0.675 0.00234375 0.025 0.0046875 0.000523092
1 0.446094 0.00234375 0.0265625 0.0046875 0.000544172
0 0.608594 0.772656 0.0296875 0.0359375 0.000544277
3 0.589844 0.665625 0.0421875 0.04375 0.00059422
1 0.467187 0.00234375 0.025 0.0046875 0.000637544
0 0.610156 0.900781 0.0390625 0.0328125 0.000681368
2 0.0179687 0.678125 0.0359375 0.0875 0.000688908
1 0.50625 0.00234375 0.025 0.0046875 0.000789401
1 0.61875 0.00234375 0.025 0.0046875 0.00079646
1 0.659375 0.00234375 0.025 0.0046875 0.000817576
0 0.607031 0.799219 0.0328125 0.0296875 0.000888951
1 0.485938 0.00234375 0.025 0.0046875 0.000900268
0 0.609375 0.861719 0.0375 0.0328125 0.000911533
1 0.583594 0.00234375 0.0265625 0.0046875 0.000915839
3 0.553125 0.652344 0.0375 0.0265625 0.000949022
1 0.639063 0.00234375 0.025 0.0046875 0.000950935
1 0.561719 0.00234375 0.0265625 0.0046875 0.00108866
1 0.54375 0.00234375 0.025 0.0046875 0.00118875
0 0.609375 0.826563 0.0375 0.034375 0.00124648
1 0.525781 0.00234375 0.0265625 0.0046875 0.00137449
1 0.600781 0.00234375 0.0265625 0.0046875 0.00142911
3 0.569531 0.653906 0.0296875 0.0328125 0.00267513
0 0.604688 0.760938 0.03125 0.021875 0.013403
1 0.60625 0.996094 0.028125 0.0078125 0.0977382
3 0.566406 0.639844 0.0328125 0.0328125 0.299669
3 0.561719 0.649219 0.0234375 0.0234375 0.468941
2 0.567969 0.639063 0.0328125 0.034375 0.666357
0 0.604688 0.752344 0.03125 0.0234375 0.726357
