0 0.530469 0.586719 0.0390625 0.0234375 0.000100879
0 0.501562 0.50625 0.034375 0.01875 0.000100879
0 0.541406 0.65625 0.0796875 0.078125 0.000103394
1 0.94375 0.0203125 0.05625 0.021875 0.000104159
1 0.141406 0.985156 0.0453125 0.0234375 0.000106456
1 0.185156 0.236719 0.0203125 0.0109375 0.000106917
3 0.85625 0.0921875 0.103125 0.1 0.000108505
0 0.536719 0.607813 0.0390625 0.021875 0.000110345
1 0.940625 0.01875 0.10625 0.0375 0.000110474
1 0.184375 0.216406 0.025 0.0109375 0.000110612
1 0.179688 0.325 0.040625 0.025 0.000112187
1 0.835156 0.0203125 0.0359375 0.01875 0.000112978
1 0.855469 0.0921875 0.101562 0.08125 0.000114617
0 0.569531 0.675781 0.0359375 0.0546875 0.000116942
2 0.88125 0.114844 0.0375 0.0734375 0.000118816
1 0.178906 0.1375 0.0359375 0.046875 0.000119025
0 0.539844 0.669531 0.0359375 0.0546875 0.000120026
1 0.835938 0.0203125 0.053125 0.009375 0.00012128
1 0.184375 0.158594 0.03125 0.0140625 0.000121306
2 0.133594 0.829687 0.0890625 0.0875 0.000122162
2 0.065625 0.0820312 0.0375 0.0703125 0.00012238
3 0.878125 0.294531 0.0875 0.104687 0.000123371
1 0.895312 0.0171875 0.103125 0.034375 0.000127449
1 0.132812 0.355469 0.046875 0.0578125 0.000127543
1 0.507031 0.00703125 0.0953125 0.0140625 0.000128963
3 0.8875 0.972656 0.04375 0.0234375 0.000130828
1 0.214844 0.167187 0.0453125 0.03125 0.000134903
2 0.0203125 0.802344 0.040625 0.107813 0.000137426
2 0.880469 0.1875 0.0359375 0.06875 0.000138184
1 0.183594 0.257812 0.0203125 0.009375 0.000145735
0 0.540625 0.626562 0.040625 0.025 0.000147081
1 0.582812 0.00625 0.090625 0.0125 0.000148231
3 0.842969 0.0992187 0.0359375 0.0328125 0.000150401
1 0.285937 0.0203125 0.05625 0.01875 0.000154628
1 0.707031 0.00234375 0.0328125 0.0046875 0.000156474
0 0.548437 0.636719 0.05625 0.0390625 0.000157945
1 0.307031 0.0140625 0.104687 0.028125 0.000160704
0 0.586719 0.792188 0.0703125 0.0625 0.000161793
1 0.44375 0.0015625 0.034375 0.003125 0.000164975
3 0.46875 0.428125 0.040625 0.01875 0.00016776
1 0.133594 0.973437 0.0484375 0.053125 0.000168143
1 0.132031 0.31875 0.0484375 0.05625 0.000169903
1 0.407813 0.0015625 0.021875 0.003125 0.000178243
3 0.874219 0.211719 0.0859375 0.104687 0.000181987
1 0.872656 0.00703125 0.0421875 0.0140625 0.000191098
0 0.582031 0.847656 0.0640625 0.0453125 0.000200097
1 0.634375 0.0015625 0.034375 0.003125 0.000206159
2 0.139844 0.919531 0.114063 0.114063 0.000211051
0 0.591406 0.95 0.0328125 0.025 0.000211919
1 0.930469 0.103906 0.0328125 0.0609375 0.000235826
1 0.428125 0.0015625 0.025 0.003125 0.00024139
0 0.555469 0.672656 0.0578125 0.0390625 0.000243607
3 0.478125 0.421875 0.053125 0.028125 0.000244637
1 0.671094 0.0015625 0.0328125 0.003125 0.000244664
0 0.582812 0.874219 0.034375 0.0265625 0.000247726
1 0.8375 0.00625 0.040625 0.0125 0.000249916
1 0.482812 0.00078125 0.034375 0.0015625 0.000267752
1 0.557031 0.0015625 0.0328125 0.003125 0.000270796
0 0.561719 0.722656 0.0359375 0.0265625 0.000306491
1 0.521875 0.00078125 0.034375 0.0015625 0.000310644
1 0.594531 0.0015625 0.0328125 0.003125 0.000310771
0 0.591406 0.878125 0.0546875 0.040625 0.000325882
1 0.692187 0.00234375 0.021875 0.0046875 0.000354326
3 0.48125 0.440625 0.046875 0.015625 0.000354482
2 0.0179687 0.734375 0.0359375 0.1 0.00037078
0 0.546094 0.648438 0.0390625 0.025 0.000422243
0 0.557813 0.703125 0.034375 0.025 0.000423812
0 0.555469 0.685156 0.0359375 0.0265625 0.000432312
1 0.846875 0.0125 0.078125 0.025 0.000504871
1 0.447656 0.00234375 0.0234375 0.0046875 0.000519651
0 0.55 0.664062 0.0375 0.025 0.000522382
0 0.590625 0.930469 0.03125 0.0234375 0.000533634
0 0.582031 0.860937 0.0421875 0.034375 0.000565569
0 0.588281 0.913281 0.0328125 0.0265625 0.000567289
1 0.485938 0.00234375 0.025 0.0046875 0.000596545
1 0.465625 0.00234375 0.025 0.0046875 0.00061497
1 0.657031 0.00234375 0.0234375 0.0046875 0.000619263
0 0.576563 0.817187 0.034375 0.025 0.000670269
2 0.0171875 0.684375 0.034375 0.08125 0.000671584
1 0.677344 0.003125 0.0234375 0.00625 0.000685101
0 0.5875 0.902344 0.040625 0.0296875 0.00075334
1 0.638281 0.00234375 0.0234375 0.0046875 0.000778221
0 0.567969 0.748438 0.0359375 0.028125 0.000787746
0 0.578125 0.836719 0.034375 0.0265625 0.000842777
1 0.6 0.00234375 0.025 0.0046875 0.000852838
0 0.575 0.792188 0.034375 0.025 0.000911853
1 0.621875 0.00234375 0.025 0.0046875 0.00094089
1 0.524219 0.00234375 0.0265625 0.0046875 0.00108189
1 0.54375 0.00234375 0.025 0.0046875 0.00110853
1 0.58125 0.00234375 0.025 0.0046875 0.00113033
1 0.508594 0.00234375 0.0265625 0.0046875 0.00116929
1 0.563281 0.00234375 0.0265625 0.0046875 0.00124661
0 0.580469 0.825781 0.0328125 0.0265625 0.00169757
0 0.595312 0.99375 0.03125 0.0125 0.00367833
0 0.56875 0.770312 0.03125 0.021875 0.00855194
1 0.595312 0.995313 0.03125 0.009375 0.0312093
3 0.482812 0.466406 0.034375 0.0234375 0.431998
0 0.567969 0.761719 0.0328125 0.0234375 0.745854
3 0.470313 0.432813 0.03125 0.0125 0.770749
2 0.482812 0.467187 0.034375 0.021875 0.886604
