1 0.873438 0.0210938 0.05 0.0109375 0.00010157
0 0.58125 0.709375 0.034375 0.05625 0.000102785
3 0.242188 0.332812 0.01875 0.015625 0.000104042
1 0.130469 0.280469 0.0484375 0.0671875 0.000104878
0 0.614062 0.95 0.034375 0.025 0.000106457
1 0.184375 0.214844 0.028125 0.0140625 0.000107326
1 0.180469 0.139844 0.0359375 0.0421875 0.000108673
3 0.872656 0.15 0.0890625 0.109375 0.000109041
0 0.586719 0.857031 0.0421875 0.0265625 0.000110322
3 0.857031 0.0953125 0.104687 0.1 0.00011178
1 0.203125 0.232812 0.021875 0.0125 0.000111971
1 0.945312 0.0203125 0.05625 0.021875 0.000112291
1 0.065625 0.0804688 0.0375 0.0671875 0.000112696
3 0.282031 0.335156 0.0328125 0.0484375 0.000116603
1 0.167187 0.297656 0.0375 0.0234375 0.000116907
1 0.2125 0.169531 0.04375 0.0296875 0.000117754
3 0.549219 0.532031 0.0546875 0.0359375 0.000120701
3 0.257031 0.329688 0.0171875 0.0125 0.000124084
0 0.564062 0.542188 0.034375 0.021875 0.000128141
1 0.9125 0.985156 0.053125 0.0296875 0.000128208
1 0.133594 0.971875 0.0484375 0.05625 0.000129748
1 0.132031 0.353125 0.0484375 0.059375 0.000130229
1 0.898438 0.0171875 0.103125 0.034375 0.000131347
1 0.707031 0.00234375 0.0328125 0.0046875 0.00013306
1 0.507031 0.00625 0.0953125 0.0125 0.000138217
0 0.591406 0.675781 0.0546875 0.0390625 0.00014063
1 0.184375 0.276563 0.025 0.015625 0.00014186
3 0.85 0.236719 0.05 0.0390625 0.000142668
0 0.614062 0.655469 0.08125 0.0828125 0.000143535
3 0.85 0.235156 0.025 0.0578125 0.000149408
2 0.885938 0.20625 0.053125 0.0375 0.000165324
1 0.176563 0.323438 0.034375 0.025 0.000170179
1 0.184375 0.160156 0.03125 0.0140625 0.000174093
1 0.130469 0.316406 0.0484375 0.0578125 0.000175408
0 0.600781 0.807031 0.0359375 0.0296875 0.000176238
3 0.25 0.333594 0.040625 0.0265625 0.000179856
0 0.585938 0.665625 0.0375 0.025 0.000183483
1 0.584375 0.00546875 0.0875 0.0109375 0.000183679
1 0.872656 0.00703125 0.0421875 0.0140625 0.000187396
1 0.285937 0.0203125 0.05625 0.01875 0.000187816
2 0.141406 0.915625 0.107813 0.109375 0.000192475
1 0.408594 0.0015625 0.0234375 0.003125 0.00019818
1 0.929688 0.102344 0.03125 0.0609375 0.000209276
1 0.446094 0.00078125 0.0359375 0.0015625 0.000217023
0 0.614062 0.932031 0.03125 0.0265625 0.000225252
2 0.0203125 0.725 0.040625 0.10625 0.000225898
2 0.882812 0.188281 0.065625 0.0453125 0.000226222
1 0.427344 0.00234375 0.0234375 0.0046875 0.000237188
1 0.596875 0.00078125 0.034375 0.0015625 0.000244174
3 0.842969 0.233594 0.0265625 0.0296875 0.000257276
1 0.836719 0.00625 0.0390625 0.0125 0.000264385
1 0.669531 0.0015625 0.0328125 0.003125 0.000272918
1 0.185156 0.235938 0.0234375 0.0125 0.000281764
1 0.521875 0.00078125 0.034375 0.0015625 0.000288981
1 0.303125 0.0140625 0.1 0.028125 0.000289332
0 0.596094 0.710938 0.0515625 0.0375 0.000297667
1 0.48125 0.00078125 0.034375 0.0015625 0.000309889
3 0.882031 0.20625 0.0796875 0.1 0.00031812
0 0.613281 0.913281 0.0328125 0.0265625 0.00032769
0 0.608594 0.848437 0.0328125 0.03125 0.000328206
1 0.55625 0.00078125 0.034375 0.0015625 0.00036245
3 0.540625 0.491406 0.05625 0.0328125 0.000396027
1 0.6375 0.0015625 0.034375 0.003125 0.000421542
2 0.888281 0.19375 0.0296875 0.05625 0.000448692
0 0.608594 0.752344 0.0515625 0.0328125 0.000513651
0 0.590625 0.686719 0.034375 0.0265625 0.000515712
1 0.849219 0.0117188 0.0765625 0.0234375 0.000523966
0 0.600781 0.791406 0.0609375 0.0609375 0.000527655
1 0.448438 0.00234375 0.025 0.0046875 0.000559069
0 0.600781 0.780469 0.0328125 0.0265625 0.000560508
2 0.0179687 0.680469 0.0359375 0.0859375 0.000602089
3 0.549219 0.503906 0.0328125 0.0171875 0.000609981
1 0.696094 0.003125 0.0234375 0.00625 0.00064901
1 0.467187 0.00234375 0.025 0.0046875 0.000658413
1 0.50625 0.00234375 0.025 0.0046875 0.000709919
1 0.676562 0.00234375 0.025 0.0046875 0.000736356
1 0.582812 0.00234375 0.025 0.0046875 0.000752539
0 0.610156 0.874219 0.0328125 0.0265625 0.000793784
1 0.621094 0.00234375 0.0265625 0.0046875 0.000831597
0 0.592188 0.701563 0.03125 0.025 0.000890093
1 0.655469 0.00234375 0.0234375 0.0046875 0.000925236
0 0.6 0.760156 0.034375 0.0265625 0.000935787
0 0.596094 0.724219 0.0328125 0.0265625 0.000961354
0 0.610937 0.9 0.034375 0.03125 0.00097718
0 0.597656 0.740625 0.0328125 0.025 0.00101475
3 0.255469 0.335938 0.0171875 0.015625 0.00105746
1 0.485938 0.00234375 0.025 0.0046875 0.00114294
1 0.544531 0.00234375 0.0265625 0.0046875 0.00120519
1 0.560938 0.00234375 0.025 0.0046875 0.00121482
1 0.601562 0.00234375 0.025 0.0046875 0.00123165
1 0.525781 0.00234375 0.0265625 0.0046875 0.00136601
1 0.640625 0.003125 0.025 0.00625 0.00226872
0 0.605469 0.839063 0.0328125 0.021875 0.00394656
0 0.603906 0.815625 0.0328125 0.028125 0.00878372
3 0.546094 0.490625 0.0296875 0.0125 0.00959936
1 0.616406 0.996094 0.0296875 0.0078125 0.0580161
3 0.554688 0.528125 0.034375 0.025 0.33832
0 0.60625 0.825781 0.03125 0.0234375 0.741302
3 0.544531 0.495313 0.0296875 0.0125 0.750651
2 0.553906 0.528125 0.0328125 0.025 0.871962
