1 0.763281 0.00390625 0.0328125 0.0078125 0.000100391
1 0.175 0.324219 0.0375 0.0296875 0.000100524
1 0.065625 0.0820312 0.0375 0.0703125 0.000100581
1 0.260938 0.00859375 0.053125 0.0171875 0.000101935
1 0.130469 0.278906 0.0484375 0.0640625 0.000106365
2 0.88125 0.215625 0.025 0.059375 0.000111153
0 0.615625 0.626562 0.034375 0.025 0.000111301
3 0.235938 0.291406 0.04375 0.0265625 0.000112704
1 0.509375 0.00703125 0.096875 0.0140625 0.000112842
1 0.911719 0.984375 0.0546875 0.03125 0.000115975
1 0.896875 0.0171875 0.103125 0.034375 0.000116512
2 0.880469 0.188281 0.0359375 0.0703125 0.000116614
1 0.710156 0.00234375 0.0328125 0.0046875 0.000119617
3 0.86875 0.145313 0.090625 0.10625 0.000121542
1 0.183594 0.257812 0.0234375 0.0125 0.000121982
1 0.167969 0.296875 0.0359375 0.025 0.000123184
3 0.854688 0.0921875 0.103125 0.096875 0.000126801
3 0.489844 0.111719 0.0328125 0.0109375 0.000127374
1 0.836719 0.0203125 0.0359375 0.01875 0.000128138
0 0.613281 0.635938 0.0578125 0.0375 0.000128734
1 0.872656 0.0210938 0.0484375 0.0140625 0.000129601
1 0.853906 0.0914062 0.101562 0.0796875 0.000131621
1 0.130469 0.317187 0.0484375 0.0625 0.000131819
1 0.836719 0.0203125 0.0515625 0.009375 0.000132179
1 0.579687 0.00625 0.090625 0.0125 0.000136209
2 0.140625 0.913281 0.109375 0.110937 0.000136631
0 0.600781 0.819531 0.0359375 0.0265625 0.000138017
1 0.141406 0.985156 0.0453125 0.0234375 0.000145499
1 0.132031 0.355469 0.0484375 0.0609375 0.000146435
1 0.179688 0.1375 0.034375 0.040625 0.000150731
1 0.133594 0.972656 0.0484375 0.0546875 0.000151741
3 0.853125 0.115625 0.034375 0.0625 0.000160405
1 0.403125 0.0015625 0.034375 0.003125 0.000161595
1 0.874219 0.00703125 0.0421875 0.0140625 0.000194657
1 0.184375 0.236719 0.021875 0.0109375 0.000196566
1 0.303906 0.0140625 0.101562 0.028125 0.000196928
3 0.657031 0.439844 0.0296875 0.0234375 0.000199237
1 0.284375 0.0203125 0.053125 0.01875 0.000204394
0 0.608594 0.872656 0.0609375 0.0453125 0.000205183
2 0.01875 0.729688 0.0375 0.10625 0.000206522
1 0.694531 0.00234375 0.0234375 0.0046875 0.000207103
1 0.932813 0.103906 0.03125 0.0609375 0.000216738
0 0.615625 0.645312 0.034375 0.028125 0.000218394
0 0.65 0.5 0.046875 0.034375 0.000222167
0 0.633594 0.526563 0.0359375 0.028125 0.000223405
3 0.876562 0.213281 0.0875 0.101562 0.000232872
3 0.634375 0.448438 0.028125 0.025 0.000244767
1 0.594531 0.00078125 0.0328125 0.0015625 0.000247351
3 0.663281 0.482812 0.0546875 0.04375 0.000252194
1 0.484375 0.00078125 0.034375 0.0015625 0.000254653
1 0.425 0.0015625 0.025 0.003125 0.000257531
1 0.555469 0.0015625 0.0328125 0.003125 0.000261592
3 0.642969 0.501562 0.0265625 0.021875 0.000268179
1 0.838281 0.00625 0.0390625 0.0125 0.000268794
0 0.615625 0.665625 0.03125 0.028125 0.000275099
3 0.654688 0.445312 0.046875 0.034375 0.000281069
1 0.409375 0.00234375 0.021875 0.0046875 0.00028324
1 0.446875 0.0015625 0.025 0.003125 0.00028584
0 0.603125 0.950781 0.034375 0.0265625 0.000313359
0 0.605469 0.874219 0.0328125 0.0265625 0.000315848
0 0.610156 0.792188 0.0296875 0.025 0.000327256
1 0.523438 0.00078125 0.034375 0.0015625 0.000330852
2 0.0179687 0.68125 0.0359375 0.0875 0.000352476
0 0.602344 0.914062 0.0328125 0.025 0.000389081
0 0.601562 0.988281 0.034375 0.0234375 0.000389395
1 0.467969 0.00234375 0.0234375 0.0046875 0.000396908
0 0.610156 0.724219 0.0328125 0.0265625 0.000425316
1 0.848437 0.0125 0.078125 0.025 0.000434341
0 0.603125 0.930469 0.034375 0.0265625 0.00045293
0 0.617969 0.672656 0.0484375 0.0359375 0.000467868
0 0.611719 0.703906 0.0328125 0.0265625 0.000500022
1 0.675 0.00234375 0.021875 0.0046875 0.000563853
0 0.605469 0.836719 0.0328125 0.0265625 0.000659061
0 0.611719 0.825781 0.0296875 0.0421875 0.000677818
0 0.607031 0.903125 0.0421875 0.03125 0.000684335
1 0.50625 0.00234375 0.025 0.0046875 0.000709177
1 0.601562 0.00234375 0.025 0.0046875 0.000710402
0 0.614062 0.684375 0.03125 0.025 0.00071159
0 0.609375 0.750781 0.03125 0.0328125 0.000714819
1 0.620313 0.00234375 0.025 0.0046875 0.000783647
1 0.592188 0.99375 0.034375 0.0125 0.000867552
1 0.559375 0.00234375 0.025 0.0046875 0.000900156
1 0.485938 0.00234375 0.025 0.0046875 0.000923472
1 0.640625 0.00234375 0.025 0.0046875 0.000933792
0 0.607813 0.860937 0.040625 0.03125 0.000938363
1 0.655469 0.00234375 0.0234375 0.0046875 0.0009557
1 0.526563 0.00234375 0.025 0.0046875 0.000983811
1 0.583594 0.00234375 0.0265625 0.0046875 0.00099665
0 0.611719 0.813281 0.0359375 0.0265625 0.0012192
3 0.649219 0.442187 0.0265625 0.015625 0.00141074
1 0.545313 0.00234375 0.025 0.0046875 0.00162783
0 0.607031 0.782812 0.0328125 0.021875 0.00258581
0 0.605469 0.771875 0.0328125 0.01875 0.00265661
1 0.6 0.995313 0.028125 0.009375 0.0281641
0 0.602344 0.994531 0.0296875 0.0109375 0.0340964
3 0.640625 0.478906 0.03125 0.0265625 0.446293
0 0.609375 0.765625 0.03125 0.025 0.735266
3 0.648438 0.449219 0.028125 0.0140625 0.757463
2 0.642187 0.479688 0.03125 0.025 0.887589
