1 0.874219 0.0203125 0.0515625 0.0125 0.000100109
1 0.130469 0.241406 0.0484375 0.0609375 0.000101181
3 0.839063 0.932813 0.03125 0.03125 0.000104383
3 0.842188 0.957812 0.0875 0.084375 0.000104501
1 0.945312 0.0203125 0.05625 0.021875 0.000104627
3 0.85 0.226562 0.03125 0.0625 0.000105436
0 0.613281 0.964063 0.0359375 0.034375 0.000106852
1 0.130469 0.280469 0.0484375 0.0640625 0.000107698
1 0.911719 0.984375 0.0546875 0.03125 0.000109435
3 0.8625 0.1625 0.06875 0.09375 0.000112872
1 0.213281 0.20625 0.0453125 0.03125 0.000115572
3 0.85625 0.0984375 0.10625 0.103125 0.000116057
1 0.0648438 0.0820312 0.0359375 0.0671875 0.000120492
1 0.176563 0.289844 0.04375 0.0359375 0.000124664
2 0.885156 0.203125 0.0328125 0.03125 0.000127364
2 0.136719 0.917188 0.114063 0.115625 0.000127694
1 0.4 0.0015625 0.0375 0.003125 0.000132941
2 0.021875 0.800781 0.04375 0.110937 0.000134096
1 0.176563 0.321875 0.0375 0.021875 0.000134366
1 0.764063 0.003125 0.034375 0.00625 0.000135295
1 0.140625 0.986719 0.04375 0.0203125 0.00013661
1 0.898438 0.0171875 0.10625 0.034375 0.000139331
2 0.134375 0.595312 0.0875 0.084375 0.000142133
0 0.564062 0.678125 0.03125 0.046875 0.000142452
1 0.670313 0.0015625 0.034375 0.003125 0.000144682
2 0.135937 0.525 0.078125 0.078125 0.000145604
1 0.44375 0.0015625 0.0375 0.003125 0.000147877
1 0.132031 0.357031 0.0484375 0.0578125 0.000148327
1 0.710156 0.0015625 0.0328125 0.003125 0.000149455
2 0.851562 0.115625 0.0375 0.0625 0.000150272
0 0.601562 0.855469 0.034375 0.0265625 0.000150484
1 0.133594 0.972656 0.0484375 0.0546875 0.000154702
1 0.507812 0.00625 0.09375 0.0125 0.000157668
1 0.183594 0.275 0.0234375 0.0125 0.000158766
1 0.132031 0.319531 0.0484375 0.0578125 0.000160166
1 0.184375 0.258594 0.025 0.0140625 0.000163205
0 0.427344 0.820312 0.0890625 0.096875 0.000170571
1 0.184375 0.159375 0.03125 0.015625 0.000171294
3 0.845312 0.9375 0.03125 0.05625 0.000178084
1 0.408594 0.0015625 0.0234375 0.003125 0.000178126
3 0.877344 0.288281 0.0828125 0.101562 0.000178171
0 0.6125 0.95 0.034375 0.025 0.000181193
0 0.592188 0.724219 0.034375 0.0265625 0.000191094
1 0.286719 0.0203125 0.0578125 0.021875 0.000191286
3 0.844531 0.939844 0.0578125 0.0359375 0.000197564
1 0.585938 0.00625 0.0875 0.0125 0.000199089
1 0.872656 0.00703125 0.0421875 0.0140625 0.00020166
1 0.180469 0.139844 0.0390625 0.0453125 0.000203063
2 0.88125 0.189844 0.053125 0.0578125 0.000203757
0 0.5875 0.707812 0.034375 0.028125 0.000213454
1 0.557813 0.0015625 0.034375 0.003125 0.000237269
3 0.477344 0.711719 0.0234375 0.0328125 0.00023832
1 0.427344 0.00234375 0.0265625 0.0046875 0.000257463
1 0.520312 0.0015625 0.034375 0.003125 0.000261898
0 0.613281 0.933594 0.0328125 0.0265625 0.000266203
1 0.629687 0.0015625 0.034375 0.003125 0.000266633
1 0.598437 0.0015625 0.034375 0.003125 0.000273385
1 0.926562 0.102344 0.03125 0.0609375 0.000289788
1 0.695312 0.003125 0.025 0.00625 0.000299438
1 0.836719 0.00625 0.0390625 0.0125 0.000317387
0 0.611719 0.911719 0.0328125 0.0265625 0.000319402
1 0.303125 0.0140625 0.1 0.028125 0.000323097
1 0.483594 0.00078125 0.0359375 0.0015625 0.000332043
1 0.613281 0.989062 0.0328125 0.01875 0.000350025
1 0.446094 0.00234375 0.0265625 0.0046875 0.000371168
2 0.0195312 0.732031 0.0390625 0.101562 0.000383673
1 0.678125 0.00234375 0.025 0.0046875 0.00045105
0 0.614844 0.853906 0.0515625 0.0328125 0.000452863
1 0.657031 0.00234375 0.0265625 0.0046875 0.000512859
1 0.847656 0.0125 0.0796875 0.025 0.000576582
2 0.878125 0.204688 0.028125 0.05625 0.000639907
1 0.467969 0.00234375 0.0265625 0.0046875 0.000646883
2 0.492188 0.672656 0.03125 0.0453125 0.000717595
0 0.610937 0.870313 0.05 0.0375 0.000796815
1 0.635938 0.00234375 0.025 0.0046875 0.000829333
1 0.485938 0.00234375 0.025 0.0046875 0.000883361
2 0.0164062 0.683594 0.0328125 0.0796875 0.000903471
1 0.561719 0.00234375 0.0265625 0.0046875 0.000919046
3 0.877344 0.209375 0.0671875 0.090625 0.00092611
1 0.524219 0.00234375 0.0265625 0.0046875 0.000933563
0 0.610156 0.872656 0.0328125 0.0265625 0.000950991
1 0.58125 0.00234375 0.025 0.0046875 0.000959679
0 0.607031 0.804688 0.0359375 0.03125 0.000968238
0 0.610937 0.894531 0.040625 0.0296875 0.000995651
1 0.505469 0.00234375 0.0265625 0.0046875 0.00101274
1 0.602344 0.00234375 0.0265625 0.0046875 0.0012454
1 0.546094 0.00234375 0.0265625 0.0046875 0.00132047
1 0.621094 0.00234375 0.0265625 0.0046875 0.00146992
0 0.607813 0.8375 0.034375 0.028125 0.00157296
0 0.605469 0.817969 0.0328125 0.0265625 0.00190538
0 0.595312 0.773438 0.03125 0.028125 0.00205773
0 0.599219 0.752344 0.0359375 0.0296875 0.00295737
0 0.609375 0.860937 0.034375 0.028125 0.00308833
0 0.600781 0.782812 0.0328125 0.025 0.0126015
1 0.614062 0.996094 0.028125 0.0078125 0.102558
3 0.495313 0.685156 0.034375 0.0328125 0.441835
0 0.600781 0.765625 0.0328125 0.025 0.745037
3 0.480469 0.702344 0.0234375 0.0234375 0.767342
2 0.496094 0.685156 0.0328125 0.0328125 0.858147
