1 0.388281 0.00234375 0.0234375 0.0046875 0.000100148
2 0.065625 0.08125 0.0375 0.06875 0.000102655
3 0.846875 0.96875 0.03125 0.053125 0.00010461
0 0.646875 0.711719 0.0625 0.0359375 0.000104787
1 0.128906 0.278906 0.0484375 0.0671875 0.000107039
1 0.508594 0.00703125 0.0953125 0.0140625 0.000107174
3 0.852344 0.125 0.0609375 0.046875 0.000108259
1 0.910937 0.00703125 0.04375 0.0140625 0.000108726
1 0.871875 0.0203125 0.046875 0.009375 0.000110934
1 0.945312 0.0203125 0.053125 0.01875 0.000111785
3 0.846875 0.101562 0.1 0.078125 0.00011403
1 0.175781 0.289844 0.0453125 0.0328125 0.000114047
1 0.176563 0.324219 0.0375 0.0296875 0.000114619
3 0.854688 0.174219 0.084375 0.0984375 0.000115253
3 0.842969 0.94375 0.0296875 0.03125 0.000118297
1 0.184375 0.257031 0.025 0.0140625 0.000121996
3 0.852344 0.123438 0.0328125 0.065625 0.000123643
1 0.44375 0.0015625 0.034375 0.003125 0.000128846
1 0.13125 0.352344 0.05 0.0609375 0.000131862
1 0.942187 0.0179687 0.103125 0.0359375 0.000133625
1 0.760156 0.003125 0.0328125 0.00625 0.000133884
1 0.133594 0.972656 0.0484375 0.0546875 0.000137537
1 0.584375 0.00625 0.090625 0.0125 0.000140423
0 0.624219 0.672656 0.0546875 0.0359375 0.000146009
1 0.910937 0.985156 0.053125 0.0296875 0.000148336
1 0.184375 0.235938 0.021875 0.0125 0.000149467
1 0.285156 0.0203125 0.0546875 0.01875 0.000155148
1 0.302344 0.0140625 0.104687 0.028125 0.000155519
3 0.846094 0.960156 0.0859375 0.0796875 0.000164214
1 0.403906 0.0015625 0.0359375 0.003125 0.000164241
1 0.7125 0.003125 0.025 0.00625 0.000168027
1 0.178906 0.139062 0.0359375 0.0375 0.000169429
0 0.619531 0.886719 0.0609375 0.0609375 0.000176828
1 0.130469 0.316406 0.0484375 0.0609375 0.000181843
1 0.873438 0.00625 0.040625 0.0125 0.00018362
1 0.559375 0.0015625 0.034375 0.003125 0.000198304
2 0.0195312 0.726562 0.0390625 0.10625 0.00019963
1 0.63125 0.0015625 0.034375 0.003125 0.000206091
0 0.632031 0.7 0.0328125 0.021875 0.000209705
2 0.142188 0.915625 0.10625 0.109375 0.000211211
1 0.902344 0.015625 0.101562 0.03125 0.000218225
3 0.846094 0.484375 0.0296875 0.046875 0.000220181
1 0.485938 0.00078125 0.034375 0.0015625 0.000227367
1 0.410156 0.00234375 0.0234375 0.0046875 0.000228293
1 0.51875 0.0015625 0.034375 0.003125 0.000229124
0 0.622656 0.835156 0.0328125 0.0265625 0.000229766
0 0.621094 0.874219 0.0359375 0.0265625 0.000240424
1 0.8375 0.00546875 0.0375 0.0109375 0.000241007
3 0.85 0.157813 0.053125 0.040625 0.000242865
0 0.659375 0.555469 0.075 0.0578125 0.000267335
3 0.849219 0.157031 0.0265625 0.0578125 0.000268611
0 0.620313 0.892969 0.034375 0.0265625 0.000276321
3 0.801562 0.517187 0.03125 0.0375 0.000319229
0 0.620313 0.921875 0.034375 0.028125 0.000320341
1 0.596094 0.00078125 0.0328125 0.0015625 0.000336613
0 0.967188 0.597656 0.065625 0.0921875 0.000337437
0 0.621094 0.858594 0.0390625 0.0328125 0.000346507
0 0.8 0.51875 0.04375 0.03125 0.000353169
0 0.644531 0.671875 0.0515625 0.034375 0.000369682
3 0.872656 0.14375 0.0765625 0.090625 0.000370759
1 0.184375 0.158594 0.03125 0.0140625 0.000381689
1 0.427344 0.00234375 0.0265625 0.0046875 0.000382384
0 0.617188 0.988281 0.034375 0.0234375 0.00040452
0 0.628906 0.649219 0.0703125 0.0421875 0.000415375
2 0.0171875 0.68125 0.034375 0.0875 0.000418316
0 0.660156 0.535937 0.0640625 0.05625 0.00043436
0 0.624219 0.797656 0.0328125 0.0265625 0.00045246
0 0.639844 0.611719 0.0609375 0.0484375 0.000454942
0 0.622656 0.817969 0.0390625 0.0328125 0.000462442
0 0.633594 0.682031 0.0328125 0.0265625 0.000466931
1 0.446094 0.00234375 0.0265625 0.0046875 0.000467437
1 0.696875 0.003125 0.025 0.00625 0.000519091
0 0.629687 0.723437 0.03125 0.028125 0.00052184
1 0.676562 0.00234375 0.025 0.0046875 0.000532253
3 0.877344 0.497656 0.0234375 0.0390625 0.000566091
1 0.849219 0.0117188 0.0765625 0.0234375 0.000569014
1 0.46875 0.00234375 0.025 0.0046875 0.000598963
0 0.629687 0.708594 0.040625 0.0359375 0.000615035
0 0.620313 0.797656 0.06875 0.0390625 0.000635771
0 0.617188 0.958594 0.03125 0.0296875 0.000688527
1 0.6375 0.00234375 0.025 0.0046875 0.000725089
0 0.634375 0.661719 0.03125 0.0265625 0.000750863
1 0.657812 0.00234375 0.025 0.0046875 0.000751612
0 0.628125 0.775781 0.0625 0.0484375 0.000793505
3 0.86875 0.521875 0.078125 0.0875 0.000817518
0 0.655469 0.517969 0.0390625 0.0296875 0.000853595
0 0.636719 0.642969 0.0328125 0.0265625 0.000882039
1 0.54375 0.00234375 0.025 0.0046875 0.000897803
0 0.625 0.778125 0.0375 0.03125 0.000908063
1 0.620313 0.00234375 0.025 0.0046875 0.000943689
0 0.626562 0.758594 0.03125 0.0265625 0.00102295
0 0.638281 0.625781 0.0328125 0.0265625 0.00102497
1 0.4875 0.00234375 0.025 0.0046875 0.00107288
0 0.621875 0.729688 0.06875 0.040625 0.0011054
3 0.855469 0.478906 0.0265625 0.0265625 0.00114194
1 0.50625 0.00234375 0.025 0.0046875 0.00116368
0 0.641406 0.605469 0.0359375 0.0296875 0.00116538
0 0.619531 0.909375 0.0359375 0.03125 0.00128978
0 0.644531 0.633594 0.0453125 0.0328125 0.00129596
1 0.523438 0.00234375 0.025 0.0046875 0.00134576
1 0.582812 0.00234375 0.025 0.0046875 0.00140537
1 0.6 0.00234375 0.025 0.0046875 0.00145259
0 0.626562 0.745313 0.0375 0.03125 0.00156944
1 0.564062 0.00234375 0.025 0.0046875 0.00157704
0 0.617969 0.946875 0.0328125 0.025 0.00184729
0 0.64375 0.5875 0.034375 0.028125 0.00317562
0 0.647656 0.569531 0.0328125 0.0265625 0.00525544
0 0.61875 0.935156 0.03125 0.0234375 0.00548175
0 0.617969 0.992969 0.0296875 0.0109375 0.0194844
0 0.646875 0.551562 0.034375 0.025 0.0425854
1 0.617188 0.994531 0.028125 0.0109375 0.0628323
3 0.835938 0.470313 0.03125 0.034375 0.404282
0 0.65 0.540625 0.034375 0.028125 0.696239
3 0.866406 0.491406 0.0234375 0.0265625 0.748322
2 0.836719 0.471875 0.0328125 0.034375 0.846079
