1 0.128906 0.278125 0.0484375 0.065625 0.000101017
1 0.872656 0.0210938 0.0515625 0.0109375 0.000102218
1 0.400781 0.0015625 0.0359375 0.003125 0.000103318
1 0.184375 0.197656 0.028125 0.0140625 0.000103883
1 0.178906 0.1375 0.0359375 0.04375 0.000105549
3 0.844531 0.233594 0.0296875 0.0265625 0.000106301
0 0.634375 0.700781 0.084375 0.0859375 0.000108016
3 0.855469 0.240625 0.0890625 0.10625 0.000111003
3 0.853906 0.117188 0.0359375 0.0625 0.00011104
1 0.183594 0.161719 0.0328125 0.0140625 0.000112219
1 0.896875 0.0171875 0.103125 0.034375 0.000112287
3 0.85625 0.0921875 0.103125 0.1 0.000112597
0 0.61875 0.950781 0.034375 0.0265625 0.000113419
0 0.654688 0.560938 0.0375 0.06875 0.00011465
1 0.855469 0.0921875 0.101562 0.08125 0.000115928
1 0.763281 0.00390625 0.0328125 0.0078125 0.000118025
0 0.617969 0.6375 0.0328125 0.059375 0.000119091
0 0.617969 0.6375 0.0640625 0.040625 0.000120207
3 0.871875 0.144531 0.090625 0.107813 0.000120696
1 0.409375 0.00234375 0.021875 0.0046875 0.000121673
1 0.184375 0.275781 0.025 0.0140625 0.000121955
3 0.889844 0.971094 0.0421875 0.0265625 0.000123691
1 0.13125 0.352344 0.046875 0.0609375 0.000125491
1 0.50625 0.00625 0.096875 0.0125 0.000126402
1 0.911719 0.984375 0.0515625 0.03125 0.000127857
0 0.652344 0.672656 0.0359375 0.0578125 0.000131179
1 0.133594 0.972656 0.0484375 0.0546875 0.000139941
1 0.184375 0.254687 0.021875 0.0125 0.000140082
0 0.653125 0.673437 0.065625 0.0375 0.000140442
1 0.711719 0.00234375 0.0328125 0.0046875 0.000142772
1 0.835938 0.0203125 0.034375 0.01875 0.000144206
0 0.61875 0.674219 0.034375 0.0609375 0.000146505
0 0.6 0.579687 0.0875 0.084375 0.000147317
3 0.876562 0.214062 0.0875 0.103125 0.000150361
1 0.130469 0.316406 0.0484375 0.0609375 0.000155601
1 0.585156 0.00625 0.0890625 0.0125 0.000158269
1 0.836719 0.0203125 0.0484375 0.009375 0.000163684
1 0.66875 0.0015625 0.03125 0.003125 0.000171037
0 0.620313 0.680469 0.06875 0.0703125 0.000177366
0 0.623438 0.864844 0.059375 0.0328125 0.000188719
1 0.93125 0.103125 0.03125 0.0625 0.000189421
1 0.872656 0.00703125 0.0421875 0.0140625 0.000190808
0 0.678906 0.553906 0.0859375 0.0796875 0.00019138
2 0.141406 0.913281 0.104687 0.107813 0.000204009
2 0.0195312 0.723437 0.0390625 0.109375 0.000205507
0 0.617969 0.874219 0.0328125 0.0265625 0.000207578
0 0.619531 0.932031 0.0328125 0.0265625 0.000209673
0 0.619531 0.913281 0.0328125 0.0265625 0.000212489
1 0.634375 0.0015625 0.034375 0.003125 0.000214394
0 0.622656 0.704687 0.0328125 0.03125 0.000214944
1 0.304688 0.0140625 0.1 0.028125 0.000216395
0 0.629687 0.670313 0.053125 0.0375 0.000229651
1 0.285156 0.0203125 0.0546875 0.01875 0.000230335
1 0.428125 0.00234375 0.025 0.0046875 0.000245133
3 0.849219 0.234375 0.0515625 0.0375 0.000246397
0 0.657812 0.567187 0.0375 0.028125 0.000255367
1 0.183594 0.2375 0.0234375 0.0125 0.00026549
1 0.694531 0.00234375 0.0234375 0.0046875 0.000269666
3 0.849219 0.232812 0.0265625 0.053125 0.00027022
1 0.836719 0.00625 0.0390625 0.0125 0.000277641
1 0.596875 0.00078125 0.034375 0.0015625 0.000291006
1 0.520312 0.00078125 0.034375 0.0015625 0.000301402
1 0.446094 0.0015625 0.0265625 0.003125 0.000304213
3 0.716406 0.471094 0.0296875 0.0171875 0.000305258
1 0.482812 0.00078125 0.034375 0.0015625 0.000307636
1 0.559375 0.00078125 0.034375 0.0015625 0.000329563
0 0.648438 0.632031 0.034375 0.0515625 0.000333156
3 0.677344 0.542188 0.0296875 0.04375 0.000373259
1 0.846875 0.0125 0.078125 0.025 0.00044229
1 0.675781 0.545313 0.0484375 0.034375 0.000445259
0 0.639063 0.626562 0.034375 0.028125 0.00045196
0 0.646094 0.596875 0.0546875 0.034375 0.000466342
0 0.653125 0.585156 0.034375 0.0265625 0.000496999
2 0.0171875 0.677344 0.034375 0.0890625 0.000511765
0 0.635938 0.635156 0.05 0.0359375 0.000549813
0 0.625781 0.684375 0.0328125 0.028125 0.000567689
1 0.675781 0.00234375 0.0234375 0.0046875 0.000572569
0 0.619531 0.897656 0.0359375 0.0296875 0.000575923
0 0.621875 0.735156 0.03125 0.0234375 0.00059929
0 0.644531 0.60625 0.0359375 0.028125 0.000615494
1 0.46875 0.00234375 0.025 0.0046875 0.000644517
1 0.658594 0.00234375 0.0234375 0.0046875 0.000664818
1 0.504687 0.00234375 0.025 0.0046875 0.00070071
1 0.54375 0.00234375 0.025 0.0046875 0.00070255
1 0.58125 0.00234375 0.025 0.0046875 0.000708083
0 0.61875 0.759375 0.04375 0.040625 0.000714872
0 0.633594 0.646875 0.0328125 0.028125 0.000749607
0 0.630469 0.664844 0.0328125 0.0265625 0.000764776
0 0.61875 0.854688 0.034375 0.03125 0.00077499
1 0.621875 0.00234375 0.025 0.0046875 0.000802996
1 0.525781 0.00234375 0.0265625 0.0046875 0.000815855
0 0.61875 0.835156 0.03125 0.0265625 0.000823661
1 0.485938 0.00234375 0.025 0.0046875 0.000860981
0 0.619531 0.8 0.0328125 0.028125 0.000917919
1 0.638281 0.00234375 0.0234375 0.0046875 0.00106577
1 0.561719 0.00234375 0.0265625 0.0046875 0.00109617
1 0.6 0.00234375 0.025 0.0046875 0.00114266
0 0.619531 0.744531 0.0359375 0.0265625 0.00131656
0 0.617969 0.820312 0.0296875 0.03125 0.00147154
0 0.619531 0.764844 0.0328125 0.0234375 0.00219717
1 0.621875 0.996094 0.028125 0.0078125 0.0793594
3 0.698438 0.503906 0.03125 0.0296875 0.350099
0 0.619531 0.752344 0.0296875 0.0234375 0.743292
3 0.715625 0.478125 0.025 0.021875 0.759336
2 0.699219 0.503906 0.0328125 0.0328125 0.860613
