0 0.65625 0.335156 0.0375 0.0296875 0.00010488
1 0.388281 0.0015625 0.0203125 0.003125 0.000105263
1 0.178125 0.138281 0.034375 0.0421875 0.000110198
1 0.913281 0.00703125 0.0390625 0.0140625 0.000110435
1 0.184375 0.276563 0.025 0.0125 0.000114598
1 0.874219 0.00546875 0.0359375 0.0109375 0.000115068
0 0.605469 0.35625 0.0890625 0.084375 0.000117594
0 0.613281 0.68125 0.0328125 0.025 0.000118248
1 0.13125 0.353125 0.05 0.059375 0.000119441
2 0.695312 0.264844 0.0625 0.0703125 0.000125207
1 0.849219 0.0117188 0.0859375 0.0234375 0.000126136
1 0.446094 0.0015625 0.0328125 0.003125 0.000128841
1 0.945312 0.0203125 0.034375 0.025 0.000131563
1 0.130469 0.317187 0.0484375 0.0625 0.000134377
2 0.141406 0.914062 0.110937 0.1125 0.000134418
1 0.911719 0.984375 0.0546875 0.03125 0.000135464
0 0.617969 0.515625 0.0359375 0.03125 0.000136031
1 0.133594 0.972656 0.0484375 0.0546875 0.000138569
1 0.142188 0.984375 0.046875 0.025 0.000139979
0 0.61875 0.407031 0.034375 0.0578125 0.000143687
1 0.509375 0.00625 0.090625 0.0125 0.000145194
1 0.667188 0.0015625 0.03125 0.003125 0.000146668
1 0.580469 0.00625 0.0890625 0.0125 0.000150068
0 0.617969 0.932031 0.0328125 0.0265625 0.000150157
0 0.651563 0.355469 0.034375 0.0296875 0.000172038
1 0.301562 0.0132813 0.103125 0.0265625 0.000174338
1 0.407031 0.0015625 0.0203125 0.003125 0.000181393
1 0.184375 0.257812 0.021875 0.0125 0.000182596
1 0.947656 0.0203125 0.0515625 0.0125 0.000184227
0 0.649219 0.4 0.0359375 0.05625 0.000186439
0 0.616406 0.911719 0.0328125 0.0265625 0.000189001
1 0.748438 0.00234375 0.03125 0.0046875 0.000189645
0 0.61875 0.632031 0.06875 0.0515625 0.000190398
0 0.614062 0.705469 0.03125 0.0265625 0.000207732
1 0.284375 0.0203125 0.05 0.01875 0.000222301
0 0.616406 0.874219 0.0328125 0.0265625 0.000224026
1 0.428906 0.0015625 0.0234375 0.003125 0.000229057
0 0.613281 0.666406 0.0390625 0.0328125 0.000232578
2 0.0195312 0.725781 0.0390625 0.107813 0.000238928
0 0.613281 0.642187 0.0328125 0.025 0.000246662
1 0.595312 0.0015625 0.034375 0.003125 0.000247481
1 0.633594 0.0015625 0.0328125 0.003125 0.000249562
1 0.522656 0.0015625 0.0328125 0.003125 0.000268227
1 0.95 0.015625 0.096875 0.03125 0.000276508
0 0.617969 0.44375 0.0578125 0.0375 0.000290865
0 0.614844 0.835156 0.0328125 0.0265625 0.000307083
1 0.48125 0.00078125 0.03125 0.0015625 0.000311806
1 0.697656 0.00234375 0.0234375 0.0046875 0.000312018
1 0.557031 0.0015625 0.0328125 0.003125 0.000325208
0 0.634375 0.402344 0.053125 0.0359375 0.00032733
1 0.732031 0.00234375 0.0203125 0.0046875 0.000336378
0 0.61875 0.870313 0.065625 0.0375 0.000343338
0 0.614844 0.759375 0.0296875 0.025 0.000357506
0 0.6375 0.394531 0.034375 0.0296875 0.000387548
1 0.716406 0.003125 0.0234375 0.00625 0.000406985
0 0.646094 0.364844 0.0546875 0.0359375 0.000424792
0 0.622656 0.453906 0.0328125 0.0296875 0.000440793
1 0.914844 0.0125 0.0890625 0.025 0.000447127
1 0.449219 0.0015625 0.0234375 0.003125 0.00045321
0 0.620313 0.474219 0.03125 0.0296875 0.000485814
2 0.0171875 0.679688 0.034375 0.0875 0.000494944
0 0.642969 0.373437 0.0359375 0.025 0.000501532
0 0.627344 0.434375 0.0328125 0.028125 0.00051021
0 0.61875 0.489844 0.03125 0.0265625 0.000524605
0 0.617969 0.896875 0.0359375 0.03125 0.000550474
0 0.630469 0.414844 0.0328125 0.0265625 0.000597426
0 0.616406 0.858594 0.0359375 0.0328125 0.000599648
1 0.505469 0.0015625 0.0234375 0.003125 0.000605334
1 0.674219 0.00234375 0.0234375 0.0046875 0.000667955
1 0.467187 0.00234375 0.021875 0.0046875 0.000671401
3 0.707812 0.240625 0.028125 0.015625 0.000698637
0 0.613281 0.626562 0.0359375 0.03125 0.000761025
1 0.485156 0.00234375 0.0234375 0.0046875 0.000773368
1 0.58125 0.00234375 0.025 0.0046875 0.000800608
1 0.658594 0.00234375 0.0234375 0.0046875 0.000829037
0 0.614062 0.605469 0.03125 0.0265625 0.000854553
1 0.526563 0.00234375 0.025 0.0046875 0.000879857
1 0.620313 0.00234375 0.025 0.0046875 0.00101373
1 0.603125 0.00234375 0.025 0.0046875 0.00111095
1 0.6375 0.00234375 0.025 0.0046875 0.00112055
1 0.560156 0.00234375 0.0234375 0.0046875 0.00114907
0 0.615625 0.815625 0.034375 0.03125 0.0012387
0 0.613281 0.739062 0.0359375 0.03125 0.00127296
1 0.546094 0.00234375 0.0234375 0.0046875 0.00128623
0 0.614062 0.796875 0.03125 0.021875 0.00159052
0 0.613281 0.714063 0.0390625 0.025 0.0018113
0 0.615625 0.792188 0.059375 0.034375 0.00185067
0 0.617188 0.582031 0.034375 0.0265625 0.00190756
0 0.615625 0.730469 0.053125 0.0421875 0.00195511
0 0.614062 0.724219 0.03125 0.0234375 0.00237138
0 0.614062 0.7875 0.03125 0.028125 0.00277985
0 0.614844 0.552344 0.0328125 0.0234375 0.00292082
0 0.616406 0.526563 0.0296875 0.028125 0.0118982
1 0.620313 0.996094 0.028125 0.0078125 0.0930039
3 0.692187 0.275 0.03125 0.03125 0.441297
0 0.614062 0.535156 0.03125 0.0234375 0.685289
3 0.707031 0.248437 0.0265625 0.01875 0.778587
2 0.691406 0.275 0.0328125 0.034375 0.871846
