3 0.846094 0.307813 0.0296875 0.03125 0.000100731
3 0.861719 0.234375 0.0796875 0.10625 0.000103435
1 0.132812 0.951563 0.0625 0.059375 0.000104738
0 0.571875 0.8 0.075 0.06875 0.000104878
1 0.7625 0.00390625 0.034375 0.0078125 0.000105333
2 0.88125 0.342187 0.034375 0.071875 0.000106225
1 0.257812 0.021875 0.04375 0.03125 0.000106645
3 0.800781 0.317187 0.0234375 0.025 0.000107214
1 0.9125 0.983594 0.053125 0.0328125 0.000107833
2 0.13125 0.392969 0.04375 0.0609375 0.000108622
1 0.871875 0.0203125 0.046875 0.015625 0.000111829
2 0.876562 0.291406 0.025 0.0640625 0.000114088
1 0.835938 0.00859375 0.028125 0.0171875 0.000114989
2 0.135937 0.9625 0.09375 0.075 0.00011569
1 0.894531 0.0179687 0.107813 0.0359375 0.000116548
2 0.132031 0.753125 0.0859375 0.084375 0.000119317
3 0.871875 0.930469 0.065625 0.0359375 0.000119771
1 0.0648438 0.992969 0.0453125 0.0109375 0.000123451
1 0.132031 0.278125 0.0484375 0.059375 0.000124331
2 0.133594 0.825 0.0859375 0.084375 0.000124888
2 0.132031 0.674219 0.0828125 0.0828125 0.000125347
1 0.403125 0.0015625 0.034375 0.003125 0.000129638
3 0.842969 0.410156 0.0234375 0.0296875 0.00013174
3 0.85625 0.0953125 0.103125 0.103125 0.000131868
1 0.0671875 0.08125 0.0375 0.06875 0.000137076
1 0.180469 0.139844 0.0390625 0.0453125 0.000137659
1 0.132812 0.978125 0.04375 0.04375 0.000138409
0 0.571875 0.725 0.034375 0.025 0.00014
3 0.871094 0.928906 0.0359375 0.0546875 0.000141315
2 0.1375 0.530469 0.075 0.0765625 0.000143251
1 0.183594 0.258594 0.0234375 0.0140625 0.000149079
3 0.84375 0.422656 0.025 0.0296875 0.000150817
1 0.176563 0.321875 0.034375 0.025 0.000156593
1 0.507031 0.00625 0.0953125 0.0125 0.000157366
2 0.853125 0.115625 0.0375 0.0625 0.000157892
1 0.183594 0.236719 0.0234375 0.0140625 0.000159338
3 0.0210938 0.688281 0.0421875 0.0703125 0.000161332
3 0.138281 0.529688 0.0828125 0.05 0.000164157
3 0.849219 0.427344 0.0515625 0.0390625 0.000174115
3 0.850781 0.308594 0.0546875 0.0390625 0.000174335
1 0.585156 0.00625 0.0890625 0.0125 0.000175104
3 0.488281 0.713281 0.0484375 0.0328125 0.00017718
1 0.184375 0.159375 0.034375 0.015625 0.000181875
1 0.284375 0.0195312 0.05625 0.0203125 0.000192384
1 0.132812 0.355469 0.046875 0.0546875 0.000192466
1 0.871875 0.00703125 0.04375 0.0140625 0.000192747
3 0.866406 0.935938 0.0859375 0.0875 0.000192877
1 0.669531 0.0015625 0.0328125 0.003125 0.000192996
0 0.608594 0.950781 0.0328125 0.0265625 0.000194583
1 0.696094 0.003125 0.0265625 0.00625 0.000196311
2 0.0226563 0.688281 0.0453125 0.0859375 0.000196822
3 0.849219 0.426562 0.0265625 0.059375 0.000198489
1 0.065625 0.971094 0.05 0.0109375 0.000205675
1 0.132031 0.31875 0.0484375 0.05625 0.000206584
3 0.851562 0.307031 0.028125 0.0578125 0.000207187
0 0.599219 0.89375 0.0328125 0.025 0.000216717
1 0.3 0.0140625 0.103125 0.028125 0.000222389
0 0.60625 0.832031 0.0625 0.0390625 0.000224612
1 0.410156 0.00234375 0.0234375 0.0046875 0.000225664
0 0.60625 0.830469 0.034375 0.0578125 0.000251381
1 0.596094 0.0015625 0.0328125 0.003125 0.00026196
1 0.426562 0.00234375 0.025 0.0046875 0.000270034
1 0.634375 0.0015625 0.034375 0.003125 0.000270162
2 0.133594 0.600781 0.0703125 0.0703125 0.000292809
1 0.559375 0.00078125 0.034375 0.0015625 0.000294168
1 0.610156 0.989844 0.0328125 0.0203125 0.000299692
3 0.847656 0.967188 0.0484375 0.034375 0.000301612
1 0.520312 0.00078125 0.034375 0.0015625 0.00030388
0 0.610156 0.989062 0.0328125 0.021875 0.000309372
1 0.926562 0.103125 0.034375 0.0625 0.000317108
1 0.8375 0.00625 0.040625 0.0125 0.00034607
0 0.604688 0.911719 0.034375 0.0265625 0.000354159
1 0.484375 0.00078125 0.034375 0.0015625 0.000366598
0 0.601562 0.844531 0.05 0.0390625 0.000376064
3 0.840625 0.942969 0.028125 0.0203125 0.000381777
0 0.607031 0.932031 0.0328125 0.0265625 0.000391653
1 0.675 0.00234375 0.025 0.0046875 0.000395613
1 0.447656 0.00234375 0.0265625 0.0046875 0.000416919
0 0.56875 0.741406 0.0625 0.0453125 0.000430676
3 0.872656 0.289844 0.0734375 0.0953125 0.000437484
2 0.139062 0.922656 0.109375 0.107813 0.000451394
0 0.586719 0.816406 0.0296875 0.0390625 0.000521173
1 0.467969 0.00234375 0.0265625 0.0046875 0.000560855
3 0.845312 0.940625 0.025 0.04375 0.000566094
1 0.847656 0.0125 0.0796875 0.025 0.000594579
3 0.842969 0.953125 0.0703125 0.06875 0.000615016
1 0.619531 0.00234375 0.0265625 0.0046875 0.000653829
1 0.65625 0.00234375 0.025 0.0046875 0.000675113
0 0.607813 0.902344 0.040625 0.0328125 0.000730112
3 0.845312 0.941406 0.046875 0.0296875 0.000749125
1 0.50625 0.00234375 0.025 0.0046875 0.000766438
1 0.563281 0.00234375 0.0265625 0.0046875 0.000784471
1 0.525 0.00234375 0.025 0.0046875 0.000805112
3 0.395312 0.717969 0.040625 0.0421875 0.000813921
0 0.600781 0.872656 0.0328125 0.0265625 0.000828025
1 0.640625 0.003125 0.028125 0.00625 0.00083931
0 0.592969 0.792969 0.0296875 0.0234375 0.000847752
1 0.544531 0.00234375 0.0265625 0.0046875 0.000936089
1 0.600781 0.00234375 0.0265625 0.0046875 0.000975065
1 0.583594 0.00234375 0.0265625 0.0046875 0.00101785
1 0.486719 0.00234375 0.0265625 0.0046875 0.00106556
3 0.423438 0.694531 0.040625 0.0234375 0.00189171
0 0.603906 0.864062 0.0390625 0.028125 0.00214137
0 0.598437 0.854688 0.03125 0.025 0.00252528
0 0.594531 0.817187 0.0328125 0.028125 0.00319076
0 0.596875 0.8375 0.03125 0.028125 0.00377221
0 0.582812 0.757812 0.0375 0.028125 0.00450253
0 0.588281 0.780469 0.0328125 0.0234375 0.0133529
1 0.608594 0.996094 0.0265625 0.0078125 0.070842
3 0.417969 0.704687 0.0328125 0.03125 0.283802
0 0.585938 0.76875 0.034375 0.025 0.725494
3 0.394531 0.722656 0.0234375 0.0234375 0.82075
2 0.417969 0.705469 0.0328125 0.0328125 0.885679
