3 0.875781 0.371875 0.0921875 0.109375 0.00010323
1 0.872656 0.0210938 0.0515625 0.0109375 0.000104079
1 0.939844 0.0195312 0.107813 0.0390625 0.00010472
1 0.836719 0.0203125 0.0484375 0.009375 0.000104801
1 0.175781 0.328906 0.0390625 0.0296875 0.000106709
1 0.9125 0.0078125 0.04375 0.015625 0.000106775
1 0.527344 0.895312 0.0546875 0.034375 0.000107617
3 0.852344 0.116406 0.0640625 0.0421875 0.000108689
1 0.184375 0.275 0.028125 0.015625 0.000108803
1 0.945312 0.0203125 0.05625 0.021875 0.00011145
1 0.284375 0.0195312 0.05625 0.0203125 0.000118973
1 0.132812 0.971094 0.05 0.0578125 0.000121166
1 0.183594 0.238281 0.0265625 0.0140625 0.000130225
0 0.559375 0.859375 0.034375 0.03125 0.000131887
1 0.705469 0.00234375 0.0328125 0.0046875 0.000136022
1 0.763281 0.003125 0.0328125 0.00625 0.000144315
3 0.824219 0.117188 0.0328125 0.034375 0.00014741
1 0.910937 0.984375 0.053125 0.03125 0.000147431
1 0.128906 0.314063 0.0484375 0.0625 0.000152661
3 0.844531 0.115625 0.0359375 0.034375 0.000155949
1 0.58125 0.00625 0.090625 0.0125 0.000156644
1 0.184375 0.25625 0.025 0.015625 0.000160401
2 0.851562 0.116406 0.0375 0.0609375 0.000163641
1 0.445312 0.0015625 0.034375 0.003125 0.000170567
1 0.899219 0.0171875 0.104687 0.034375 0.000171409
0 0.611719 0.965625 0.0484375 0.034375 0.000174156
1 0.403906 0.0015625 0.0359375 0.003125 0.000180772
3 0.871875 0.217969 0.090625 0.107813 0.000181355
1 0.184375 0.178906 0.03125 0.0140625 0.000182105
1 0.508594 0.00625 0.0921875 0.0125 0.000188141
3 0.873438 0.290625 0.0875 0.10625 0.000190751
0 0.603125 0.952344 0.034375 0.0265625 0.000193455
1 0.3 0.0140625 0.103125 0.028125 0.000198872
1 0.929688 0.103125 0.03125 0.0625 0.000200896
1 0.55625 0.0015625 0.034375 0.003125 0.000209024
1 0.408594 0.00234375 0.0234375 0.0046875 0.000233344
1 0.873438 0.00625 0.040625 0.0125 0.000234909
0 0.596875 0.933594 0.034375 0.0265625 0.000237495
1 0.183594 0.161719 0.0328125 0.0140625 0.000238642
2 0.0203125 0.723437 0.040625 0.10625 0.000248664
1 0.669531 0.0015625 0.0328125 0.003125 0.00025877
3 0.544531 0.817187 0.0328125 0.01875 0.000297342
1 0.51875 0.0015625 0.034375 0.003125 0.000304269
1 0.69375 0.003125 0.025 0.00625 0.000310036
1 0.596875 0.00078125 0.034375 0.0015625 0.000314244
1 0.835938 0.00625 0.0375 0.0125 0.000317225
1 0.428906 0.00234375 0.0265625 0.0046875 0.000373053
0 0.59375 0.898438 0.05 0.028125 0.000384256
1 0.484375 0.00078125 0.034375 0.0015625 0.000386421
1 0.85 0.0125 0.08125 0.025 0.000487407
1 0.447656 0.00234375 0.0265625 0.0046875 0.000560109
1 0.465625 0.00234375 0.025 0.0046875 0.000724125
2 0.0171875 0.677344 0.034375 0.0859375 0.000765314
1 0.582812 0.00234375 0.025 0.0046875 0.000825801
1 0.544531 0.00234375 0.0265625 0.0046875 0.000829624
1 0.620313 0.00234375 0.028125 0.0046875 0.000925198
1 0.639844 0.00234375 0.0265625 0.0046875 0.0010019
1 0.561719 0.00234375 0.0265625 0.0046875 0.00103083
1 0.504687 0.00234375 0.025 0.0046875 0.00105373
1 0.675 0.00234375 0.025 0.0046875 0.00105385
1 0.600781 0.00234375 0.0265625 0.0046875 0.0010759
1 0.522656 0.00234375 0.0265625 0.0046875 0.00121276
1 0.659375 0.00234375 0.025 0.0046875 0.00137323
1 0.4875 0.00234375 0.025 0.0046875 0.00148504
0 0.611719 0.9875 0.0328125 0.021875 0.00370542
1 0.614062 0.99375 0.03125 0.0125 0.0150236
0 0.613281 0.99375 0.0296875 0.0125 0.0170867
3 0.554688 0.85 0.034375 0.03125 0.36607
3 0.540625 0.825781 0.028125 0.0171875 0.74804
2 0.554688 0.850781 0.03125 0.0296875 0.874077
