0 0.585156 0.896094 0.0390625 0.0265625 0.000100116
1 0.835156 0.0203125 0.0359375 0.01875 0.000100879
1 0.176563 0.324219 0.040625 0.0296875 0.000100905
3 0.851562 0.426562 0.028125 0.059375 0.000101566
1 0.132031 0.353906 0.0484375 0.0609375 0.00010297
1 0.388281 0.0015625 0.0234375 0.003125 0.000103447
3 0.873438 0.29375 0.09375 0.109375 0.000104694
1 0.835938 0.0203125 0.05 0.009375 0.000105064
3 0.857031 0.0992187 0.104687 0.104687 0.000106126
1 0.913281 0.983594 0.0546875 0.0328125 0.000106528
1 0.260938 0.00859375 0.053125 0.0171875 0.000106993
0 0.507031 0.678125 0.0953125 0.09375 0.000112008
1 0.945312 0.0203125 0.05625 0.021875 0.000112198
1 0.184375 0.276563 0.028125 0.015625 0.000113165
2 0.853125 0.117188 0.0375 0.065625 0.000116309
1 0.184375 0.216406 0.028125 0.0140625 0.00011635
1 0.175 0.289062 0.046875 0.034375 0.000128289
1 0.70625 0.0015625 0.034375 0.003125 0.000133127
1 0.130469 0.315625 0.0484375 0.0625 0.000134943
1 0.183594 0.25625 0.0265625 0.015625 0.00013514
1 0.133594 0.971875 0.0484375 0.05625 0.000136426
0 0.58125 0.857031 0.028125 0.0421875 0.000139116
1 0.7625 0.003125 0.034375 0.00625 0.000139404
0 0.582031 0.860937 0.0515625 0.028125 0.000144112
1 0.403125 0.0015625 0.034375 0.003125 0.000150563
1 0.178906 0.140625 0.0390625 0.0375 0.00015269
2 0.140625 0.914062 0.109375 0.1125 0.000154086
1 0.897656 0.0171875 0.104687 0.034375 0.000154832
0 0.588281 0.914062 0.0390625 0.025 0.000157483
3 0.875 0.214844 0.090625 0.107813 0.000163583
0 0.415625 0.885156 0.078125 0.0734375 0.000173232
1 0.583594 0.00625 0.0890625 0.0125 0.000183226
1 0.185156 0.157813 0.0328125 0.015625 0.000183642
1 0.508594 0.00625 0.0921875 0.0125 0.000192955
1 0.300781 0.0140625 0.104687 0.028125 0.000205822
1 0.928906 0.103125 0.0328125 0.0625 0.000212974
1 0.871875 0.00625 0.040625 0.0125 0.000215494
0 0.597656 0.951563 0.0359375 0.025 0.000216392
1 0.285156 0.0203125 0.0546875 0.01875 0.000219789
2 0.0203125 0.722656 0.040625 0.107813 0.000230917
0 0.600781 0.984375 0.0390625 0.025 0.000236849
1 0.632812 0.0015625 0.034375 0.003125 0.000244211
1 0.520312 0.0015625 0.034375 0.003125 0.000267225
0 0.59375 0.990625 0.034375 0.01875 0.00027206
1 0.426562 0.0015625 0.025 0.003125 0.000276111
1 0.408594 0.0015625 0.0234375 0.003125 0.000305937
1 0.557031 0.00078125 0.0359375 0.0015625 0.000309456
1 0.483594 0.00078125 0.0359375 0.0015625 0.000319884
1 0.836719 0.00625 0.0390625 0.0125 0.000341788
0 0.592969 0.932813 0.0359375 0.025 0.000375919
1 0.598437 0.0015625 0.034375 0.003125 0.000385453
1 0.448438 0.0015625 0.025 0.003125 0.000421719
1 0.695312 0.003125 0.025 0.00625 0.00054371
1 0.848437 0.0117188 0.078125 0.0234375 0.000631376
1 0.659375 0.00234375 0.025 0.0046875 0.000727825
2 0.55 0.801562 0.0375 0.021875 0.000737068
2 0.0171875 0.676562 0.034375 0.0875 0.000763314
1 0.675781 0.00234375 0.0265625 0.0046875 0.000821907
1 0.582812 0.00234375 0.025 0.0046875 0.000824244
1 0.485938 0.00234375 0.025 0.0046875 0.0008664
1 0.467969 0.00234375 0.0234375 0.0046875 0.000868183
1 0.638281 0.00234375 0.0265625 0.0046875 0.000944723
1 0.617188 0.00234375 0.025 0.0046875 0.000980854
1 0.505469 0.00234375 0.0265625 0.0046875 0.00100527
1 0.561719 0.00234375 0.0265625 0.0046875 0.00113097
1 0.542969 0.00234375 0.0265625 0.0046875 0.00128277
1 0.525781 0.00234375 0.0265625 0.0046875 0.00162136
1 0.602344 0.003125 0.0265625 0.00625 0.00193379
0 0.603906 0.992969 0.0328125 0.0140625 0.0965888
3 0.551562 0.810156 0.034375 0.0234375 0.373519
3 0.540625 0.777344 0.03125 0.0140625 0.778151
2 0.552344 0.810938 0.0359375 0.021875 0.887053
