0 0.483594 0.485938 0.0359375 0.065625 0.000101519
0 0.588281 0.582812 0.0296875 0.025 0.000102055
2 0.132812 0.319531 0.065625 0.0359375 0.0001021
3 0.332812 0.15 0.040625 0.05 0.000102681
0 0.447656 0.488281 0.0671875 0.0453125 0.000103854
3 0.138281 0.525781 0.0796875 0.0796875 0.000109927
0 0.553125 0.492188 0.0375 0.01875 0.000110668
3 0.855469 0.0945313 0.101562 0.0984375 0.000113595
1 0.764844 0.00390625 0.0328125 0.0078125 0.000115363
0 0.447656 0.4875 0.0328125 0.06875 0.000115477
2 0.151562 0.210156 0.096875 0.0859375 0.00011656
1 0.854688 0.0945313 0.1 0.0796875 0.000117218
3 0.3375 0.394531 0.046875 0.0640625 0.000119837
1 0.911719 0.985156 0.0546875 0.0296875 0.000122626
0 0.546094 0.476562 0.0359375 0.01875 0.00012283
1 0.388281 0.0015625 0.0203125 0.003125 0.000122886
1 0.0671875 0.08125 0.034375 0.06875 0.000123246
1 0.896094 0.0171875 0.101562 0.034375 0.000123425
1 0.713281 0.00234375 0.0328125 0.0046875 0.000124129
3 0.853906 0.117188 0.0359375 0.0625 0.000127299
0 0.567187 0.513281 0.0375 0.0265625 0.000129592
2 0.88125 0.117188 0.06875 0.046875 0.000130977
1 0.133594 0.972656 0.0484375 0.0546875 0.000131105
1 0.872656 0.0210938 0.0453125 0.0140625 0.000132443
1 0.177344 0.290625 0.0390625 0.03125 0.000135645
1 0.510938 0.00625 0.09375 0.0125 0.000136155
1 0.307813 0.0132813 0.103125 0.0265625 0.000138243
1 0.58125 0.00625 0.090625 0.0125 0.000143266
1 0.178125 0.141406 0.03125 0.0390625 0.000145461
2 0.889844 0.204688 0.0265625 0.028125 0.000150335
3 0.335938 0.397656 0.015625 0.0265625 0.000154856
3 0.847656 0.235156 0.0484375 0.0390625 0.000158251
1 0.695312 0.00234375 0.021875 0.0046875 0.000162075
3 0.453125 0.407031 0.0375 0.0328125 0.000163077
1 0.132031 0.279687 0.0453125 0.05625 0.000167172
3 0.848437 0.234375 0.025 0.05625 0.000171841
1 0.407031 0.0015625 0.0203125 0.003125 0.000174499
1 0.44375 0.00078125 0.034375 0.0015625 0.000175845
2 0.0203125 0.803906 0.040625 0.107813 0.000181513
1 0.872656 0.00703125 0.0421875 0.0140625 0.000183565
3 0.873438 0.148438 0.08125 0.103125 0.000184829
1 0.132031 0.319531 0.0453125 0.0515625 0.000197592
1 0.557813 0.0015625 0.034375 0.003125 0.000209236
2 0.882031 0.116406 0.0359375 0.0671875 0.000217889
1 0.482031 0.0015625 0.0328125 0.003125 0.000219325
1 0.930469 0.102344 0.0296875 0.0609375 0.000222496
1 0.284375 0.0203125 0.053125 0.01875 0.000222795
3 0.347656 0.440625 0.0609375 0.075 0.000231248
2 0.139844 0.91875 0.110937 0.1125 0.000234821
0 0.411719 0.492969 0.0640625 0.0421875 0.000235045
3 0.841406 0.235156 0.0265625 0.0296875 0.000243392
2 0.135937 0.602344 0.078125 0.0765625 0.000260782
1 0.838281 0.00625 0.0390625 0.0125 0.000263014
0 0.411719 0.491406 0.0328125 0.0609375 0.000268054
0 0.608594 0.783594 0.0328125 0.0265625 0.000283536
0 0.616406 0.950781 0.0328125 0.0265625 0.000290818
1 0.522656 0.00078125 0.0328125 0.0015625 0.000301342
0 0.613281 0.875781 0.0328125 0.0265625 0.000309558
1 0.592969 0.0015625 0.0328125 0.003125 0.000313813
2 0.885938 0.204688 0.046875 0.0375 0.000344339
0 0.607813 0.735937 0.059375 0.046875 0.000370741
0 0.588281 0.666406 0.0296875 0.0421875 0.000380935
0 0.604688 0.758594 0.034375 0.0265625 0.00039917
0 0.604688 0.639063 0.03125 0.046875 0.000400071
3 0.0164062 0.685156 0.0328125 0.0640625 0.000403297
1 0.429688 0.00234375 0.025 0.0046875 0.000412852
1 0.446875 0.00234375 0.025 0.0046875 0.000415109
2 0.0164062 0.739062 0.0328125 0.09375 0.0004255
0 0.619531 0.989062 0.0328125 0.021875 0.000444244
0 0.585938 0.5375 0.053125 0.05 0.000449981
2 0.0179687 0.685938 0.0359375 0.078125 0.000475745
0 0.601562 0.721094 0.034375 0.0265625 0.000476895
2 0.885156 0.203906 0.0265625 0.0546875 0.000480789
0 0.602344 0.698438 0.0640625 0.0625 0.000480926
3 0.367188 0.396094 0.040625 0.0453125 0.000486083
1 0.846875 0.0125 0.078125 0.025 0.000501954
1 0.673437 0.00234375 0.021875 0.0046875 0.000508714
0 0.6125 0.860156 0.03125 0.0390625 0.000516239
1 0.465625 0.0015625 0.025 0.003125 0.000544032
0 0.607031 0.749219 0.0421875 0.0328125 0.000554465
0 0.566406 0.525781 0.0640625 0.0609375 0.000560854
0 0.605469 0.711719 0.0453125 0.0328125 0.000590818
0 0.599219 0.701563 0.0328125 0.025 0.000628695
0 0.614844 0.93125 0.0328125 0.025 0.000633361
3 0.882031 0.20625 0.0703125 0.090625 0.000647927
1 0.61875 0.00234375 0.025 0.0046875 0.000650004
0 0.603125 0.739062 0.034375 0.025 0.000658895
2 0.884375 0.189063 0.034375 0.05625 0.000679167
0 0.614844 0.897656 0.0546875 0.0546875 0.000732368
0 0.592188 0.625 0.03125 0.025 0.000746576
0 0.615625 0.871875 0.05 0.046875 0.000757414
1 0.639063 0.00234375 0.025 0.0046875 0.000774635
1 0.505469 0.0015625 0.0234375 0.003125 0.000775468
1 0.4875 0.0015625 0.025 0.003125 0.000785141
1 0.658594 0.00234375 0.0234375 0.0046875 0.000811298
3 0.402344 0.415625 0.0421875 0.03125 0.000876483
3 0.386719 0.392188 0.0296875 0.025 0.000897589
1 0.600781 0.00234375 0.0234375 0.0046875 0.000932893
1 0.525 0.00234375 0.025 0.0046875 0.000962392
0 0.610937 0.834375 0.03125 0.025 0.000971598
1 0.5625 0.00234375 0.025 0.0046875 0.00109894
0 0.601562 0.672656 0.04375 0.0296875 0.00122384
1 0.545313 0.00234375 0.025 0.0046875 0.00129561
1 0.58125 0.00234375 0.025 0.0046875 0.00130327
0 0.596875 0.680469 0.03125 0.0234375 0.00170922
0 0.592188 0.635938 0.0375 0.034375 0.00183114
0 0.588281 0.600781 0.0453125 0.0359375 0.00227203
0 0.609375 0.815625 0.028125 0.034375 0.00317318
0 0.594531 0.6625 0.0296875 0.025 0.00336188
0 0.59375 0.648438 0.040625 0.03125 0.00366902
0 0.609375 0.794531 0.034375 0.0265625 0.00400473
0 0.613281 0.903125 0.0328125 0.028125 0.00428235
0 0.582812 0.571875 0.034375 0.025 0.00673274
0 0.577344 0.54375 0.0390625 0.028125 0.00724088
0 0.611719 0.807813 0.0421875 0.03125 0.0107612
2 0.360938 0.404687 0.021875 0.034375 0.0214979
1 0.619531 0.996094 0.0296875 0.0078125 0.0980915
3 0.375 0.399219 0.028125 0.0296875 0.328387
0 0.579687 0.554688 0.034375 0.025 0.726833
3 0.346094 0.399219 0.0140625 0.0296875 0.732705
2 0.376563 0.400781 0.025 0.0296875 0.906839
