2 0.879687 0.300781 0.034375 0.0734375 0.000100277
1 0.911719 0.984375 0.0546875 0.03125 0.000100312
0 0.486719 0.75625 0.0328125 0.065625 0.000100669
1 0.184375 0.274219 0.021875 0.0140625 0.000103237
1 0.835938 0.0203125 0.053125 0.009375 0.000103799
3 0.851562 0.264844 0.03125 0.0609375 0.000103884
3 0.845312 0.969531 0.03125 0.0546875 0.000104431
2 0.853125 0.116406 0.0375 0.0640625 0.000108009
1 0.183594 0.257031 0.0234375 0.0140625 0.000108632
1 0.132031 0.98125 0.0546875 0.034375 0.000109108
1 0.402344 0.0015625 0.0359375 0.003125 0.000109426
1 0.130469 0.240625 0.0484375 0.059375 0.000109917
3 0.0265625 0.685938 0.053125 0.090625 0.000110257
1 0.894531 0.0179687 0.107813 0.0359375 0.000110317
1 0.834375 0.00859375 0.028125 0.0171875 0.000111392
2 0.879687 0.114844 0.0375 0.0703125 0.000111543
1 0.101562 0.95 0.05 0.0125 0.000113077
1 0.835156 0.0203125 0.0359375 0.01875 0.000113255
3 0.877344 0.928125 0.0359375 0.059375 0.000113547
3 0.564062 0.128125 0.034375 0.021875 0.00011365
1 0.183594 0.199219 0.0296875 0.0140625 0.00011417
1 0.93125 0.104687 0.065625 0.040625 0.000117318
3 0.846094 0.954687 0.0859375 0.084375 0.000118706
0 0.563281 0.108594 0.0515625 0.0453125 0.000120058
0 0.423438 0.8875 0.0875 0.0875 0.000120365
2 0.885938 0.113281 0.0375 0.0328125 0.000120783
3 0.876562 0.930469 0.090625 0.0953125 0.000122181
1 0.175781 0.288281 0.0421875 0.0296875 0.000123489
1 0.6375 0.0015625 0.03125 0.003125 0.000123691
3 0.846875 0.938281 0.03125 0.0609375 0.000124049
3 0.139844 0.529688 0.0859375 0.053125 0.000125887
2 0.132812 0.35625 0.04375 0.059375 0.000126974
2 0.139062 0.530469 0.078125 0.0828125 0.000126981
3 0.847656 0.939844 0.0578125 0.0390625 0.000127339
1 0.582031 0.00703125 0.0953125 0.0140625 0.00012865
1 0.213281 0.16875 0.0484375 0.03125 0.00012905
3 0.885938 0.972656 0.040625 0.0265625 0.000130129
2 0.8875 0.125781 0.0375 0.0328125 0.000130148
1 0.504687 0.00703125 0.096875 0.0140625 0.000132397
1 0.065625 0.08125 0.0375 0.06875 0.000138048
2 0.132031 0.31875 0.0671875 0.034375 0.00014255
3 0.871875 0.220313 0.0875 0.10625 0.000146813
1 0.13125 0.28125 0.046875 0.05625 0.00015431
1 0.764063 0.00390625 0.034375 0.0078125 0.000155978
3 0.857031 0.096875 0.101562 0.1 0.000156409
1 0.065625 0.992188 0.040625 0.009375 0.000158779
2 0.134375 0.914062 0.090625 0.053125 0.000159369
1 0.132812 0.955469 0.059375 0.0515625 0.000160811
0 0.574219 0.750781 0.0390625 0.0265625 0.000168318
1 0.179688 0.135937 0.0375 0.040625 0.000175384
1 0.69375 0.003125 0.025 0.00625 0.00017832
3 0.838281 0.946875 0.0296875 0.028125 0.000183906
1 0.408594 0.0015625 0.0234375 0.003125 0.000184609
1 0.285156 0.0203125 0.0546875 0.01875 0.000199576
0 0.588281 0.861719 0.0484375 0.0328125 0.000209582
1 0.871094 0.00703125 0.0421875 0.0140625 0.000210882
3 0.132812 0.828125 0.071875 0.065625 0.000212268
1 0.301562 0.0140625 0.103125 0.028125 0.000221666
3 0.438281 0.713281 0.0265625 0.0453125 0.0002245
3 0.135156 0.6 0.0796875 0.046875 0.000236953
1 0.447656 0.00078125 0.0359375 0.0015625 0.00024081
0 0.607813 0.950781 0.034375 0.0265625 0.000250589
2 0.133594 0.6 0.0703125 0.071875 0.000256337
2 0.132812 0.828906 0.075 0.0765625 0.000259295
1 0.132031 0.31875 0.0453125 0.05 0.000259599
1 0.666406 0.0015625 0.0328125 0.003125 0.000263012
1 0.55625 0.0015625 0.034375 0.003125 0.000267619
2 0.132812 0.677344 0.075 0.0734375 0.000275053
1 0.596875 0.00078125 0.034375 0.0015625 0.000281063
1 0.0664062 0.969531 0.0453125 0.0109375 0.00028936
2 0.132812 0.752344 0.075 0.0734375 0.000294688
1 0.519531 0.0015625 0.0359375 0.003125 0.000314066
1 0.482031 0.00078125 0.0359375 0.0015625 0.000334768
1 0.835938 0.00625 0.040625 0.0125 0.000338415
3 0.355469 0.741406 0.0296875 0.0296875 0.000343304
1 0.928125 0.103125 0.034375 0.059375 0.000378776
3 0.872656 0.289062 0.0765625 0.096875 0.000380819
0 0.597656 0.844531 0.0484375 0.0359375 0.000421197
1 0.428906 0.00234375 0.0265625 0.0046875 0.000437186
0 0.603125 0.913281 0.034375 0.0265625 0.000442161
1 0.673437 0.00234375 0.025 0.0046875 0.000473211
1 0.447656 0.00234375 0.0265625 0.0046875 0.00050244
0 0.604688 0.930469 0.034375 0.0265625 0.000555193
0 0.423438 0.828125 0.084375 0.084375 0.000568953
2 0.139844 0.923437 0.107813 0.10625 0.000583344
1 0.846094 0.0125 0.0828125 0.025 0.000611076
0 0.599219 0.894531 0.0328125 0.0265625 0.000614839
0 0.60625 0.903906 0.04375 0.0328125 0.000642088
1 0.621094 0.00234375 0.0265625 0.0046875 0.000644505
0 0.592969 0.836719 0.0328125 0.0265625 0.000698844
0 0.576563 0.776563 0.05 0.0375 0.000715582
1 0.582031 0.00234375 0.0265625 0.0046875 0.000850184
1 0.561719 0.00234375 0.0265625 0.0046875 0.000923266
1 0.601562 0.00234375 0.025 0.0046875 0.000924738
1 0.525781 0.00234375 0.0265625 0.0046875 0.000966878
1 0.503906 0.00234375 0.0265625 0.0046875 0.000991643
1 0.485938 0.00234375 0.025 0.0046875 0.00108297
1 0.467969 0.00234375 0.0265625 0.0046875 0.00110652
1 0.544531 0.00234375 0.0265625 0.0046875 0.00115403
0 0.585156 0.791406 0.0296875 0.0328125 0.00115548
1 0.641406 0.003125 0.0265625 0.00625 0.00117964
0 0.582031 0.809375 0.0453125 0.028125 0.00120526
0 0.589063 0.817187 0.034375 0.028125 0.00126159
1 0.657031 0.003125 0.0265625 0.00625 0.00128598
0 0.596875 0.872656 0.03125 0.0265625 0.00131151
3 0.345313 0.735937 0.03125 0.040625 0.00144858
3 0.375781 0.721875 0.0328125 0.040625 0.00211398
2 0.392969 0.703125 0.0328125 0.03125 0.00217683
0 0.596094 0.857031 0.0296875 0.0265625 0.00241764
3 0.360156 0.71875 0.0203125 0.028125 0.00254996
0 0.572656 0.767969 0.0359375 0.0265625 0.00373613
0 0.607813 0.99375 0.028125 0.0125 0.00741443
1 0.608594 0.996094 0.0265625 0.0078125 0.0570454
3 0.380469 0.711719 0.0328125 0.0328125 0.277604
0 0.582031 0.774219 0.0359375 0.0234375 0.740023
3 0.355469 0.73125 0.0234375 0.025 0.798461
2 0.38125 0.7125 0.03125 0.03125 0.85206
