0 0.655469 0.557813 0.0640625 0.040625 0.000100769
1 0.130469 0.200781 0.0484375 0.0640625 0.000101682
1 0.894531 0.0171875 0.104687 0.034375 0.00010397
3 0.888281 0.979688 0.0453125 0.025 0.000104362
2 0.878125 0.214062 0.046875 0.0375 0.000107199
1 0.855469 0.0914062 0.104687 0.0828125 0.000108499
1 0.578125 0.00703125 0.09375 0.0140625 0.000109611
1 0.6875 0.495313 0.046875 0.021875 0.000109813
1 0.176563 0.324219 0.034375 0.0203125 0.000115707
1 0.184375 0.275 0.025 0.0125 0.000116612
1 0.835156 0.0203125 0.0359375 0.01875 0.000117612
0 0.660156 0.5875 0.0359375 0.028125 0.00011821
1 0.141406 0.985156 0.0453125 0.0234375 0.000119347
1 0.130469 0.280469 0.0484375 0.0609375 0.000121579
1 0.445312 0.0015625 0.034375 0.003125 0.000122702
3 0.295312 0.585938 0.01875 0.01875 0.000126404
1 0.835938 0.0203125 0.05 0.009375 0.000127772
1 0.132031 0.353125 0.0484375 0.059375 0.000132804
1 0.179688 0.140625 0.0375 0.040625 0.000133358
1 0.0664062 0.08125 0.0390625 0.06875 0.000137425
1 0.711719 0.00234375 0.0328125 0.0046875 0.000138701
1 0.285156 0.0195312 0.0546875 0.0203125 0.000145045
1 0.507812 0.00625 0.09375 0.0125 0.000148924
2 0.880469 0.188281 0.0359375 0.0703125 0.000149752
1 0.40625 0.0015625 0.021875 0.003125 0.000150096
1 0.133594 0.974219 0.0484375 0.0515625 0.000155729
3 0.878125 0.294531 0.0875 0.0984375 0.000159734
2 0.88125 0.116406 0.0375 0.0703125 0.000160324
2 0.876562 0.2125 0.025 0.05625 0.000161905
1 0.304688 0.0140625 0.103125 0.028125 0.000166469
3 0.701563 0.448438 0.03125 0.021875 0.000167228
0 0.653125 0.598437 0.059375 0.0375 0.000170387
0 0.655469 0.607031 0.0359375 0.0296875 0.000184658
2 0.0195312 0.728906 0.0390625 0.107813 0.000187488
1 0.633594 0.0015625 0.0328125 0.003125 0.00019208
1 0.184375 0.236719 0.025 0.0140625 0.000198307
2 0.142969 0.914062 0.107813 0.109375 0.000199236
0 0.619531 0.85625 0.0515625 0.05 0.000200929
1 0.517187 0.0015625 0.034375 0.003125 0.000208
1 0.872656 0.00703125 0.0421875 0.0140625 0.00021128
0 0.61875 0.875781 0.0625 0.0359375 0.000211876
1 0.130469 0.317187 0.0484375 0.05625 0.000216403
0 0.6125 0.950781 0.034375 0.0265625 0.000222929
1 0.428125 0.0015625 0.025 0.003125 0.000228204
1 0.557813 0.00078125 0.034375 0.0015625 0.000254837
0 0.627344 0.801562 0.0359375 0.034375 0.000269054
1 0.183594 0.257031 0.0234375 0.0140625 0.000273692
0 0.613281 0.932031 0.0328125 0.0265625 0.000274842
1 0.932031 0.103125 0.0328125 0.0625 0.000280163
1 0.694531 0.00234375 0.0234375 0.0046875 0.00028465
1 0.838281 0.00625 0.0390625 0.0125 0.000289145
0 0.628906 0.789062 0.0296875 0.025 0.000322444
1 0.595312 0.0015625 0.034375 0.003125 0.000323677
0 0.614844 0.910937 0.0328125 0.025 0.000332657
2 0.01875 0.680469 0.0375 0.0890625 0.000361479
1 0.448438 0.00234375 0.025 0.0046875 0.000380886
1 0.484375 0.00078125 0.034375 0.0015625 0.00039609
0 0.635156 0.721875 0.0328125 0.028125 0.000424852
0 0.6375 0.703125 0.034375 0.028125 0.000436007
3 0.871094 0.142969 0.0828125 0.0984375 0.000440833
0 0.648438 0.661719 0.03125 0.0265625 0.000477783
1 0.846094 0.0125 0.0796875 0.025 0.000478723
0 0.621094 0.836719 0.0328125 0.0265625 0.000529632
0 0.616406 0.873438 0.0328125 0.025 0.000530685
1 0.675781 0.00234375 0.0234375 0.0046875 0.000545364
1 0.467187 0.00234375 0.025 0.0046875 0.000580258
0 0.653125 0.624219 0.034375 0.0265625 0.000603309
1 0.658594 0.00234375 0.0234375 0.0046875 0.000625102
0 0.647656 0.636719 0.0515625 0.0328125 0.000638401
1 0.61875 0.00234375 0.025 0.0046875 0.000644735
0 0.642187 0.671875 0.053125 0.034375 0.000648012
1 0.639063 0.00234375 0.025 0.0046875 0.000720353
1 0.58125 0.00234375 0.025 0.0046875 0.00075939
1 0.609375 0.989844 0.034375 0.0171875 0.000774234
0 0.639063 0.683594 0.034375 0.0265625 0.000840611
1 0.504687 0.00234375 0.025 0.0046875 0.000859961
0 0.649219 0.647656 0.0359375 0.0265625 0.000885447
1 0.523438 0.00234375 0.025 0.0046875 0.000894907
0 0.621875 0.822656 0.04375 0.0296875 0.000904773
0 0.614844 0.894531 0.0359375 0.0296875 0.000924546
1 0.546875 0.00234375 0.025 0.0046875 0.000928674
1 0.561719 0.00234375 0.0265625 0.0046875 0.0010343
1 0.603125 0.00234375 0.025 0.0046875 0.00104973
3 0.875 0.209375 0.071875 0.0875 0.00117421
0 0.617969 0.857813 0.0359375 0.03125 0.00125107
1 0.485938 0.00234375 0.025 0.0046875 0.00142658
0 0.627344 0.78125 0.0328125 0.021875 0.00820582
0 0.630469 0.757031 0.0328125 0.0265625 0.0766898
1 0.609375 0.996094 0.028125 0.0078125 0.194
3 0.697656 0.477344 0.0328125 0.0265625 0.452596
0 0.629687 0.767187 0.03125 0.025 0.730981
3 0.709375 0.446094 0.028125 0.0140625 0.78298
2 0.698438 0.478125 0.034375 0.025 0.901343
