1 0.911719 0.0078125 0.0421875 0.015625 0.000102417
0 0.889844 0.915625 0.0453125 0.053125 0.000104285
1 0.400781 0.0015625 0.0359375 0.003125 0.000114643
1 0.175781 0.322656 0.0359375 0.0203125 0.000115
1 0.184375 0.217969 0.028125 0.0140625 0.000118617
3 0.302344 0.766406 0.0171875 0.0171875 0.000121023
1 0.764063 0.003125 0.034375 0.00625 0.000121166
3 0.875781 0.2875 0.0890625 0.10625 0.000121685
2 0.0671875 0.0804688 0.0375 0.0671875 0.000127851
3 0.857031 0.0960938 0.101562 0.101562 0.000133193
1 0.183594 0.275781 0.0265625 0.0140625 0.000136411
1 0.710156 0.00234375 0.0328125 0.0046875 0.000139089
1 0.132031 0.351562 0.0484375 0.059375 0.000139325
1 0.507031 0.00625 0.0953125 0.0125 0.000139566
1 0.896094 0.0171875 0.104687 0.034375 0.000140057
1 0.133594 0.972656 0.0484375 0.0546875 0.000146873
1 0.184375 0.236719 0.025 0.0140625 0.000150968
3 0.392969 0.785937 0.0203125 0.015625 0.000158564
0 0.626562 0.765625 0.0375 0.028125 0.000164124
1 0.183594 0.164062 0.0359375 0.015625 0.000166517
3 0.873438 0.214844 0.0875 0.104687 0.000175927
2 0.0203125 0.725781 0.040625 0.107813 0.000176144
1 0.584375 0.00546875 0.090625 0.0109375 0.000177698
1 0.914844 0.985937 0.0515625 0.028125 0.000186818
1 0.184375 0.257031 0.025 0.0140625 0.000186869
1 0.444531 0.0015625 0.0359375 0.003125 0.000191584
1 0.695312 0.00234375 0.025 0.0046875 0.000193231
3 0.775781 0.792969 0.0265625 0.0453125 0.000195351
1 0.130469 0.316406 0.0484375 0.0578125 0.000203815
1 0.409375 0.0015625 0.025 0.003125 0.00020493
0 0.614062 0.949219 0.0375 0.0328125 0.000206884
1 0.928906 0.102344 0.0328125 0.0640625 0.000207009
2 0.141406 0.917969 0.107813 0.107813 0.000212916
1 0.285156 0.0195312 0.0546875 0.0203125 0.000213012
0 0.610937 0.989062 0.034375 0.021875 0.000214496
1 0.873438 0.00703125 0.040625 0.0140625 0.000220384
3 0.765625 0.789844 0.0375 0.0296875 0.000221114
1 0.299219 0.0140625 0.101562 0.028125 0.000226739
0 0.628906 0.779688 0.0328125 0.028125 0.000227019
1 0.667188 0.0015625 0.034375 0.003125 0.000228648
1 0.596875 0.00078125 0.034375 0.0015625 0.000270578
1 0.428125 0.00234375 0.025 0.0046875 0.000283484
1 0.6375 0.0015625 0.034375 0.003125 0.000293259
1 0.521875 0.00078125 0.034375 0.0015625 0.000296532
1 0.836719 0.00625 0.0390625 0.0125 0.000304961
1 0.482031 0.00078125 0.0359375 0.0015625 0.00034755
1 0.558594 0.00078125 0.0359375 0.0015625 0.000357066
2 0.0179687 0.678125 0.0359375 0.090625 0.000376558
0 0.613281 0.911719 0.0328125 0.0265625 0.000415449
0 0.620313 0.827344 0.046875 0.0421875 0.000469463
0 0.613281 0.93125 0.0328125 0.025 0.000480996
1 0.447656 0.00234375 0.0265625 0.0046875 0.000488903
1 0.674219 0.00234375 0.0234375 0.0046875 0.000490708
1 0.467187 0.00234375 0.025 0.0046875 0.000508761
1 0.846875 0.0125 0.078125 0.025 0.000565529
0 0.6125 0.796094 0.059375 0.0609375 0.000615319
1 0.505469 0.00234375 0.0265625 0.0046875 0.000625584
1 0.621094 0.00234375 0.0265625 0.0046875 0.0006877
1 0.58125 0.00234375 0.025 0.0046875 0.000750208
1 0.525 0.00234375 0.025 0.0046875 0.000813663
1 0.485938 0.00234375 0.025 0.0046875 0.000826141
0 0.616406 0.873438 0.0328125 0.028125 0.000834155
0 0.624219 0.788281 0.0359375 0.0296875 0.000865063
1 0.601562 0.00234375 0.025 0.0046875 0.000929177
0 0.619531 0.829687 0.0265625 0.034375 0.000958515
1 0.65625 0.00234375 0.025 0.0046875 0.00100538
1 0.546094 0.00234375 0.0265625 0.0046875 0.00103016
1 0.561719 0.00234375 0.0265625 0.0046875 0.00108061
0 0.625781 0.803906 0.0359375 0.0234375 0.00121213
1 0.639844 0.00234375 0.0265625 0.0046875 0.00129609
0 0.614062 0.895312 0.028125 0.040625 0.00133887
1 0.609375 0.992188 0.034375 0.015625 0.00165126
0 0.61875 0.853125 0.0375 0.025 0.00324799
3 0.746094 0.767187 0.0359375 0.021875 0.00462585
1 0.610156 0.996094 0.0296875 0.0078125 0.0399844
3 0.755469 0.769531 0.0328125 0.0328125 0.0416187
3 0.745313 0.755469 0.0375 0.0359375 0.419045
0 0.621094 0.811719 0.0328125 0.0265625 0.714822
3 0.764063 0.778125 0.025 0.025 0.808355
2 0.74375 0.755469 0.034375 0.0359375 0.878652
