1 0.944531 0.0203125 0.0578125 0.021875 0.000103107
1 0.213281 0.171875 0.0484375 0.03125 0.000107947
1 0.213281 0.207813 0.0515625 0.025 0.000108039
1 0.130469 0.278125 0.0484375 0.065625 0.000109208
0 0.610937 0.989062 0.034375 0.021875 0.000109714
2 0.880469 0.264844 0.0359375 0.0734375 0.000110807
3 0.850781 0.303906 0.0296875 0.0609375 0.000114524
1 0.183594 0.160156 0.0328125 0.0140625 0.000116919
3 0.885938 0.417188 0.01875 0.021875 0.000119468
1 0.132031 0.353906 0.0484375 0.0609375 0.00012012
1 0.133594 0.972656 0.0484375 0.0546875 0.000128582
2 0.852344 0.114844 0.0359375 0.0640625 0.000130121
2 0.889844 0.1125 0.0328125 0.03125 0.00013026
1 0.0664062 0.0804688 0.0359375 0.0671875 0.00013217
0 0.624219 0.763281 0.0359375 0.0328125 0.000132704
1 0.835938 0.0203125 0.034375 0.01875 0.000142073
3 0.857031 0.0976562 0.101562 0.101562 0.000142924
3 0.863281 0.234375 0.0765625 0.103125 0.000148245
1 0.913281 0.985156 0.0515625 0.0296875 0.000148262
1 0.897656 0.0171875 0.104687 0.034375 0.000151841
1 0.183594 0.238281 0.0265625 0.0140625 0.00015434
2 0.141406 0.916406 0.107813 0.110937 0.000162713
1 0.835938 0.0203125 0.05 0.009375 0.000162828
1 0.285156 0.0203125 0.0578125 0.021875 0.000167602
1 0.184375 0.178125 0.03125 0.015625 0.000169731
1 0.178906 0.140625 0.0390625 0.040625 0.00017295
1 0.407031 0.0015625 0.0234375 0.003125 0.000175827
1 0.511719 0.00546875 0.0921875 0.0109375 0.000177232
2 0.0203125 0.725781 0.040625 0.107813 0.000181732
3 0.885156 0.40625 0.0421875 0.0375 0.000182597
1 0.130469 0.316406 0.0484375 0.0609375 0.00019091
1 0.583594 0.00546875 0.0890625 0.0109375 0.000209878
0 0.666406 0.791406 0.0515625 0.0328125 0.000217187
1 0.671875 0.0015625 0.034375 0.003125 0.000217563
1 0.708594 0.00234375 0.0328125 0.0046875 0.000222453
2 0.884375 0.405469 0.021875 0.0546875 0.000226611
1 0.428125 0.00234375 0.025 0.0046875 0.00023523
1 0.872656 0.00703125 0.0421875 0.0140625 0.000238508
1 0.301562 0.0140625 0.103125 0.028125 0.00024396
1 0.930469 0.103125 0.0328125 0.0625 0.000245039
1 0.632812 0.00078125 0.034375 0.0015625 0.000269567
0 0.6125 0.947656 0.0375 0.0328125 0.000284248
1 0.523438 0.00078125 0.034375 0.0015625 0.000310152
1 0.482812 0.00078125 0.034375 0.0015625 0.000324969
1 0.595312 0.0015625 0.034375 0.003125 0.00034637
3 0.875781 0.286719 0.0796875 0.0984375 0.000348057
1 0.447656 0.00234375 0.0265625 0.0046875 0.000361458
1 0.836719 0.00625 0.0390625 0.0125 0.000379004
1 0.69375 0.00234375 0.025 0.0046875 0.000411635
2 0.0179687 0.678125 0.0359375 0.090625 0.000432621
1 0.557813 0.00078125 0.034375 0.0015625 0.000457985
1 0.657812 0.00234375 0.025 0.0046875 0.000465326
0 0.610937 0.93125 0.034375 0.025 0.000470219
3 0.75 0.774219 0.03125 0.0234375 0.000494718
1 0.485938 0.00234375 0.025 0.0046875 0.000581532
1 0.848437 0.0117188 0.078125 0.0234375 0.000635291
1 0.579687 0.00234375 0.025 0.0046875 0.00072993
1 0.50625 0.00234375 0.025 0.0046875 0.000736773
1 0.467187 0.00234375 0.025 0.0046875 0.000737039
0 0.6125 0.913281 0.03125 0.0265625 0.000813709
0 0.620313 0.786719 0.034375 0.0296875 0.000847453
1 0.6375 0.00234375 0.025 0.0046875 0.000897462
1 0.678125 0.003125 0.025 0.00625 0.000899509
1 0.620313 0.00234375 0.025 0.0046875 0.000899543
0 0.614062 0.875 0.03125 0.028125 0.000952554
1 0.603125 0.00234375 0.025 0.0046875 0.00106887
1 0.525781 0.00234375 0.0265625 0.0046875 0.00111403
1 0.544531 0.00234375 0.0265625 0.0046875 0.00122548
0 0.6125 0.899219 0.034375 0.0328125 0.00149606
1 0.561719 0.00234375 0.0265625 0.0046875 0.00154719
0 0.614844 0.857031 0.0328125 0.0265625 0.00197139
0 0.615625 0.832031 0.025 0.0296875 0.00337185
1 0.609375 0.992188 0.0375 0.0125 0.00449582
0 0.617188 0.842969 0.034375 0.0265625 0.00533253
0 0.611719 0.801562 0.0453125 0.046875 0.00561888
0 0.616406 0.823438 0.0328125 0.025 0.0169125
1 0.610156 0.996094 0.0296875 0.0078125 0.0357432
3 0.732813 0.759375 0.034375 0.034375 0.304219
3 0.723437 0.749219 0.034375 0.0359375 0.428234
0 0.617188 0.813281 0.03125 0.0234375 0.674397
3 0.741406 0.770312 0.0234375 0.025 0.786677
2 0.723437 0.749219 0.034375 0.0359375 0.841058
