3 0.844531 0.471875 0.0265625 0.059375 0.000100899
1 0.130469 0.279687 0.0484375 0.065625 0.00010176
1 0.871875 0.0203125 0.034375 0.021875 0.000103815
1 0.913281 0.983594 0.0546875 0.0328125 0.000104747
1 0.673437 0.0015625 0.03125 0.003125 0.000105764
2 0.065625 0.0804688 0.0375 0.0671875 0.000108445
3 0.861719 0.164844 0.0671875 0.0953125 0.000108656
1 0.834375 0.00859375 0.028125 0.0171875 0.000108694
1 0.132812 0.971094 0.05 0.0578125 0.000115125
1 0.184375 0.275781 0.028125 0.0140625 0.000117433
1 0.180469 0.140625 0.0390625 0.04375 0.000117649
3 0.85625 0.0984375 0.103125 0.103125 0.00011908
1 0.836719 0.0203125 0.0359375 0.01875 0.000119287
1 0.565625 0.7125 0.05 0.0125 0.00011964
3 0.847656 0.488281 0.0921875 0.104687 0.000123319
1 0.130469 0.352344 0.0484375 0.0640625 0.000123331
1 0.836719 0.0203125 0.0515625 0.009375 0.00012454
0 0.576563 0.819531 0.028125 0.0421875 0.000125333
3 0.845312 0.229687 0.034375 0.034375 0.000126406
0 0.584375 0.895312 0.0375 0.025 0.0001275
1 0.872656 0.0210938 0.0515625 0.0109375 0.000127789
1 0.401563 0.0015625 0.0375 0.003125 0.000129005
2 0.851562 0.115625 0.0375 0.0625 0.000137678
1 0.577344 0.821875 0.0546875 0.028125 0.000138717
2 0.140625 0.9125 0.109375 0.1125 0.000139315
1 0.896875 0.0171875 0.10625 0.034375 0.000140037
3 0.874219 0.214844 0.0890625 0.107813 0.000140856
1 0.176563 0.321875 0.0375 0.028125 0.000148423
1 0.582031 0.00625 0.0921875 0.0125 0.000153241
1 0.70625 0.00234375 0.034375 0.0046875 0.000154581
2 0.549219 0.758594 0.0359375 0.0203125 0.000161434
3 0.698438 0.510938 0.021875 0.01875 0.000162599
1 0.509375 0.00625 0.09375 0.0125 0.000164614
3 0.827344 0.817969 0.0296875 0.0296875 0.000187425
0 0.523438 0.726562 0.0625 0.040625 0.000189419
1 0.130469 0.315625 0.0484375 0.059375 0.000190322
1 0.872656 0.00703125 0.0421875 0.0140625 0.000198423
1 0.184375 0.236719 0.028125 0.0140625 0.000205516
1 0.40625 0.00234375 0.021875 0.0046875 0.000206755
1 0.184375 0.157813 0.03125 0.015625 0.000213457
1 0.286719 0.0203125 0.0578125 0.021875 0.000220378
3 0.84375 0.807813 0.0875 0.1 0.000224329
1 0.928906 0.102344 0.0328125 0.0609375 0.000247452
1 0.557813 0.0015625 0.034375 0.003125 0.000250267
2 0.0195312 0.725 0.0390625 0.10625 0.000259008
1 0.427344 0.00234375 0.0265625 0.0046875 0.000259289
0 0.590625 0.914844 0.034375 0.0265625 0.000277745
3 0.821094 0.474219 0.0234375 0.0265625 0.000280664
3 0.873438 0.29375 0.084375 0.103125 0.00028815
1 0.184375 0.257812 0.028125 0.015625 0.000295121
1 0.303906 0.0148437 0.101562 0.0296875 0.000304373
1 0.520312 0.00078125 0.034375 0.0015625 0.000327737
1 0.595312 0.0015625 0.034375 0.003125 0.000334505
1 0.484375 0.00078125 0.034375 0.0015625 0.000345546
1 0.836719 0.00625 0.0390625 0.0125 0.000364235
3 0.602344 0.221094 0.0296875 0.0234375 0.000387987
1 0.447656 0.00234375 0.0265625 0.0046875 0.000390235
0 0.596875 0.951563 0.034375 0.028125 0.000439428
3 0.84375 0.817187 0.025 0.053125 0.000457264
3 0.842969 0.817969 0.0484375 0.0359375 0.000482552
1 0.465625 0.00234375 0.025 0.0046875 0.000540791
3 0.8375 0.814844 0.025 0.0296875 0.000557408
1 0.695312 0.003125 0.025 0.00625 0.000578812
1 0.621094 0.00234375 0.0265625 0.0046875 0.000605722
1 0.678125 0.00234375 0.025 0.0046875 0.000607878
0 0.59375 0.932813 0.034375 0.025 0.000612181
1 0.657812 0.00234375 0.025 0.0046875 0.000641826
1 0.85 0.0117188 0.078125 0.0234375 0.000660013
1 0.600781 0.00234375 0.0265625 0.0046875 0.000661717
2 0.0179687 0.678125 0.0359375 0.0875 0.000667997
1 0.639063 0.00234375 0.025 0.0046875 0.00068453
1 0.4875 0.00234375 0.025 0.0046875 0.000746265
1 0.544531 0.00234375 0.0265625 0.0046875 0.000818336
3 0.55 0.728906 0.04375 0.0203125 0.000821401
1 0.523438 0.00234375 0.025 0.0046875 0.000927432
1 0.582031 0.00234375 0.0265625 0.0046875 0.00097445
1 0.507031 0.00234375 0.0265625 0.0046875 0.000992344
1 0.563281 0.00234375 0.0265625 0.0046875 0.00111122
0 0.6 0.985937 0.0375 0.025 0.00143745
0 0.600781 0.992969 0.0328125 0.0140625 0.316476
3 0.551562 0.772656 0.034375 0.0234375 0.320263
3 0.540625 0.7375 0.03125 0.0125 0.76791
2 0.551562 0.773438 0.034375 0.021875 0.893697
