1 0.132812 0.355469 0.046875 0.0578125 0.000101119
0 0.549219 0.367969 0.0671875 0.0390625 0.000102507
3 0.847656 0.107031 0.0984375 0.0765625 0.000103894
0 0.603125 0.85625 0.034375 0.025 0.000104096
1 0.872656 0.0203125 0.0453125 0.009375 0.000104593
3 0.853125 0.125 0.03125 0.0625 0.000109171
3 0.235938 0.249219 0.05 0.0265625 0.000112614
2 0.0210938 0.798437 0.0421875 0.109375 0.000113617
0 0.560938 0.407031 0.065625 0.0421875 0.00012013
1 0.757031 0.003125 0.0296875 0.00625 0.000127372
1 0.732813 0.00234375 0.01875 0.0046875 0.000127571
1 0.184375 0.178125 0.025 0.009375 0.000128282
1 0.946094 0.0203125 0.0515625 0.01875 0.000129162
1 0.183594 0.1625 0.0265625 0.009375 0.000129413
1 0.930469 0.103125 0.0296875 0.059375 0.000133561
0 0.545313 0.395312 0.0375 0.025 0.000140137
1 0.133594 0.972656 0.0484375 0.0546875 0.000141183
0 0.558594 0.419531 0.0390625 0.0234375 0.000141919
0 0.614062 0.950781 0.034375 0.0265625 0.000144073
1 0.509375 0.00625 0.090625 0.0125 0.000144571
1 0.94375 0.0179687 0.103125 0.0359375 0.000144992
0 0.580469 0.510938 0.0359375 0.028125 0.000147599
1 0.0679687 0.0804688 0.0359375 0.0671875 0.000152142
1 0.910937 0.984375 0.053125 0.03125 0.000152188
1 0.586719 0.00625 0.0890625 0.0125 0.00015933
2 0.135156 0.595312 0.0859375 0.084375 0.000160973
1 0.874219 0.00625 0.0390625 0.0125 0.000173957
0 0.601562 0.683594 0.034375 0.0265625 0.000179936
1 0.390625 0.0015625 0.021875 0.003125 0.000180323
1 0.839844 0.00546875 0.0359375 0.0109375 0.000181175
0 0.607031 0.738281 0.0296875 0.0234375 0.000183711
3 0.432813 0.273438 0.025 0.021875 0.00019109
0 0.615625 0.988281 0.034375 0.0234375 0.000191628
1 0.407031 0.00078125 0.0328125 0.0015625 0.000197245
1 0.132031 0.317969 0.0484375 0.0546875 0.000197247
1 0.667969 0.0015625 0.0328125 0.003125 0.000199915
2 0.139062 0.530469 0.078125 0.0765625 0.000209006
1 0.713281 0.00234375 0.0203125 0.0046875 0.000209886
1 0.51875 0.00078125 0.034375 0.0015625 0.000253551
1 0.559375 0.00078125 0.034375 0.0015625 0.000256392
0 0.580469 0.492969 0.0359375 0.0296875 0.00026177
0 0.609375 0.816406 0.034375 0.0265625 0.000262822
0 0.607813 0.778125 0.03125 0.025 0.00026544
1 0.407813 0.0015625 0.021875 0.003125 0.000273375
1 0.90625 0.0140625 0.09375 0.028125 0.000283033
1 0.632031 0.0015625 0.0328125 0.003125 0.000283559
2 0.142188 0.915625 0.10625 0.109375 0.000284085
0 0.6 0.702344 0.03125 0.0234375 0.000303923
3 0.821094 0.380469 0.0234375 0.0234375 0.000304891
0 0.585938 0.586719 0.028125 0.0359375 0.000307347
1 0.597656 0.00078125 0.0328125 0.0015625 0.000310665
1 0.485156 0.00078125 0.0328125 0.0015625 0.000315495
0 0.575781 0.446094 0.0578125 0.0359375 0.000335416
0 0.605469 0.598437 0.0328125 0.053125 0.000344631
2 0.0195312 0.729688 0.0390625 0.103125 0.000345067
1 0.428125 0.0015625 0.025 0.003125 0.000381503
0 0.585938 0.519531 0.034375 0.0296875 0.000397544
0 0.599219 0.661719 0.0328125 0.0265625 0.000401037
0 0.600781 0.720312 0.0328125 0.025 0.000417511
1 0.446875 0.0015625 0.025 0.003125 0.000426124
0 0.611719 0.93125 0.0328125 0.025 0.000438556
0 0.607031 0.673437 0.0453125 0.03125 0.000457079
1 0.853906 0.0101562 0.0703125 0.0203125 0.000469674
0 0.608594 0.797656 0.0328125 0.0265625 0.000481973
0 0.570312 0.454688 0.034375 0.025 0.000485832
0 0.597656 0.644531 0.0328125 0.0265625 0.000497137
0 0.60625 0.759375 0.034375 0.025 0.000507446
0 0.563281 0.435937 0.0359375 0.025 0.00051815
1 0.467969 0.0015625 0.0234375 0.003125 0.000531374
0 0.597656 0.6125 0.0515625 0.0375 0.000531869
0 0.575781 0.471875 0.0328125 0.025 0.000543721
1 0.677344 0.00234375 0.0234375 0.0046875 0.000584248
0 0.598437 0.536719 0.034375 0.0328125 0.000588764
0 0.613281 0.913281 0.0328125 0.0265625 0.000636272
1 0.695312 0.00234375 0.021875 0.0046875 0.000710564
1 0.544531 0.00234375 0.0234375 0.0046875 0.000718766
0 0.610156 0.832031 0.0421875 0.0328125 0.000752571
1 0.657031 0.00234375 0.0234375 0.0046875 0.000868965
1 0.505469 0.00234375 0.0234375 0.0046875 0.000879122
2 0.0171875 0.682031 0.034375 0.0796875 0.000901636
0 0.607813 0.746094 0.040625 0.0328125 0.000914004
0 0.609375 0.785937 0.0375 0.03125 0.000955779
1 0.580469 0.00234375 0.0234375 0.0046875 0.00100538
1 0.523438 0.00234375 0.025 0.0046875 0.00104963
1 0.488281 0.00234375 0.0234375 0.0046875 0.00106731
0 0.610937 0.821094 0.0625 0.0609375 0.00108272
0 0.596875 0.623438 0.03125 0.025 0.00108388
0 0.604688 0.634375 0.04375 0.03125 0.00112355
0 0.610156 0.729688 0.0515625 0.040625 0.00133558
1 0.602344 0.00234375 0.0234375 0.0046875 0.00153441
1 0.564062 0.00234375 0.025 0.0046875 0.00153968
1 0.636719 0.00234375 0.0234375 0.0046875 0.00154253
1 0.623438 0.00234375 0.021875 0.0046875 0.00155102
0 0.60625 0.713281 0.0375 0.0296875 0.00167622
0 0.596094 0.605469 0.0296875 0.0265625 0.00206141
0 0.59375 0.559375 0.028125 0.021875 0.00242152
0 0.594531 0.585938 0.0296875 0.025 0.00360554
0 0.6125 0.8875 0.0375 0.028125 0.00362765
0 0.613281 0.873438 0.0421875 0.03125 0.0109338
0 0.610156 0.865625 0.0296875 0.025 0.0134796
2 0.453906 0.284375 0.0296875 0.034375 0.013744
1 0.614844 0.996094 0.0265625 0.0078125 0.0559141
3 0.466406 0.294531 0.0328125 0.0328125 0.426236
0 0.589063 0.542969 0.03125 0.0234375 0.716651
3 0.440625 0.273438 0.025 0.025 0.767661
2 0.465625 0.295312 0.034375 0.034375 0.873065
