0 0.621875 0.864844 0.06875 0.0515625 0.000100733
3 0.853906 0.09375 0.101562 0.08125 0.000101696
1 0.130469 0.279687 0.0484375 0.065625 0.000101998
3 0.85 0.271875 0.028125 0.0625 0.000102584
2 0.88125 0.189844 0.034375 0.0703125 0.000104125
1 0.6125 0.513281 0.03125 0.0421875 0.000104251
1 0.760938 0.003125 0.034375 0.00625 0.00010444
3 0.580469 0.421875 0.0640625 0.03125 0.000104492
1 0.400781 0.0015625 0.0359375 0.003125 0.000107923
1 0.910937 0.984375 0.05625 0.03125 0.000111677
0 0.617188 0.950781 0.03125 0.0234375 0.000112458
1 0.177344 0.982031 0.0359375 0.0171875 0.000115853
1 0.835938 0.0203125 0.034375 0.01875 0.000116591
1 0.176563 0.325 0.0375 0.03125 0.000118081
2 0.0664062 0.0804688 0.0390625 0.0703125 0.00011856
0 0.6125 0.558594 0.05625 0.0390625 0.000119028
1 0.941406 0.01875 0.104687 0.0375 0.000119939
1 0.945312 0.0195312 0.053125 0.0203125 0.000120352
1 0.577344 0.510156 0.0578125 0.0359375 0.000123894
3 0.851562 0.117969 0.034375 0.0640625 0.00012669
1 0.133594 0.972656 0.0484375 0.0546875 0.000128399
1 0.836719 0.0203125 0.0484375 0.009375 0.000133847
1 0.132031 0.353125 0.0484375 0.059375 0.000135719
0 0.617188 0.932031 0.034375 0.0265625 0.000135958
1 0.409375 0.0015625 0.021875 0.003125 0.00013788
1 0.582812 0.00625 0.090625 0.0125 0.000139127
1 0.6125 0.514844 0.059375 0.0265625 0.000148107
1 0.897656 0.0164062 0.101562 0.0328125 0.000149301
1 0.510156 0.00625 0.0921875 0.0125 0.00014933
3 0.842969 0.117969 0.0328125 0.0328125 0.000150117
1 0.130469 0.317969 0.0484375 0.0609375 0.000150875
1 0.184375 0.2375 0.025 0.0125 0.000151317
0 0.607031 0.608594 0.0359375 0.0265625 0.000155938
1 0.711719 0.00234375 0.0328125 0.0046875 0.000156352
1 0.445312 0.00078125 0.034375 0.0015625 0.000164945
0 0.6125 0.596094 0.053125 0.0390625 0.000166003
1 0.30625 0.0140625 0.103125 0.028125 0.000171957
1 0.872656 0.00703125 0.0421875 0.0140625 0.000172555
1 0.930469 0.103125 0.0328125 0.059375 0.000174359
2 0.142188 0.914844 0.109375 0.110937 0.000182499
1 0.285937 0.0203125 0.053125 0.01875 0.0001866
0 0.620313 0.988281 0.034375 0.0234375 0.000187821
0 0.617969 0.911719 0.0328125 0.0265625 0.000194809
0 0.617188 0.875781 0.034375 0.0265625 0.000199763
1 0.428125 0.0015625 0.025 0.003125 0.000203873
2 0.0195312 0.724219 0.0390625 0.107813 0.00025076
1 0.835938 0.00625 0.0375 0.0125 0.000252776
0 0.609375 0.624219 0.03125 0.0265625 0.000258977
3 0.877344 0.214062 0.0859375 0.103125 0.000267575
1 0.446875 0.00234375 0.025 0.0046875 0.000271945
1 0.694531 0.00234375 0.0234375 0.0046875 0.000285387
1 0.484375 0.00078125 0.034375 0.0015625 0.000289412
1 0.521875 0.00078125 0.034375 0.0015625 0.00029337
1 0.557031 0.00078125 0.0328125 0.0015625 0.000306702
1 0.596875 0.00078125 0.034375 0.0015625 0.000338248
1 0.183594 0.259375 0.0234375 0.0125 0.000359334
0 0.616406 0.835156 0.0328125 0.0265625 0.000398334
0 0.6125 0.634375 0.046875 0.034375 0.000405366
0 0.611719 0.685938 0.0609375 0.065625 0.000435171
1 0.46875 0.00234375 0.025 0.0046875 0.000484052
1 0.847656 0.0117188 0.0765625 0.0234375 0.000512598
1 0.675781 0.00234375 0.0234375 0.0046875 0.000522413
0 0.611719 0.664844 0.0328125 0.0265625 0.000524562
0 0.617969 0.896875 0.0359375 0.03125 0.000562977
0 0.615625 0.746875 0.034375 0.028125 0.000572566
1 0.659375 0.00234375 0.025 0.0046875 0.000612143
2 0.0171875 0.677344 0.034375 0.0890625 0.000621211
1 0.525 0.00234375 0.025 0.0046875 0.000689127
1 0.6375 0.00234375 0.025 0.0046875 0.000698996
0 0.614844 0.721875 0.0328125 0.025 0.000703726
1 0.486719 0.00234375 0.0265625 0.0046875 0.000714762
1 0.58125 0.00234375 0.025 0.0046875 0.000718203
0 0.617188 0.859375 0.0375 0.03125 0.000726311
1 0.504687 0.00234375 0.025 0.0046875 0.000737583
0 0.610156 0.646094 0.0328125 0.0265625 0.000800292
1 0.560938 0.00234375 0.025 0.0046875 0.000852157
1 0.61875 0.00234375 0.025 0.0046875 0.000852302
3 0.582812 0.4375 0.034375 0.01875 0.000907498
1 0.603125 0.00234375 0.025 0.0046875 0.0010523
1 0.545313 0.00234375 0.025 0.0046875 0.0011747
0 0.6125 0.702344 0.034375 0.0234375 0.001203
0 0.611719 0.674219 0.0484375 0.0328125 0.00123482
0 0.619531 0.819531 0.0328125 0.0265625 0.00153779
3 0.575781 0.430469 0.0390625 0.0234375 0.00167728
0 0.613281 0.685938 0.0328125 0.025 0.00185666
0 0.616406 0.788281 0.0328125 0.0234375 0.00231529
1 0.620313 0.996094 0.028125 0.0078125 0.0849185
3 0.588281 0.467187 0.0328125 0.025 0.430233
0 0.615625 0.763281 0.03125 0.0234375 0.709894
3 0.582031 0.432813 0.0296875 0.0125 0.741615
2 0.588281 0.467187 0.0328125 0.025 0.888205
