1 0.178906 0.139844 0.0359375 0.0421875 0.000100361
1 0.129688 0.279687 0.05 0.065625 0.000101378
1 0.760156 0.003125 0.0328125 0.00625 0.000102008
1 0.872656 0.0203125 0.0484375 0.009375 0.000103425
1 0.184375 0.236719 0.025 0.0140625 0.000103536
1 0.942187 0.01875 0.10625 0.0375 0.000103548
1 0.214062 0.167969 0.046875 0.0328125 0.000105655
1 0.184375 0.178906 0.03125 0.0140625 0.000108295
1 0.259375 0.0078125 0.053125 0.015625 0.000108486
0 0.325 0.261719 0.090625 0.0984375 0.000110301
1 0.505469 0.00703125 0.0953125 0.0140625 0.00011249
1 0.13125 0.353125 0.05 0.0625 0.000118949
1 0.929688 0.102344 0.03125 0.0609375 0.000120093
1 0.176563 0.322656 0.0375 0.0296875 0.000120798
1 0.141406 0.985156 0.0484375 0.0234375 0.000125014
1 0.175781 0.291406 0.0453125 0.0328125 0.000125543
0 0.923437 0.639844 0.034375 0.0640625 0.000129604
3 0.84375 0.117188 0.03125 0.034375 0.00013509
1 0.183594 0.158594 0.0296875 0.0140625 0.000139496
1 0.914062 0.985156 0.053125 0.0296875 0.000139878
1 0.583594 0.00625 0.0890625 0.0125 0.000144781
1 0.133594 0.972656 0.0484375 0.0546875 0.000147092
1 0.9 0.0164062 0.103125 0.0328125 0.000155003
3 0.852344 0.11875 0.0359375 0.059375 0.000156873
1 0.130469 0.317187 0.0484375 0.059375 0.00016171
1 0.408594 0.0015625 0.0234375 0.003125 0.000162189
0 0.623438 0.672656 0.053125 0.0359375 0.000166596
3 0.858594 0.541406 0.0546875 0.0265625 0.000167229
2 0.0195312 0.725781 0.0390625 0.107813 0.000172824
2 0.141406 0.916406 0.107813 0.110937 0.000181922
3 0.777344 0.107813 0.0296875 0.021875 0.000193141
1 0.872656 0.00625 0.0421875 0.0125 0.000194521
1 0.184375 0.258594 0.025 0.0140625 0.000198698
1 0.708594 0.00234375 0.0328125 0.0046875 0.000199376
1 0.446875 0.00078125 0.034375 0.0015625 0.000205151
1 0.519531 0.0015625 0.0328125 0.003125 0.000216584
0 0.61875 0.989062 0.034375 0.021875 0.000235573
1 0.299219 0.0140625 0.101562 0.028125 0.000242092
3 0.867188 0.147656 0.084375 0.0984375 0.000266398
1 0.284375 0.0203125 0.053125 0.01875 0.000282459
1 0.483594 0.00078125 0.0328125 0.0015625 0.000282769
1 0.55625 0.00078125 0.034375 0.0015625 0.000283106
0 0.645312 0.671875 0.053125 0.034375 0.000289048
0 0.619531 0.874219 0.0328125 0.0265625 0.000308829
1 0.8375 0.00625 0.0375 0.0125 0.000319927
1 0.597656 0.00078125 0.0328125 0.0015625 0.000323158
1 0.429688 0.0015625 0.025 0.003125 0.00033308
0 0.626562 0.649219 0.071875 0.0421875 0.000375856
3 0.892969 0.564844 0.0296875 0.0390625 0.000375897
0 0.617188 0.95 0.034375 0.025 0.000385364
1 0.694531 0.00234375 0.0234375 0.0046875 0.00039255
0 0.619531 0.875781 0.0546875 0.0515625 0.000426168
0 0.625781 0.758594 0.0328125 0.0265625 0.000435217
0 0.621094 0.726562 0.0609375 0.0625 0.000442644
1 0.446875 0.00234375 0.025 0.0046875 0.000449678
0 0.622656 0.797656 0.0328125 0.0265625 0.000473632
2 0.0171875 0.679688 0.034375 0.0875 0.000476825
0 0.622656 0.858594 0.0609375 0.0484375 0.000490176
0 0.632812 0.685938 0.03125 0.028125 0.000517314
1 0.85 0.0117188 0.075 0.0234375 0.000532022
0 0.625781 0.742969 0.0390625 0.0328125 0.000588188
0 0.628125 0.721094 0.03125 0.0265625 0.000596959
0 0.621875 0.786719 0.0375 0.0328125 0.000602336
0 0.628125 0.705469 0.040625 0.0328125 0.000656992
1 0.638281 0.00234375 0.0234375 0.0046875 0.000658613
0 0.636719 0.645312 0.0328125 0.028125 0.000663805
0 0.634375 0.660937 0.03125 0.025 0.000683154
0 0.639844 0.601562 0.0546875 0.04375 0.000687873
3 0.877344 0.207813 0.0703125 0.084375 0.000690851
0 0.645312 0.632031 0.04375 0.0328125 0.000757037
1 0.675 0.00234375 0.025 0.0046875 0.000790392
1 0.46875 0.00234375 0.025 0.0046875 0.000791533
1 0.504687 0.00234375 0.025 0.0046875 0.000808674
1 0.584375 0.00234375 0.025 0.0046875 0.000849501
0 0.639844 0.622656 0.0328125 0.0265625 0.000948304
1 0.486719 0.00234375 0.0234375 0.0046875 0.000966375
0 0.619531 0.915625 0.0328125 0.025 0.000973669
1 0.61875 0.00234375 0.025 0.0046875 0.000986272
0 0.620313 0.854688 0.034375 0.025 0.000997074
1 0.560938 0.00234375 0.025 0.0046875 0.0010388
1 0.525 0.00234375 0.025 0.0046875 0.001041
0 0.617969 0.930469 0.0328125 0.0234375 0.00106829
1 0.659375 0.00234375 0.025 0.0046875 0.00106834
1 0.54375 0.00234375 0.025 0.0046875 0.00119706
1 0.601562 0.00234375 0.025 0.0046875 0.00144715
0 0.619531 0.835938 0.0296875 0.025 0.00157263
0 0.61875 0.903906 0.034375 0.0296875 0.00165164
0 0.642969 0.605469 0.0359375 0.0296875 0.00201743
0 0.620313 0.810156 0.059375 0.0359375 0.0020568
0 0.621094 0.825781 0.0328125 0.0265625 0.00409645
0 0.645312 0.585938 0.034375 0.028125 0.00613833
0 0.650781 0.566406 0.0359375 0.0265625 0.00688885
0 0.650781 0.555469 0.0328125 0.0234375 0.0237694
3 0.8875 0.546875 0.021875 0.025 0.0242621
3 0.879687 0.557031 0.04375 0.0359375 0.0436683
1 0.617969 0.996094 0.0296875 0.0078125 0.090489
3 0.865625 0.527344 0.03125 0.0296875 0.439301
0 0.652344 0.542969 0.0359375 0.0265625 0.683071
3 0.892187 0.553906 0.025 0.0234375 0.827588
2 0.864844 0.526563 0.0296875 0.028125 0.884929
