3 0.861719 0.158594 0.0671875 0.0953125 0.000101248
1 0.177344 0.322656 0.0359375 0.0296875 0.00010376
2 0.146875 0.229687 0.046875 0.084375 0.000103949
1 0.129688 0.239063 0.046875 0.0625 0.00010841
1 0.895312 0.0179687 0.10625 0.0359375 0.000109591
1 0.214062 0.204688 0.04375 0.03125 0.00011061
1 0.183594 0.25625 0.0234375 0.0125 0.000111361
2 0.13125 0.317187 0.06875 0.0375 0.000113465
1 0.2125 0.169531 0.046875 0.0296875 0.000114721
3 0.857031 0.09375 0.104687 0.103125 0.000115141
3 0.329688 0.180469 0.0375 0.0515625 0.000117426
2 0.0664062 0.08125 0.0390625 0.06875 0.000121485
1 0.910937 0.985156 0.053125 0.0296875 0.000128271
2 0.889844 0.109375 0.0359375 0.03125 0.00013184
3 0.878906 0.289844 0.0859375 0.104687 0.00013219
1 0.508594 0.00625 0.0953125 0.0125 0.000132991
1 0.7625 0.00390625 0.034375 0.0078125 0.000134519
3 0.135937 0.453906 0.08125 0.0453125 0.000135585
2 0.135937 0.598437 0.0875 0.084375 0.00013667
0 0.589063 0.817187 0.040625 0.025 0.00013903
1 0.183594 0.178906 0.0296875 0.0140625 0.000139483
0 0.56875 0.675781 0.0625 0.0359375 0.000142969
1 0.13125 0.28125 0.046875 0.059375 0.000143233
2 0.132031 0.354688 0.0453125 0.059375 0.000144567
1 0.132812 0.974219 0.046875 0.0515625 0.000150558
1 0.403906 0.0015625 0.0359375 0.003125 0.0001556
2 0.851562 0.115625 0.0375 0.0625 0.000161671
2 0.0203125 0.736719 0.040625 0.101562 0.000164856
1 0.584375 0.00625 0.090625 0.0125 0.00016919
3 0.31875 0.185156 0.021875 0.0234375 0.000178656
1 0.713281 0.00234375 0.0328125 0.0046875 0.000182563
0 0.594531 0.717969 0.0640625 0.0390625 0.000184898
1 0.284375 0.0203125 0.05625 0.021875 0.000187947
0 0.614062 0.951563 0.034375 0.025 0.000193534
0 0.579687 0.707031 0.0375 0.0234375 0.000197504
0 0.551562 0.667188 0.034375 0.021875 0.000201963
1 0.184375 0.2375 0.021875 0.0125 0.000208607
1 0.300781 0.0148437 0.104687 0.0296875 0.000208965
1 0.929688 0.102344 0.03125 0.0640625 0.000213121
1 0.694531 0.003125 0.0234375 0.00625 0.000213435
0 0.596094 0.74375 0.0359375 0.028125 0.000218165
3 0.875781 0.213281 0.0828125 0.104687 0.000222488
1 0.596094 0.00078125 0.0359375 0.0015625 0.00022457
1 0.179688 0.142188 0.0375 0.0375 0.000225771
1 0.482031 0.00078125 0.0359375 0.0015625 0.000225893
1 0.871094 0.00703125 0.0421875 0.0140625 0.00022602
1 0.408594 0.00234375 0.0234375 0.0046875 0.000226153
2 0.140625 0.532031 0.084375 0.0484375 0.000239349
0 0.615625 0.988281 0.034375 0.0234375 0.000240104
0 0.586719 0.725 0.0359375 0.021875 0.000243074
1 0.667969 0.0015625 0.0328125 0.003125 0.00026649
1 0.13125 0.317187 0.046875 0.053125 0.000272615
2 0.139062 0.91875 0.109375 0.109375 0.000279653
1 0.522656 0.00078125 0.0359375 0.0015625 0.000299546
1 0.636719 0.0015625 0.0328125 0.003125 0.000318019
1 0.428125 0.00234375 0.025 0.0046875 0.000318481
1 0.836719 0.00625 0.0390625 0.0125 0.000318611
3 0.392969 0.566406 0.0390625 0.0328125 0.000356924
0 0.567187 0.685938 0.034375 0.021875 0.000380503
1 0.676562 0.00234375 0.025 0.0046875 0.000380862
0 0.614062 0.93125 0.03125 0.025 0.000394291
0 0.6125 0.910937 0.034375 0.025 0.000411764
1 0.445312 0.00234375 0.025 0.0046875 0.000412854
2 0.0195312 0.684375 0.0390625 0.08125 0.000430593
0 0.610156 0.882031 0.0578125 0.0421875 0.000443474
1 0.557031 0.0015625 0.0359375 0.003125 0.000448129
1 0.602344 0.00234375 0.0265625 0.0046875 0.000511227
1 0.847656 0.0125 0.0796875 0.025 0.000537095
1 0.467969 0.00234375 0.0265625 0.0046875 0.000553465
0 0.611719 0.875781 0.0328125 0.0265625 0.000613318
1 0.485938 0.00234375 0.025 0.0046875 0.00066952
1 0.580469 0.00234375 0.0265625 0.0046875 0.000689454
1 0.507031 0.00234375 0.0265625 0.0046875 0.000706927
1 0.65625 0.00234375 0.025 0.0046875 0.000724549
0 0.608594 0.809375 0.0296875 0.03125 0.000796458
1 0.525 0.00234375 0.025 0.0046875 0.000854508
0 0.609375 0.828125 0.040625 0.03125 0.00100733
1 0.561719 0.00234375 0.0265625 0.0046875 0.00115498
0 0.611719 0.861719 0.0359375 0.0296875 0.00116525
1 0.639063 0.00234375 0.025 0.0046875 0.00116708
0 0.600781 0.775 0.0359375 0.028125 0.0012356
0 0.6125 0.9 0.0375 0.03125 0.00123879
1 0.622656 0.00234375 0.0265625 0.0046875 0.00128564
1 0.546094 0.00234375 0.0265625 0.0046875 0.00144406
0 0.610156 0.8375 0.0328125 0.028125 0.00179384
1 0.614844 0.996094 0.0265625 0.0078125 0.0364734
3 0.425 0.575781 0.03125 0.0328125 0.341439
0 0.604688 0.790625 0.03125 0.025 0.733887
3 0.396094 0.561719 0.0203125 0.0265625 0.770467
2 0.427344 0.575781 0.0296875 0.0328125 0.876312
