3 0.871875 0.219531 0.09375 0.110937 0.000100617
1 0.735937 0.00390625 0.021875 0.0078125 0.000101905
1 0.911719 0.0078125 0.0421875 0.015625 0.000102201
1 0.835938 0.0203125 0.034375 0.01875 0.000102916
1 0.183594 0.25625 0.0265625 0.015625 0.000104263
1 0.946094 0.0203125 0.0546875 0.021875 0.000105863
0 0.613281 0.8625 0.0453125 0.034375 0.000106782
1 0.184375 0.178906 0.034375 0.0140625 0.000109798
1 0.133594 0.971094 0.0484375 0.0578125 0.000110022
1 0.872656 0.0203125 0.0515625 0.0125 0.000110544
3 0.85 0.814844 0.059375 0.0421875 0.000111504
0 0.629687 0.900781 0.05 0.0390625 0.000111602
1 0.836719 0.0203125 0.0484375 0.009375 0.000112861
3 0.840625 0.927344 0.034375 0.0328125 0.000114813
1 0.132031 0.353125 0.0484375 0.0625 0.000114982
3 0.858594 0.8 0.0890625 0.103125 0.000115368
1 0.180469 0.14375 0.0390625 0.040625 0.000116289
2 0.878125 0.805469 0.0375 0.0703125 0.000116446
1 0.284375 0.0195312 0.05625 0.0203125 0.00011647
1 0.759375 0.003125 0.034375 0.00625 0.000118013
3 0.860937 0.399219 0.08125 0.104687 0.000118313
3 0.85 0.8125 0.03125 0.0625 0.000125125
1 0.183594 0.158594 0.0328125 0.0140625 0.000130639
3 0.860156 0.0976562 0.101562 0.101562 0.000131383
1 0.505469 0.00625 0.0984375 0.0125 0.000131693
1 0.183594 0.217187 0.0296875 0.015625 0.000133565
1 0.303125 0.0148437 0.10625 0.0296875 0.000140353
3 0.823438 0.932031 0.034375 0.0328125 0.000149125
1 0.0664062 0.08125 0.0359375 0.065625 0.00015027
1 0.582031 0.00625 0.0890625 0.0125 0.00015507
3 0.875781 0.371094 0.0890625 0.107813 0.000155997
1 0.898438 0.0171875 0.103125 0.034375 0.000163855
2 0.14375 0.911719 0.10625 0.107813 0.00016778
2 0.0195312 0.725 0.0390625 0.109375 0.000178037
1 0.711719 0.00234375 0.0328125 0.0046875 0.00018201
3 0.873438 0.294531 0.0875 0.104687 0.00018341
3 0.841406 0.8125 0.0296875 0.034375 0.000190813
1 0.426562 0.00234375 0.025 0.0046875 0.0001936
1 0.130469 0.315625 0.0484375 0.059375 0.000198902
1 0.595312 0.0015625 0.034375 0.003125 0.000199646
1 0.671094 0.0015625 0.0328125 0.003125 0.000203724
1 0.932031 0.103906 0.0328125 0.0609375 0.000213807
1 0.405469 0.0015625 0.0234375 0.003125 0.000216511
1 0.63125 0.0015625 0.034375 0.003125 0.00022626
0 0.628125 0.913281 0.034375 0.0265625 0.000227444
1 0.872656 0.00703125 0.0421875 0.0140625 0.00022749
1 0.184375 0.277344 0.028125 0.0140625 0.0002378
3 0.878906 0.916406 0.0921875 0.0984375 0.00024985
1 0.521094 0.0015625 0.0359375 0.003125 0.000256159
0 0.622656 0.952344 0.0328125 0.0296875 0.000265064
0 0.626562 0.932031 0.034375 0.0265625 0.000266309
1 0.836719 0.00625 0.0390625 0.0125 0.000277466
2 0.892187 0.108594 0.034375 0.0328125 0.000340828
1 0.55625 0.00078125 0.034375 0.0015625 0.000369478
0 0.61875 0.983594 0.0375 0.0265625 0.000376657
1 0.482812 0.00078125 0.034375 0.0015625 0.00038756
1 0.69375 0.003125 0.025 0.00625 0.000408368
2 0.0179687 0.678125 0.0359375 0.090625 0.000409599
1 0.450781 0.00234375 0.0265625 0.0046875 0.000420066
1 0.849219 0.0125 0.0796875 0.025 0.000531095
1 0.657812 0.00234375 0.025 0.0046875 0.000551413
1 0.678125 0.00234375 0.025 0.0046875 0.000632075
1 0.6375 0.00234375 0.025 0.0046875 0.000665949
1 0.504687 0.00234375 0.025 0.0046875 0.000700317
1 0.602344 0.00234375 0.0265625 0.0046875 0.000944227
1 0.583594 0.00234375 0.0265625 0.0046875 0.000973574
1 0.526563 0.00234375 0.025 0.0046875 0.000995356
1 0.485156 0.00234375 0.0265625 0.0046875 0.00102936
1 0.558594 0.00234375 0.0265625 0.0046875 0.00103148
1 0.46875 0.00234375 0.025 0.0046875 0.00106654
1 0.619531 0.00234375 0.0265625 0.0046875 0.00121295
3 0.646875 0.786719 0.03125 0.0171875 0.00146987
1 0.546094 0.00234375 0.0265625 0.0046875 0.00165414
0 0.620313 0.992188 0.03125 0.015625 0.196613
3 0.644531 0.809375 0.0328125 0.028125 0.418314
3 0.649219 0.775781 0.0296875 0.0140625 0.749139
2 0.644531 0.810156 0.0328125 0.0265625 0.894943
