1 0.176563 0.289844 0.04375 0.0359375 0.000104545
0 0.621094 0.874219 0.0734375 0.0546875 0.00010549
1 0.391406 0.00234375 0.0234375 0.0046875 0.000109189
1 0.945312 0.0203125 0.05625 0.021875 0.000109295
1 0.911719 0.984375 0.0546875 0.03125 0.000110547
1 0.835938 0.0203125 0.05 0.009375 0.000112152
0 0.616406 0.746875 0.0328125 0.0375 0.000115186
1 0.179688 0.136719 0.0375 0.0453125 0.000127504
1 0.132031 0.354688 0.0484375 0.059375 0.000127898
1 0.184375 0.257031 0.025 0.0140625 0.000133115
0 0.615625 0.720312 0.034375 0.028125 0.000134899
0 0.615625 0.892969 0.034375 0.0265625 0.000135794
1 0.761719 0.003125 0.0328125 0.00625 0.000136056
1 0.403906 0.00078125 0.0359375 0.0015625 0.000136689
1 0.184375 0.278125 0.025 0.015625 0.000138135
0 0.615625 0.700781 0.034375 0.0296875 0.000143435
0 0.614062 0.661719 0.034375 0.0265625 0.000144084
1 0.213281 0.166406 0.0453125 0.0296875 0.000145085
1 0.13125 0.31875 0.05 0.0625 0.000147789
0 0.613281 0.683594 0.0359375 0.0296875 0.000149506
1 0.139844 0.982031 0.0359375 0.0359375 0.000159571
3 0.857813 0.0960938 0.1 0.0984375 0.00015969
1 0.896094 0.0171875 0.104687 0.034375 0.000165023
1 0.710156 0.00234375 0.0328125 0.0046875 0.000173397
1 0.184375 0.158594 0.03125 0.0140625 0.000174917
1 0.511719 0.00546875 0.0921875 0.0109375 0.000175783
3 0.876562 0.286719 0.084375 0.101562 0.000178543
3 0.592969 0.621094 0.0421875 0.0265625 0.000179888
2 0.141406 0.917969 0.107813 0.110937 0.000183666
1 0.580469 0.00546875 0.0890625 0.0109375 0.000189989
0 0.61875 0.988281 0.034375 0.0234375 0.000202365
3 0.875781 0.213281 0.0859375 0.104687 0.000203164
1 0.300781 0.0140625 0.104687 0.028125 0.000209869
1 0.285156 0.0203125 0.0546875 0.01875 0.000210801
2 0.0195312 0.730469 0.0390625 0.104687 0.000211194
1 0.871875 0.00625 0.040625 0.0125 0.000222868
1 0.928906 0.103125 0.0328125 0.0625 0.000226267
0 0.615625 0.872656 0.034375 0.0265625 0.000234014
1 0.692969 0.00234375 0.0234375 0.0046875 0.000241005
1 0.667969 0.0015625 0.0328125 0.003125 0.000250911
3 0.603125 0.595312 0.025 0.025 0.000252052
0 0.617188 0.919531 0.034375 0.0265625 0.000259066
1 0.407031 0.0015625 0.0234375 0.003125 0.000283519
1 0.523438 0.0015625 0.034375 0.003125 0.000289545
1 0.595312 0.0015625 0.034375 0.003125 0.000295652
1 0.635938 0.0015625 0.034375 0.003125 0.000300648
1 0.836719 0.00625 0.0390625 0.0125 0.000329131
1 0.428906 0.00234375 0.0265625 0.0046875 0.00033562
0 0.616406 0.948438 0.0328125 0.025 0.000360384
1 0.55625 0.0015625 0.034375 0.003125 0.000388691
1 0.48125 0.00078125 0.034375 0.0015625 0.00040569
0 0.621094 0.675781 0.0421875 0.0390625 0.000420406
2 0.0171875 0.682813 0.034375 0.084375 0.000450956
3 0.595312 0.609375 0.025 0.028125 0.00049378
0 0.616406 0.836719 0.0328125 0.0265625 0.000608011
1 0.675781 0.00234375 0.0234375 0.0046875 0.00064782
1 0.448438 0.00234375 0.025 0.0046875 0.000674265
1 0.578906 0.00234375 0.0265625 0.0046875 0.000681492
1 0.465625 0.00234375 0.025 0.0046875 0.000704005
1 0.504687 0.00234375 0.025 0.0046875 0.000708355
1 0.846875 0.0117188 0.078125 0.0234375 0.000734001
1 0.525781 0.00234375 0.0265625 0.0046875 0.000742258
0 0.614844 0.857813 0.0359375 0.03125 0.000762013
0 0.617188 0.903125 0.0375 0.03125 0.000842092
0 0.617188 0.93125 0.03125 0.021875 0.00085288
1 0.604688 0.00234375 0.025 0.0046875 0.000873682
1 0.659375 0.00234375 0.025 0.0046875 0.00089056
1 0.486719 0.00234375 0.0265625 0.0046875 0.000995704
1 0.621875 0.00234375 0.025 0.0046875 0.00111298
1 0.6375 0.00234375 0.025 0.0046875 0.00116722
1 0.560156 0.00234375 0.0265625 0.0046875 0.00157385
0 0.61875 0.816406 0.034375 0.0265625 0.00163694
0 0.615625 0.784375 0.03125 0.021875 0.00167792
1 0.547656 0.00234375 0.0265625 0.0046875 0.00181663
1 0.61875 0.996094 0.028125 0.0078125 0.0592371
3 0.607031 0.6125 0.0328125 0.03125 0.352419
2 0.607813 0.611719 0.034375 0.0328125 0.640291
0 0.614062 0.765625 0.03125 0.025 0.699895
