0 0.61875 0.965625 0.034375 0.034375 0.000100726
3 0.840625 0.723437 0.06875 0.065625 0.000101641
1 0.939844 0.01875 0.107813 0.0375 0.000101961
1 0.177344 0.98125 0.0359375 0.015625 0.000102838
1 0.184375 0.157813 0.03125 0.015625 0.000103298
0 0.646094 0.863281 0.0609375 0.0359375 0.000105191
1 0.185156 0.139062 0.0328125 0.015625 0.000110741
3 0.255469 0.491406 0.0359375 0.0453125 0.000111719
1 0.133594 0.971875 0.0484375 0.05625 0.000116861
1 0.13125 0.352344 0.05 0.0609375 0.000124834
3 0.871875 0.149219 0.0875 0.107813 0.000124868
1 0.871875 0.0203125 0.046875 0.015625 0.000128418
1 0.835156 0.0203125 0.0359375 0.01875 0.000130674
1 0.183594 0.2375 0.0265625 0.0125 0.000135188
3 0.857813 0.096875 0.103125 0.103125 0.00013685
1 0.896875 0.0171875 0.10625 0.034375 0.000141573
1 0.836719 0.0203125 0.0515625 0.009375 0.00014214
3 0.259375 0.492969 0.01875 0.0203125 0.000148486
1 0.184375 0.277344 0.028125 0.0140625 0.000149286
1 0.759375 0.003125 0.034375 0.00625 0.000149354
1 0.130469 0.316406 0.0484375 0.0640625 0.000150245
1 0.505469 0.00625 0.0953125 0.0125 0.00015126
1 0.183594 0.257031 0.0265625 0.0140625 0.000164572
3 0.85 0.317187 0.05 0.040625 0.00016643
2 0.851562 0.115625 0.0375 0.0625 0.000166658
1 0.913281 0.985937 0.0515625 0.028125 0.000169123
3 0.85 0.315625 0.025 0.059375 0.000173574
1 0.580469 0.00625 0.0890625 0.0125 0.000173766
1 0.403906 0.0015625 0.0359375 0.003125 0.000175299
2 0.882031 0.208594 0.0546875 0.0453125 0.000176202
1 0.184375 0.217969 0.028125 0.0140625 0.000182185
1 0.285156 0.0195312 0.0578125 0.0203125 0.000184956
3 0.876562 0.290625 0.084375 0.103125 0.000186819
1 0.18125 0.139062 0.0375 0.040625 0.000188853
2 0.0203125 0.725 0.040625 0.109375 0.000189333
0 0.638281 0.778906 0.0359375 0.0296875 0.000193895
1 0.873438 0.00703125 0.040625 0.0140625 0.00022256
1 0.410156 0.00234375 0.0234375 0.0046875 0.000229321
1 0.93125 0.102344 0.03125 0.0609375 0.000233145
1 0.301562 0.0148437 0.103125 0.0296875 0.000233597
2 0.142969 0.914844 0.104687 0.107813 0.000241029
1 0.714063 0.003125 0.025 0.00625 0.000243478
1 0.595312 0.0015625 0.034375 0.003125 0.000244395
1 0.48125 0.0015625 0.034375 0.003125 0.000255129
1 0.521094 0.0015625 0.0359375 0.003125 0.000255593
2 0.880469 0.207031 0.0296875 0.0640625 0.00027089
0 0.620313 0.950781 0.034375 0.0265625 0.000288843
1 0.426562 0.00234375 0.025 0.0046875 0.000311697
0 0.624219 0.826563 0.0296875 0.05 0.000320334
1 0.632812 0.0015625 0.034375 0.003125 0.00032076
1 0.555469 0.0015625 0.0359375 0.003125 0.000326851
1 0.838281 0.00625 0.0390625 0.0125 0.000379379
0 0.61875 0.988281 0.034375 0.0234375 0.00039458
0 0.621875 0.932031 0.034375 0.0265625 0.000400406
0 0.629687 0.848437 0.059375 0.04375 0.000440186
1 0.696875 0.003125 0.025 0.00625 0.000453879
2 0.0179687 0.679688 0.0359375 0.0875 0.00048187
3 0.878125 0.210156 0.078125 0.0984375 0.000494846
0 0.628125 0.875 0.05625 0.034375 0.000523997
1 0.447656 0.00234375 0.0265625 0.0046875 0.000542627
0 0.623438 0.863281 0.046875 0.0328125 0.000570378
0 0.622656 0.913281 0.0328125 0.0265625 0.000583053
1 0.675 0.00234375 0.025 0.0046875 0.00058627
0 0.645312 0.825781 0.034375 0.0453125 0.000655478
1 0.85 0.0117188 0.078125 0.0234375 0.000697956
0 0.628125 0.874219 0.03125 0.0265625 0.0007011
1 0.658594 0.00234375 0.0234375 0.0046875 0.000756422
1 0.505469 0.00234375 0.0265625 0.0046875 0.000828178
0 0.624219 0.896094 0.0390625 0.0328125 0.00085805
1 0.617188 0.00234375 0.025 0.0046875 0.000867245
1 0.467187 0.00234375 0.025 0.0046875 0.000870937
1 0.639844 0.00234375 0.0265625 0.0046875 0.000952299
1 0.583594 0.00234375 0.0265625 0.0046875 0.00096963
1 0.559375 0.00234375 0.025 0.0046875 0.00103212
0 0.630469 0.855469 0.0328125 0.0265625 0.00109894
1 0.485156 0.00234375 0.0265625 0.0046875 0.00113926
0 0.642187 0.80625 0.05 0.04375 0.00115259
0 0.633594 0.835156 0.0328125 0.0265625 0.00119141
1 0.525781 0.00234375 0.0265625 0.0046875 0.00126767
0 0.639844 0.797656 0.0328125 0.0296875 0.00135901
0 0.633594 0.825 0.0390625 0.034375 0.0015834
0 0.64375 0.754687 0.034375 0.025 0.00163059
1 0.544531 0.00234375 0.0265625 0.0046875 0.00175829
1 0.601562 0.00234375 0.025 0.0046875 0.00189938
0 0.65 0.733594 0.0375 0.0296875 0.00338077
3 0.884375 0.755469 0.025 0.0328125 0.00360735
0 0.642187 0.76875 0.034375 0.028125 0.00729384
3 0.857813 0.739062 0.034375 0.025 0.00886413
2 0.858594 0.732813 0.0265625 0.03125 0.0102835
1 0.617188 0.995313 0.028125 0.009375 0.0488145
0 0.649219 0.745313 0.0359375 0.025 0.72585
2 0.850781 0.721094 0.0328125 0.0296875 0.868663
3 0.876562 0.749219 0.025 0.0234375 0.882856
