3 0.6875 0.239844 0.040625 0.0203125 0.000100714
1 0.184375 0.235938 0.021875 0.0125 0.000105219
1 0.214062 0.167969 0.04375 0.0296875 0.000106358
0 0.647656 0.3375 0.0390625 0.03125 0.000106403
3 0.848437 0.935938 0.059375 0.040625 0.000113746
1 0.505469 0.00703125 0.0953125 0.0140625 0.000117077
0 0.619531 0.950781 0.0328125 0.0265625 0.000117324
3 0.848437 0.935156 0.03125 0.0609375 0.00011914
1 0.183594 0.275781 0.0234375 0.0140625 0.000121786
1 0.911719 0.983594 0.0546875 0.0328125 0.000122994
1 0.622656 0.989844 0.0359375 0.0203125 0.000123183
1 0.133594 0.971875 0.0484375 0.05625 0.000123202
3 0.847656 0.950781 0.0859375 0.0859375 0.000125907
1 0.183594 0.257812 0.0234375 0.0125 0.000126453
1 0.065625 0.0820312 0.0375 0.0671875 0.000130419
1 0.753906 0.003125 0.0296875 0.00625 0.000131846
1 0.8375 0.0046875 0.034375 0.009375 0.000135254
1 0.132031 0.353125 0.0484375 0.059375 0.000138006
1 0.578125 0.00625 0.090625 0.0125 0.000140924
0 0.617969 0.405469 0.0328125 0.0578125 0.000141118
1 0.303125 0.0132813 0.103125 0.0265625 0.000143402
0 0.616406 0.350781 0.0765625 0.0734375 0.000144621
1 0.945312 0.0203125 0.05 0.01875 0.000146662
0 0.617969 0.40625 0.0609375 0.040625 0.000147459
1 0.407031 0.00078125 0.0328125 0.0015625 0.000151036
1 0.873438 0.00546875 0.0375 0.0109375 0.000153018
3 0.839844 0.930469 0.0296875 0.0328125 0.000157465
0 0.646875 0.360938 0.034375 0.05625 0.000160484
1 0.130469 0.317187 0.0484375 0.0625 0.000165828
2 0.142969 0.914062 0.107813 0.109375 0.000169753
1 0.733594 0.00234375 0.0203125 0.0046875 0.000171511
0 0.614844 0.514844 0.0328125 0.0296875 0.000178031
0 0.619531 0.932031 0.0328125 0.0265625 0.000178189
1 0.178906 0.142969 0.0328125 0.0390625 0.000179187
0 0.615625 0.78125 0.03125 0.025 0.000200039
2 0.0203125 0.725781 0.040625 0.107813 0.000200719
1 0.479688 0.00078125 0.034375 0.0015625 0.000204985
0 0.617969 0.913281 0.0328125 0.0265625 0.000208236
1 0.444531 0.00078125 0.0328125 0.0015625 0.000208431
0 0.614844 0.683594 0.0328125 0.0265625 0.000212192
1 0.409375 0.0015625 0.021875 0.003125 0.000216659
1 0.633594 0.0015625 0.0328125 0.003125 0.00021986
0 0.614844 0.757812 0.0328125 0.025 0.000229727
1 0.595312 0.00078125 0.034375 0.0015625 0.0002383
1 0.282813 0.0203125 0.05 0.01875 0.00023936
0 0.614062 0.720312 0.03125 0.025 0.000242473
1 0.850781 0.0109375 0.0796875 0.021875 0.000247003
1 0.183594 0.160156 0.0296875 0.0140625 0.000252207
1 0.521094 0.0015625 0.0328125 0.003125 0.000255855
1 0.946875 0.0164062 0.096875 0.0328125 0.000261168
1 0.713281 0.00234375 0.0234375 0.0046875 0.000265024
0 0.617188 0.442187 0.05625 0.0375 0.000279239
0 0.614844 0.720312 0.0640625 0.05 0.000291522
0 0.6375 0.373437 0.034375 0.028125 0.000298984
0 0.632812 0.397656 0.034375 0.0296875 0.000300307
0 0.614062 0.744531 0.0375 0.0328125 0.0003141
1 0.555469 0.0015625 0.0328125 0.003125 0.000314112
0 0.617969 0.490625 0.0328125 0.028125 0.000350645
1 0.910937 0.0140625 0.09375 0.028125 0.000355899
0 0.641406 0.35625 0.0359375 0.028125 0.000372816
0 0.620313 0.472656 0.03125 0.0296875 0.000379746
0 0.615625 0.834375 0.03125 0.025 0.000397734
0 0.61875 0.86875 0.05625 0.040625 0.000413326
1 0.430469 0.00234375 0.0234375 0.0046875 0.000415755
0 0.616406 0.874219 0.0328125 0.0265625 0.000430943
0 0.628906 0.416406 0.0328125 0.0296875 0.00043926
2 0.0171875 0.678906 0.034375 0.0890625 0.000452615
3 0.653906 0.317969 0.0296875 0.0359375 0.000478901
0 0.614062 0.705469 0.0375 0.0328125 0.000482841
1 0.466406 0.0015625 0.0234375 0.003125 0.000483512
0 0.622656 0.453125 0.0328125 0.028125 0.000533412
1 0.696094 0.00234375 0.0234375 0.0046875 0.000559281
0 0.651563 0.320312 0.04375 0.03125 0.000596186
0 0.625781 0.432031 0.0328125 0.0265625 0.000610311
1 0.446094 0.00234375 0.0234375 0.0046875 0.000666808
0 0.617188 0.860156 0.034375 0.0296875 0.000690833
0 0.61875 0.896094 0.0375 0.0328125 0.000692727
0 0.614062 0.664062 0.0375 0.03125 0.00069349
0 0.617969 0.629687 0.0609375 0.046875 0.000730741
1 0.658594 0.00234375 0.0234375 0.0046875 0.00074193
1 0.505469 0.00234375 0.0234375 0.0046875 0.000756385
1 0.485938 0.00234375 0.025 0.0046875 0.000785911
3 0.672656 0.245312 0.0328125 0.01875 0.00080331
0 0.614062 0.645312 0.03125 0.025 0.000814325
1 0.582812 0.00234375 0.025 0.0046875 0.000862031
1 0.619531 0.00234375 0.0234375 0.0046875 0.000903863
0 0.614062 0.605469 0.03125 0.0265625 0.000927419
1 0.675781 0.00234375 0.0234375 0.0046875 0.000944282
1 0.560938 0.00234375 0.025 0.0046875 0.00094597
0 0.614062 0.630469 0.034375 0.0328125 0.000974286
1 0.601562 0.00234375 0.025 0.0046875 0.000979651
1 0.639063 0.00234375 0.025 0.0046875 0.00105499
1 0.525 0.00234375 0.025 0.0046875 0.00131387
1 0.54375 0.00234375 0.025 0.0046875 0.00136065
0 0.614062 0.584375 0.03125 0.025 0.001655
0 0.615625 0.814844 0.034375 0.0296875 0.00167671
0 0.616406 0.802344 0.0296875 0.0234375 0.00187472
0 0.616406 0.790625 0.0328125 0.028125 0.00238138
0 0.617969 0.803125 0.0515625 0.040625 0.0026971
0 0.614844 0.560938 0.0296875 0.021875 0.00619011
1 0.621875 0.996094 0.028125 0.0078125 0.111298
3 0.671875 0.272656 0.034375 0.0296875 0.400412
0 0.614062 0.547656 0.028125 0.0234375 0.732861
3 0.682813 0.24375 0.028125 0.01875 0.750259
2 0.671094 0.273438 0.0328125 0.028125 0.870409
