0 0.636719 0.447656 0.0359375 0.0671875 0.000100768
1 0.176563 0.323438 0.0375 0.021875 0.000101259
1 0.258594 0.0078125 0.0515625 0.015625 0.000103625
1 0.257031 0.0210938 0.0421875 0.0296875 0.000105024
3 0.85 0.125 0.0625 0.04375 0.000106105
1 0.578906 0.00625 0.0921875 0.0125 0.000110467
3 0.850781 0.124219 0.0328125 0.0640625 0.000115236
1 0.183594 0.161719 0.0296875 0.0140625 0.000116154
1 0.180469 0.952344 0.0421875 0.0234375 0.000116262
1 0.944531 0.0203125 0.0515625 0.01875 0.000117493
1 0.507031 0.00625 0.0953125 0.0125 0.000117646
1 0.592969 0.992188 0.0359375 0.0125 0.0001203
1 0.9125 0.984375 0.05625 0.03125 0.000124938
3 0.317187 0.63125 0.01875 0.015625 0.000125051
1 0.13125 0.352344 0.046875 0.0609375 0.000126141
1 0.388281 0.00234375 0.0203125 0.0046875 0.000128366
3 0.713281 0.430469 0.0546875 0.0796875 0.000128601
1 0.214062 0.167969 0.04375 0.0296875 0.000132765
1 0.133594 0.972656 0.0484375 0.0546875 0.000133013
3 0.842188 0.100781 0.1 0.0765625 0.000133136
1 0.94375 0.0179687 0.1 0.0359375 0.00013466
1 0.446875 0.00078125 0.034375 0.0015625 0.000140288
3 0.885938 0.975781 0.04375 0.0265625 0.000141103
1 0.183594 0.257812 0.0203125 0.0125 0.000143815
1 0.707812 0.00234375 0.03125 0.0046875 0.00015135
1 0.300781 0.0132813 0.104687 0.0265625 0.000153033
0 0.614844 0.447656 0.0671875 0.0421875 0.000153772
1 0.184375 0.2375 0.021875 0.0125 0.000158113
0 0.614844 0.446875 0.0359375 0.0625 0.000160307
1 0.633594 0.0015625 0.0328125 0.003125 0.000171233
3 0.84375 0.274219 0.059375 0.0421875 0.000171399
1 0.903125 0.015625 0.1 0.03125 0.000173165
0 0.628906 0.454688 0.0359375 0.03125 0.000174872
1 0.130469 0.317187 0.0484375 0.05625 0.000175628
1 0.873438 0.00625 0.040625 0.0125 0.000177768
0 0.608594 0.95 0.0328125 0.025 0.000186739
1 0.427344 0.0015625 0.0234375 0.003125 0.000191355
3 0.84375 0.272656 0.028125 0.0640625 0.000194464
1 0.283594 0.0203125 0.0515625 0.01875 0.000195589
3 0.839844 0.258594 0.0296875 0.0328125 0.000200743
0 0.613281 0.68125 0.0328125 0.025 0.000202143
1 0.405469 0.0015625 0.0203125 0.003125 0.000207156
1 0.591406 0.0015625 0.0328125 0.003125 0.000207707
0 0.610156 0.853125 0.0328125 0.021875 0.000210377
2 0.0195312 0.725781 0.0390625 0.107813 0.000211958
1 0.835938 0.00546875 0.0375 0.0109375 0.000224373
0 0.607813 0.933594 0.034375 0.0265625 0.00022885
2 0.142969 0.915625 0.107813 0.109375 0.000234825
1 0.51875 0.0015625 0.034375 0.003125 0.000241712
0 0.607813 0.913281 0.034375 0.0265625 0.000245853
0 0.614844 0.642969 0.0328125 0.0265625 0.000252997
0 0.608594 0.879687 0.0640625 0.0625 0.000273792
0 0.623438 0.49375 0.034375 0.03125 0.000293868
0 0.61875 0.638281 0.065625 0.0390625 0.000311862
1 0.449219 0.00234375 0.0234375 0.0046875 0.000335768
0 0.609375 0.874219 0.034375 0.0265625 0.000343298
0 0.610937 0.836719 0.03125 0.0265625 0.000350663
0 0.611719 0.797656 0.0328125 0.0265625 0.00036596
1 0.607031 0.989844 0.0359375 0.0203125 0.000380244
0 0.607031 0.989062 0.0359375 0.021875 0.000405276
0 0.626562 0.472656 0.034375 0.0296875 0.000410321
2 0.0179687 0.678125 0.0359375 0.090625 0.000426848
1 0.557813 0.00078125 0.034375 0.0015625 0.000431276
1 0.184375 0.18125 0.03125 0.0125 0.000433719
1 0.846875 0.0117188 0.078125 0.0234375 0.000433772
0 0.614844 0.666406 0.0390625 0.0328125 0.000441506
1 0.485156 0.00078125 0.0328125 0.0015625 0.00050069
1 0.695312 0.003125 0.021875 0.00625 0.000504329
3 0.698438 0.420312 0.0375 0.021875 0.000529346
0 0.613281 0.760156 0.0328125 0.0265625 0.000567917
1 0.677344 0.00234375 0.0234375 0.0046875 0.000577757
0 0.608594 0.898438 0.0453125 0.03125 0.000636803
1 0.6 0.00234375 0.025 0.0046875 0.000653768
0 0.610156 0.796875 0.0640625 0.046875 0.000668087
1 0.657031 0.00234375 0.0234375 0.0046875 0.00067926
0 0.610156 0.860156 0.0453125 0.0296875 0.000700238
0 0.617969 0.604688 0.0328125 0.028125 0.000733101
3 0.733594 0.421875 0.0328125 0.05 0.000745773
0 0.6125 0.782031 0.0375 0.0328125 0.000758077
1 0.502344 0.00234375 0.0234375 0.0046875 0.000773149
0 0.610937 0.822656 0.0375 0.0328125 0.000786126
1 0.622656 0.00234375 0.0234375 0.0046875 0.000792496
1 0.580469 0.00234375 0.0234375 0.0046875 0.000836771
1 0.526563 0.00234375 0.025 0.0046875 0.00087287
0 0.613281 0.721875 0.0328125 0.025 0.000881404
0 0.614062 0.709375 0.0375 0.03125 0.00091932
1 0.6375 0.00234375 0.025 0.0046875 0.000960152
0 0.611719 0.725781 0.0609375 0.0453125 0.00098267
0 0.616406 0.625781 0.0359375 0.0328125 0.00101638
0 0.6125 0.74375 0.040625 0.028125 0.00114557
1 0.46875 0.00234375 0.025 0.0046875 0.00121717
1 0.545313 0.00234375 0.025 0.0046875 0.0014375
1 0.486719 0.00234375 0.0234375 0.0046875 0.00156464
0 0.61875 0.563281 0.03125 0.0265625 0.00158815
0 0.61875 0.592969 0.0375 0.0296875 0.00172037
1 0.560938 0.00234375 0.025 0.0046875 0.0017236
0 0.619531 0.521094 0.0359375 0.0265625 0.00458461
0 0.61875 0.539062 0.03125 0.021875 0.0103194
1 0.60625 0.996094 0.028125 0.0078125 0.100947
3 0.702344 0.408594 0.0296875 0.0328125 0.312208
3 0.719531 0.417969 0.0171875 0.0265625 0.74402
0 0.620313 0.529688 0.03125 0.025 0.754148
2 0.701563 0.408594 0.03125 0.0328125 0.825571
