3 0.842969 0.435156 0.0578125 0.0421875 0.000100107
1 0.257812 0.021875 0.04375 0.03125 0.000101278
1 0.835156 0.0203125 0.0515625 0.009375 0.000101861
2 0.146875 0.227344 0.046875 0.0828125 0.000102163
1 0.945312 0.0203125 0.05625 0.021875 0.0001023
3 0.845312 0.401563 0.025 0.0625 0.000103354
2 0.853906 0.117188 0.0359375 0.059375 0.000103418
1 0.183594 0.178906 0.0296875 0.0140625 0.000105627
1 0.178125 0.321875 0.0375 0.021875 0.000107588
1 0.214062 0.167187 0.046875 0.03125 0.000110919
2 0.88125 0.213281 0.028125 0.0671875 0.000111076
3 0.85 0.190625 0.03125 0.0625 0.000111349
3 0.842969 0.433594 0.0265625 0.0640625 0.00011137
0 0.574219 0.751562 0.0859375 0.08125 0.000113049
1 0.872656 0.0210938 0.0515625 0.0109375 0.000115213
1 0.605469 0.992969 0.0328125 0.0140625 0.00011932
1 0.132031 0.353906 0.0484375 0.0578125 0.00012179
1 0.913281 0.983594 0.0546875 0.0328125 0.000122251
2 0.1375 0.525781 0.084375 0.0828125 0.000124764
1 0.763281 0.00390625 0.0328125 0.0078125 0.000126338
1 0.896094 0.0171875 0.104687 0.034375 0.00012927
3 0.842969 0.415625 0.0921875 0.103125 0.000129738
3 0.885938 0.973437 0.040625 0.025 0.000132856
2 0.88125 0.113281 0.0375 0.0703125 0.000135994
1 0.510156 0.00625 0.0953125 0.0125 0.000140459
0 0.602344 0.913281 0.0359375 0.0265625 0.000140857
1 0.132031 0.280469 0.0484375 0.0578125 0.000145325
1 0.711719 0.00234375 0.0328125 0.0046875 0.000145655
0 0.6 0.894531 0.034375 0.0265625 0.000148163
2 0.889844 0.110937 0.0328125 0.03125 0.00014997
0 0.599219 0.876562 0.0546875 0.040625 0.000150074
3 0.859375 0.0960938 0.1 0.0984375 0.000150665
1 0.583594 0.00625 0.0921875 0.0125 0.000151904
1 0.0664062 0.08125 0.0359375 0.06875 0.000152731
1 0.184375 0.257031 0.021875 0.0109375 0.000153751
1 0.442187 0.0015625 0.034375 0.003125 0.000154198
1 0.667969 0.0015625 0.0328125 0.003125 0.00015487
0 0.603906 0.93125 0.0359375 0.025 0.000160698
2 0.888281 0.124219 0.0328125 0.0328125 0.000162288
1 0.133594 0.975 0.0484375 0.05 0.000181488
1 0.284375 0.0203125 0.05625 0.01875 0.000187872
1 0.872656 0.00703125 0.0421875 0.0140625 0.0001913
1 0.305469 0.0140625 0.104687 0.028125 0.000196201
1 0.184375 0.236719 0.021875 0.0109375 0.000196205
1 0.132031 0.320312 0.0484375 0.05625 0.000196453
1 0.408594 0.0015625 0.0234375 0.003125 0.000200238
1 0.597656 0.0015625 0.0328125 0.003125 0.000200718
2 0.0195312 0.732031 0.0390625 0.104687 0.000212502
2 0.141406 0.91875 0.110937 0.1125 0.000216135
0 0.571875 0.636719 0.053125 0.0359375 0.000238782
0 0.582812 0.746875 0.0375 0.028125 0.000240461
0 0.60625 0.903906 0.046875 0.0328125 0.00025417
1 0.930469 0.103125 0.0328125 0.0625 0.000257024
1 0.554688 0.0015625 0.034375 0.003125 0.000258268
0 0.564062 0.626562 0.0375 0.025 0.000268755
1 0.482812 0.00078125 0.034375 0.0015625 0.000272941
0 0.608594 0.980469 0.0328125 0.0234375 0.000277309
1 0.835938 0.00625 0.040625 0.0125 0.00028627
1 0.694531 0.003125 0.0234375 0.00625 0.000287569
1 0.523438 0.0015625 0.034375 0.003125 0.000294032
1 0.426562 0.00234375 0.025 0.0046875 0.000295263
1 0.633594 0.0015625 0.0328125 0.003125 0.000297278
0 0.597656 0.873438 0.0328125 0.025 0.00032688
1 0.446875 0.00234375 0.025 0.0046875 0.000350732
0 0.604688 0.864844 0.046875 0.0296875 0.00036861
1 0.676562 0.00234375 0.025 0.0046875 0.000369877
0 0.592188 0.8 0.03125 0.03125 0.000387448
3 0.875 0.214062 0.08125 0.1 0.000395725
2 0.01875 0.683594 0.0375 0.0859375 0.000479414
0 0.596875 0.855469 0.03125 0.0265625 0.000542131
1 0.846094 0.0125 0.0796875 0.025 0.000581395
0 0.575 0.672656 0.046875 0.0359375 0.000596003
1 0.467187 0.00234375 0.025 0.0046875 0.000625041
0 0.577344 0.721094 0.0359375 0.0234375 0.000649332
1 0.657031 0.00234375 0.0234375 0.0046875 0.000650695
1 0.50625 0.00234375 0.025 0.0046875 0.000714108
0 0.576563 0.703906 0.034375 0.0265625 0.000746456
0 0.567969 0.649219 0.0359375 0.0265625 0.000776831
1 0.583594 0.00234375 0.0265625 0.0046875 0.000778972
1 0.485938 0.00234375 0.025 0.0046875 0.000788694
0 0.575 0.685156 0.034375 0.0265625 0.000801046
0 0.571875 0.664062 0.034375 0.025 0.000861553
1 0.560156 0.00234375 0.0265625 0.0046875 0.000910301
0 0.595312 0.835938 0.03125 0.028125 0.000958464
1 0.620313 0.00234375 0.025 0.0046875 0.000994896
0 0.59375 0.817187 0.03125 0.028125 0.00113751
1 0.603125 0.00234375 0.025 0.0046875 0.00119286
1 0.639063 0.00234375 0.025 0.0046875 0.00123959
1 0.526563 0.00234375 0.025 0.0046875 0.00139435
1 0.542969 0.00234375 0.0265625 0.0046875 0.00147912
3 0.516406 0.432031 0.0328125 0.0109375 0.00599188
0 0.5875 0.78125 0.03125 0.021875 0.00664145
0 0.583594 0.757812 0.0328125 0.028125 0.013121
3 0.519531 0.446875 0.0328125 0.015625 0.0318269
0 0.610156 0.994531 0.0296875 0.0109375 0.107656
3 0.525781 0.471875 0.0328125 0.021875 0.438543
0 0.585156 0.767187 0.0328125 0.025 0.732552
3 0.516406 0.438281 0.0296875 0.0109375 0.74302
2 0.525 0.472656 0.034375 0.0203125 0.870861
