3 0.883594 0.926562 0.0359375 0.0625 0.000105308
1 0.4 0.0015625 0.034375 0.003125 0.000106363
3 0.240625 0.295312 0.046875 0.028125 0.000108764
1 0.872656 0.0210938 0.0515625 0.0109375 0.000109418
0 0.410156 0.838281 0.0453125 0.0515625 0.000110353
3 0.851562 0.932031 0.0625 0.0421875 0.000111377
0 0.577344 0.707031 0.0359375 0.0609375 0.000111629
1 0.183594 0.180469 0.0328125 0.0140625 0.00011335
0 0.572656 0.671875 0.0359375 0.053125 0.000113983
1 0.184375 0.235938 0.025 0.0125 0.000114667
2 0.88125 0.263281 0.034375 0.0703125 0.000114905
1 0.141406 0.985937 0.0453125 0.021875 0.000115848
0 0.577344 0.707812 0.0671875 0.040625 0.000117828
3 0.864844 0.236719 0.0796875 0.104687 0.000118314
3 0.450781 0.623438 0.0265625 0.053125 0.000119478
0 0.613281 0.716406 0.0359375 0.0609375 0.00011951
3 0.851562 0.930469 0.03125 0.0609375 0.000119724
2 0.065625 0.0804688 0.0375 0.0671875 0.000123111
1 0.896875 0.0171875 0.10625 0.034375 0.000123188
3 0.878125 0.945312 0.01875 0.040625 0.000132753
3 0.842188 0.353125 0.025 0.028125 0.000135045
0 0.522656 0.603125 0.0546875 0.04375 0.000135166
3 0.484375 0.567969 0.046875 0.0265625 0.000135877
2 0.853125 0.115625 0.0375 0.0625 0.00013641
1 0.132031 0.351562 0.0484375 0.05625 0.000138889
3 0.859375 0.09375 0.103125 0.1 0.000139038
1 0.179688 0.138281 0.0375 0.0453125 0.000139738
1 0.763281 0.003125 0.0328125 0.00625 0.000140405
3 0.885156 0.96875 0.0390625 0.025 0.00014539
0 0.617188 0.932813 0.034375 0.025 0.000147339
3 0.820312 0.816406 0.03125 0.0296875 0.000150179
3 0.878906 0.946875 0.0359375 0.028125 0.000152667
2 0.138281 0.917188 0.110937 0.1125 0.000152686
1 0.710156 0.00234375 0.0328125 0.0046875 0.000154543
1 0.445312 0.0015625 0.034375 0.003125 0.000155754
2 0.889063 0.1125 0.034375 0.03125 0.000156074
1 0.133594 0.973437 0.0484375 0.053125 0.000158569
3 0.878125 0.289844 0.084375 0.104687 0.000161988
0 0.619531 0.989062 0.0328125 0.021875 0.000165134
1 0.910156 0.984375 0.0515625 0.03125 0.000177316
1 0.285156 0.0203125 0.0546875 0.01875 0.000178597
1 0.528125 0.626562 0.053125 0.028125 0.000178799
1 0.579687 0.00546875 0.090625 0.0109375 0.000180584
1 0.635156 0.0015625 0.0328125 0.003125 0.000181434
1 0.13125 0.317187 0.05 0.059375 0.000183942
1 0.510938 0.00546875 0.090625 0.0109375 0.000186025
1 0.407813 0.0015625 0.021875 0.003125 0.000187783
0 0.567187 0.667188 0.034375 0.021875 0.000189948
3 0.883594 0.935938 0.0890625 0.090625 0.000190829
1 0.184375 0.258594 0.025 0.0109375 0.000205465
2 0.0195312 0.730469 0.0390625 0.104687 0.000207037
3 0.842188 0.907812 0.028125 0.03125 0.000207997
1 0.872656 0.00703125 0.0421875 0.0140625 0.000211548
0 0.586719 0.677344 0.0609375 0.0359375 0.000216231
0 0.5875 0.705469 0.034375 0.0265625 0.000237931
2 0.484375 0.56875 0.034375 0.034375 0.000239121
0 0.616406 0.913281 0.0328125 0.0265625 0.000241449
1 0.428125 0.0015625 0.025 0.003125 0.000247368
2 0.453125 0.596875 0.071875 0.075 0.000248559
1 0.694531 0.00234375 0.0234375 0.0046875 0.000254526
1 0.928906 0.102344 0.0328125 0.0609375 0.000260599
0 0.578125 0.684375 0.0375 0.021875 0.000265286
1 0.592188 0.0015625 0.034375 0.003125 0.000266729
0 0.599219 0.716406 0.0609375 0.0390625 0.000267607
1 0.300781 0.0140625 0.101562 0.028125 0.000269815
1 0.836719 0.00625 0.0390625 0.0125 0.000288816
1 0.521094 0.00078125 0.0359375 0.0015625 0.000289
1 0.448438 0.0015625 0.025 0.003125 0.000346538
1 0.484375 0.00078125 0.034375 0.0015625 0.00037478
0 0.336719 0.654688 0.0734375 0.078125 0.000377833
1 0.557813 0.00078125 0.034375 0.0015625 0.000385461
0 0.597656 0.725781 0.0359375 0.0265625 0.000412606
2 0.0179687 0.68125 0.0359375 0.084375 0.000504972
1 0.848437 0.0125 0.08125 0.025 0.000529963
0 0.604688 0.761719 0.034375 0.0265625 0.000538501
1 0.467187 0.00234375 0.025 0.0046875 0.000565026
1 0.675 0.00234375 0.025 0.0046875 0.000569945
0 0.6 0.742969 0.034375 0.0265625 0.000577762
1 0.621875 0.00234375 0.025 0.0046875 0.000595097
1 0.639063 0.00234375 0.025 0.0046875 0.000649791
0 0.614062 0.832812 0.0375 0.025 0.000704357
1 0.658594 0.00234375 0.0265625 0.0046875 0.000773572
1 0.503906 0.00234375 0.0265625 0.0046875 0.000779647
1 0.6 0.00234375 0.025 0.0046875 0.000785114
1 0.58125 0.00234375 0.025 0.0046875 0.000819704
0 0.616406 0.875 0.0328125 0.025 0.000885989
0 0.616406 0.898438 0.0359375 0.03125 0.000941769
1 0.525 0.00234375 0.025 0.0046875 0.00100095
3 0.441406 0.563281 0.0171875 0.0265625 0.00103561
1 0.4875 0.00234375 0.025 0.0046875 0.00115174
0 0.6125 0.794531 0.034375 0.0296875 0.00116476
0 0.615625 0.85625 0.03125 0.025 0.0011794
1 0.546094 0.00234375 0.0265625 0.0046875 0.00119533
1 0.561719 0.00234375 0.0265625 0.0046875 0.00170119
0 0.613281 0.803125 0.0453125 0.03125 0.00298082
2 0.466406 0.574219 0.0421875 0.0515625 0.00387307
3 0.467969 0.574219 0.0296875 0.0328125 0.00600764
0 0.614062 0.817969 0.03125 0.0203125 0.0117334
1 0.620313 0.996094 0.028125 0.0078125 0.0832438
3 0.475 0.580469 0.03125 0.0328125 0.436797
0 0.6125 0.809375 0.03125 0.025 0.74965
3 0.449219 0.5625 0.0203125 0.021875 0.765594
2 0.475 0.580469 0.03125 0.0328125 0.924027
