1 0.940625 0.01875 0.10625 0.0375 0.000101475
1 0.140625 0.984375 0.04375 0.021875 0.000101964
3 0.841406 0.871094 0.0296875 0.0328125 0.000101988
3 0.85625 0.0953125 0.103125 0.1 0.000103233
1 0.944531 0.0203125 0.0546875 0.021875 0.000103784
0 0.579687 0.69375 0.078125 0.08125 0.000105914
1 0.835938 0.0203125 0.05 0.009375 0.000107466
3 0.871094 0.149219 0.0921875 0.107813 0.00010842
1 0.871875 0.0203125 0.05 0.009375 0.000108631
1 0.7625 0.003125 0.034375 0.00625 0.000109477
1 0.13125 0.282031 0.05 0.0640625 0.000109996
0 0.560938 0.5875 0.0375 0.025 0.000111483
3 0.333594 0.141406 0.0390625 0.0515625 0.00011964
0 0.609375 0.826563 0.03125 0.059375 0.000120843
1 0.184375 0.257812 0.025 0.009375 0.000121542
1 0.175781 0.291406 0.0453125 0.0359375 0.000123036
1 0.528125 0.99375 0.071875 0.0125 0.000125426
1 0.132031 0.355469 0.0484375 0.0578125 0.000127632
2 0.517969 0.466406 0.0328125 0.0234375 0.000131209
0 0.608594 0.828906 0.0609375 0.0390625 0.000132448
1 0.669531 0.0015625 0.0328125 0.003125 0.000137095
1 0.509375 0.00625 0.09375 0.0125 0.000138002
1 0.213281 0.167969 0.0453125 0.0296875 0.000138506
1 0.177344 0.321875 0.0359375 0.021875 0.000139949
0 0.600781 0.950781 0.0328125 0.0265625 0.000143652
1 0.18125 0.139062 0.034375 0.04375 0.000146865
1 0.710938 0.00234375 0.03125 0.0046875 0.000153069
1 0.897656 0.0164062 0.101562 0.0328125 0.000154595
1 0.403125 0.00078125 0.034375 0.0015625 0.000156781
1 0.132031 0.31875 0.0484375 0.05625 0.000158726
1 0.133594 0.973437 0.0484375 0.053125 0.00016073
2 0.140625 0.920313 0.1125 0.1125 0.000163925
1 0.528125 0.413281 0.046875 0.0140625 0.000168473
3 0.534375 0.475781 0.03125 0.0171875 0.000173776
0 0.604688 0.864062 0.03125 0.046875 0.000174579
1 0.585156 0.00546875 0.0890625 0.0109375 0.000179444
1 0.0648438 0.0804688 0.0359375 0.0640625 0.000179557
1 0.185156 0.235938 0.0234375 0.0125 0.000184129
0 0.603125 0.989844 0.034375 0.0203125 0.000196383
3 0.509375 0.426562 0.034375 0.015625 0.000200214
1 0.928125 0.102344 0.03125 0.0609375 0.000201352
0 0.564844 0.609375 0.0390625 0.025 0.000204124
1 0.871875 0.00625 0.040625 0.0125 0.000220629
0 0.596094 0.875 0.0328125 0.025 0.000224278
0 0.56875 0.628125 0.0375 0.021875 0.000230304
1 0.409375 0.0015625 0.021875 0.003125 0.00023197
0 0.596875 0.896094 0.03125 0.0265625 0.000238784
0 0.599219 0.930469 0.0328125 0.0265625 0.00025136
0 0.601562 0.874219 0.053125 0.0390625 0.000256865
0 0.584375 0.823438 0.028125 0.046875 0.000264423
1 0.482812 0.00078125 0.034375 0.0015625 0.000277831
2 0.01875 0.73125 0.0375 0.103125 0.00028007
1 0.285937 0.0203125 0.053125 0.01875 0.000281835
1 0.302344 0.0140625 0.101562 0.028125 0.000284361
1 0.521875 0.00078125 0.034375 0.0015625 0.00028462
3 0.875781 0.2125 0.0828125 0.1 0.00030533
1 0.8375 0.00625 0.0375 0.0125 0.000310771
0 0.597656 0.910937 0.0328125 0.025 0.000314168
1 0.427344 0.00234375 0.0234375 0.0046875 0.00031518
1 0.598437 0.0015625 0.034375 0.003125 0.000328821
0 0.604688 0.904688 0.046875 0.03125 0.000338576
0 0.582031 0.723437 0.0328125 0.028125 0.000347365
1 0.557813 0.00078125 0.034375 0.0015625 0.000368468
0 0.579687 0.703125 0.034375 0.025 0.000381794
0 0.573438 0.635938 0.046875 0.034375 0.000397405
0 0.595312 0.855469 0.03125 0.0265625 0.000428985
1 0.696094 0.00234375 0.0234375 0.0046875 0.000449541
1 0.446875 0.0015625 0.025 0.003125 0.000466009
0 0.574219 0.670313 0.0546875 0.034375 0.000478735
1 0.675781 0.00234375 0.0234375 0.0046875 0.000482455
1 0.592969 0.99375 0.0359375 0.0125 0.00048344
1 0.658594 0.00234375 0.0234375 0.0046875 0.000509348
1 0.466406 0.0015625 0.0234375 0.003125 0.000557725
2 0.0179687 0.683594 0.0359375 0.0828125 0.00056646
1 0.847656 0.0117188 0.0765625 0.0234375 0.000597998
1 0.578906 0.00234375 0.0265625 0.0046875 0.000711412
0 0.576563 0.684375 0.034375 0.025 0.000718672
0 0.574219 0.665625 0.0359375 0.025 0.000760581
0 0.59375 0.835156 0.03125 0.0265625 0.000771294
1 0.4875 0.00234375 0.025 0.0046875 0.000803123
0 0.571875 0.647656 0.034375 0.0265625 0.000857965
1 0.50625 0.00234375 0.025 0.0046875 0.000912158
1 0.525 0.00234375 0.025 0.0046875 0.00103541
1 0.603125 0.00234375 0.025 0.0046875 0.00106966
1 0.635938 0.00234375 0.025 0.0046875 0.00111104
0 0.589844 0.792188 0.0328125 0.025 0.00113686
1 0.621875 0.00234375 0.025 0.0046875 0.00114647
1 0.54375 0.00234375 0.025 0.0046875 0.00116008
0 0.592188 0.822656 0.028125 0.0296875 0.00117463
1 0.5625 0.00234375 0.025 0.0046875 0.00140846
0 0.585156 0.748438 0.0328125 0.028125 0.00183051
3 0.515625 0.422656 0.0375 0.0109375 0.00763175
0 0.588281 0.771875 0.0328125 0.021875 0.0218117
1 0.603125 0.996094 0.028125 0.0078125 0.0612515
3 0.527344 0.460938 0.0359375 0.021875 0.3543
3 0.51875 0.425781 0.03125 0.0109375 0.715877
0 0.585938 0.761719 0.03125 0.0234375 0.749398
2 0.527344 0.460938 0.0359375 0.021875 0.881109
