1 0.178125 0.983594 0.0375 0.0171875 0.000100222
0 0.897656 0.796094 0.0484375 0.0546875 0.000100377
1 0.175781 0.325781 0.0390625 0.0296875 0.000100834
1 0.7625 0.003125 0.034375 0.00625 0.000107108
0 0.876562 0.792969 0.06875 0.0453125 0.000115601
1 0.183594 0.217969 0.0265625 0.0140625 0.00011635
2 0.853125 0.115625 0.0375 0.0625 0.000118394
1 0.133594 0.971875 0.0484375 0.05625 0.000122487
1 0.13125 0.352344 0.046875 0.0609375 0.000126894
0 0.646094 0.784375 0.0359375 0.05 0.000127775
1 0.710156 0.0015625 0.0328125 0.003125 0.000131928
1 0.183594 0.277344 0.0234375 0.0140625 0.000135073
1 0.896094 0.0171875 0.104687 0.034375 0.000136925
0 0.876562 0.792188 0.034375 0.065625 0.000139305
0 0.625 0.755469 0.034375 0.0265625 0.000148332
1 0.130469 0.315625 0.0484375 0.0625 0.000159663
1 0.507812 0.00625 0.09375 0.0125 0.000160175
1 0.871875 0.0210938 0.046875 0.0140625 0.000161581
2 0.888281 0.114063 0.0359375 0.03125 0.000165266
0 0.610937 0.950781 0.034375 0.0265625 0.000167865
2 0.142969 0.914062 0.107813 0.109375 0.000176098
1 0.184375 0.257031 0.025 0.0140625 0.000178204
3 0.858594 0.0945313 0.101562 0.0984375 0.000179136
2 0.879687 0.114063 0.0375 0.06875 0.000180803
1 0.183594 0.180469 0.0328125 0.0140625 0.00018255
0 0.644531 0.730469 0.0390625 0.0421875 0.00018385
1 0.183594 0.160938 0.0328125 0.0125 0.000184084
1 0.284375 0.0203125 0.053125 0.01875 0.000189373
1 0.9125 0.985937 0.05 0.028125 0.000205764
1 0.584375 0.00546875 0.0875 0.0109375 0.000205985
1 0.404687 0.00078125 0.034375 0.0015625 0.000209393
2 0.0203125 0.721875 0.040625 0.109375 0.000210167
1 0.63125 0.0015625 0.034375 0.003125 0.000212493
1 0.184375 0.235938 0.021875 0.0125 0.000214834
1 0.872656 0.00703125 0.0421875 0.0140625 0.00021505
1 0.671094 0.0015625 0.0328125 0.003125 0.000216885
1 0.410156 0.0015625 0.0234375 0.003125 0.00023184
3 0.778125 0.732031 0.028125 0.0234375 0.00023201
1 0.298438 0.0132813 0.103125 0.0265625 0.000237124
3 0.877344 0.289844 0.0828125 0.0984375 0.000238952
3 0.875 0.2125 0.084375 0.103125 0.000252637
1 0.595312 0.0015625 0.034375 0.003125 0.000256479
1 0.929688 0.101562 0.03125 0.0625 0.000265979
1 0.482812 0.00078125 0.034375 0.0015625 0.000273197
0 0.626562 0.779688 0.04375 0.028125 0.000291862
1 0.695312 0.003125 0.025 0.00625 0.000295478
1 0.836719 0.00625 0.0390625 0.0125 0.000308292
1 0.607813 0.989844 0.034375 0.0203125 0.000328398
1 0.426562 0.00234375 0.025 0.0046875 0.000328653
1 0.521875 0.00078125 0.034375 0.0015625 0.000329536
1 0.559375 0.00078125 0.034375 0.0015625 0.000333104
0 0.876562 0.814062 0.090625 0.1 0.000387802
0 0.613281 0.914062 0.0328125 0.028125 0.000392378
1 0.448438 0.0015625 0.025 0.003125 0.000406753
0 0.611719 0.932031 0.0328125 0.0265625 0.000408282
0 0.628125 0.8125 0.053125 0.046875 0.000507921
1 0.848437 0.0125 0.08125 0.025 0.000542917
2 0.0171875 0.677344 0.034375 0.0890625 0.000604596
1 0.657812 0.00234375 0.025 0.0046875 0.000615782
1 0.467187 0.00234375 0.025 0.0046875 0.000673353
1 0.676562 0.00234375 0.025 0.0046875 0.000767725
0 0.620313 0.869531 0.05625 0.0359375 0.000823879
1 0.485938 0.00234375 0.025 0.0046875 0.000839298
0 0.625 0.799219 0.034375 0.0296875 0.00085721
1 0.638281 0.00234375 0.0265625 0.0046875 0.000864531
0 0.622656 0.849219 0.0546875 0.0359375 0.000901967
1 0.507812 0.00234375 0.025 0.0046875 0.000906556
0 0.7625 0.771875 0.0625 0.071875 0.000931995
1 0.61875 0.00234375 0.025 0.0046875 0.000945908
1 0.563281 0.00234375 0.0265625 0.0046875 0.00102373
1 0.544531 0.00234375 0.0265625 0.0046875 0.0011637
1 0.525 0.00234375 0.025 0.0046875 0.00118639
0 0.614844 0.892969 0.0359375 0.0328125 0.00124197
1 0.600781 0.00234375 0.0265625 0.0046875 0.00130325
1 0.582031 0.00234375 0.0265625 0.0046875 0.00131636
0 0.615625 0.874219 0.03125 0.0265625 0.00141738
0 0.619531 0.836719 0.0328125 0.0265625 0.0019693
0 0.620313 0.828125 0.040625 0.03125 0.00254433
0 0.617969 0.855469 0.0328125 0.0296875 0.00474578
0 0.632812 0.733594 0.0375 0.0296875 0.00614913
0 0.628125 0.764844 0.034375 0.0265625 0.0108787
1 0.607813 0.996094 0.028125 0.0078125 0.127434
3 0.766406 0.705469 0.0359375 0.0328125 0.39659
0 0.630469 0.746875 0.0359375 0.025 0.713416
3 0.786719 0.728906 0.0234375 0.0234375 0.742678
2 0.766406 0.704687 0.0359375 0.034375 0.875777
