1 0.872656 0.0203125 0.0328125 0.021875 0.000101826
2 0.129688 0.3875 0.046875 0.065625 0.000102877
3 0.885938 0.976562 0.04375 0.025 0.000104732
1 0.184375 0.139062 0.034375 0.015625 0.000108979
2 0.672656 0.671875 0.0265625 0.053125 0.000112867
3 0.339063 0.138281 0.04375 0.0484375 0.000115463
1 0.213281 0.171094 0.0484375 0.0328125 0.000118099
0 0.608594 0.977344 0.0359375 0.0265625 0.00012138
3 0.861719 0.166406 0.0671875 0.0953125 0.000123638
1 0.133594 0.971094 0.0484375 0.0578125 0.000125455
1 0.873438 0.0203125 0.05 0.009375 0.000129895
3 0.364844 0.128125 0.0484375 0.05 0.000133879
3 0.878125 0.286719 0.0875 0.104687 0.000134642
1 0.758594 0.003125 0.0328125 0.00625 0.000135183
1 0.403125 0.0015625 0.034375 0.003125 0.00013584
1 0.130469 0.350781 0.0484375 0.0609375 0.000139362
1 0.9125 0.985156 0.053125 0.0296875 0.000150557
1 0.578125 0.00625 0.090625 0.0125 0.000152367
1 0.896875 0.0171875 0.10625 0.034375 0.000153523
2 0.142969 0.9125 0.107813 0.109375 0.000178698
1 0.184375 0.255469 0.025 0.0140625 0.000184236
3 0.68125 0.710156 0.028125 0.0234375 0.000187772
1 0.184375 0.217969 0.028125 0.0140625 0.000191437
1 0.130469 0.315625 0.0484375 0.059375 0.000192817
1 0.509375 0.00625 0.090625 0.0125 0.000194014
1 0.184375 0.2375 0.025 0.0125 0.000198782
1 0.709375 0.00234375 0.034375 0.0046875 0.000199737
1 0.930469 0.102344 0.0328125 0.0640625 0.000202284
3 0.860156 0.13125 0.0328125 0.03125 0.000202476
2 0.875781 0.116406 0.0703125 0.0484375 0.000210018
2 0.0195312 0.727344 0.0390625 0.107813 0.000212395
3 0.364844 0.108594 0.0328125 0.0484375 0.000213391
3 0.874219 0.2125 0.0859375 0.103125 0.000216546
1 0.483594 0.00078125 0.0359375 0.0015625 0.000227608
1 0.3 0.0148437 0.10625 0.0296875 0.00023011
1 0.872656 0.00625 0.0421875 0.0125 0.000231382
0 0.609375 0.854688 0.03125 0.025 0.000235391
2 0.875 0.116406 0.040625 0.0296875 0.000237844
3 0.365625 0.110156 0.059375 0.0296875 0.000238408
0 0.609375 0.914844 0.034375 0.0265625 0.000238686
3 0.355469 0.120312 0.0296875 0.025 0.000251716
1 0.284375 0.0203125 0.05625 0.021875 0.00026174
1 0.410156 0.00234375 0.0234375 0.0046875 0.000266301
1 0.595312 0.00078125 0.034375 0.0015625 0.000268271
0 0.609375 0.95 0.034375 0.028125 0.000271968
0 0.605469 0.877344 0.0578125 0.0453125 0.000300766
1 0.8375 0.00625 0.0375 0.0125 0.000305476
1 0.553906 0.0015625 0.0359375 0.003125 0.000318334
0 0.609375 0.933594 0.034375 0.0265625 0.000329557
2 0.875 0.115625 0.0375 0.06875 0.000334151
0 0.609375 0.875 0.034375 0.028125 0.000336969
3 0.85625 0.101562 0.096875 0.09375 0.000397889
3 0.357031 0.113281 0.0296875 0.0109375 0.000419905
1 0.428125 0.00234375 0.025 0.0046875 0.000432998
1 0.523438 0.00078125 0.034375 0.0015625 0.000446494
0 0.610937 0.730469 0.034375 0.0296875 0.000453211
2 0.0179687 0.68125 0.0359375 0.0875 0.000461336
1 0.445312 0.00234375 0.025 0.0046875 0.00050854
1 0.466406 0.00234375 0.0265625 0.0046875 0.000512504
1 0.696875 0.003125 0.025 0.00625 0.000514381
1 0.675 0.00234375 0.025 0.0046875 0.000526994
1 0.850781 0.0117188 0.0796875 0.0234375 0.000619461
1 0.620313 0.00234375 0.025 0.0046875 0.000652189
1 0.639844 0.00234375 0.0265625 0.0046875 0.000702085
1 0.582812 0.00234375 0.025 0.0046875 0.000747154
1 0.488281 0.00234375 0.0265625 0.0046875 0.000762574
0 0.608594 0.898438 0.0453125 0.03125 0.000781402
1 0.353906 0.113281 0.0421875 0.0234375 0.000821814
1 0.50625 0.00234375 0.025 0.0046875 0.0008919
0 0.608594 0.836719 0.0328125 0.0296875 0.000915999
1 0.659375 0.00234375 0.025 0.0046875 0.000956675
0 0.610156 0.863281 0.0390625 0.0328125 0.000973051
1 0.600781 0.00234375 0.0265625 0.0046875 0.00102812
3 0.853125 0.116406 0.0375 0.0515625 0.00116215
1 0.560156 0.00234375 0.0265625 0.0046875 0.00117838
1 0.542969 0.00234375 0.0265625 0.0046875 0.00124812
0 0.607813 0.741406 0.034375 0.0265625 0.00131756
0 0.608594 0.815625 0.0328125 0.028125 0.00154314
0 0.610156 0.989062 0.0328125 0.021875 0.00161238
1 0.525 0.00234375 0.025 0.0046875 0.00181744
3 0.85625 0.115625 0.03125 0.028125 0.00263707
3 0.667188 0.700781 0.040625 0.0296875 0.00448831
0 0.607813 0.791406 0.03125 0.0234375 0.00534751
3 0.695312 0.713281 0.021875 0.0265625 0.0118785
0 0.607031 0.765625 0.0359375 0.03125 0.0148573
0 0.608594 0.994531 0.0296875 0.0109375 0.0321437
1 0.608594 0.995313 0.0265625 0.009375 0.0678281
3 0.673437 0.688281 0.034375 0.0359375 0.453982
0 0.607813 0.776563 0.03125 0.025 0.712387
3 0.689844 0.707031 0.0234375 0.0234375 0.724249
2 0.672656 0.6875 0.0328125 0.034375 0.843419
